http://icicibank.com/online-services/forex/student-proposition/career-guidance.page
benign
10 9
4 1
4 2
4 5
4 6
4 7
4 3
4 9
4 0
4 8
26 20 0 0 0 0 0 2 0 0 0 0 0 0 0 1 1 1 0 0 1 0 0 17 1 0 0 3 1 0 
54 44 0 0 0 2 0 3 0 0 0 0 0 0 0 1 1 1 0 0 1 0 0 17 2 0 0 3 1 0 
54 45 0 0 0 1 0 3 0 0 0 0 0 0 0 1 1 1 0 0 1 0 0 17 2 0 0 3 1 0 
53 44 0 0 0 1 0 3 0 0 0 0 0 0 0 1 1 1 0 0 1 0 0 17 2 0 0 3 1 0 
83 71 0 0 0 3 0 2 0 0 0 0 0 0 0 0 0 1 0 0 1 0 0 13 4 0 12 3 1 0 
54 45 0 0 0 1 0 3 0 0 0 0 0 0 0 1 1 1 0 0 1 0 0 17 2 0 0 3 1 0 
40 32 0 0 0 0 0 3 0 0 0 0 0 0 0 1 1 1 0 0 1 0 0 17 2 0 0 3 1 0 
85 73 0 0 0 3 0 3 0 0 0 0 0 0 0 1 1 1 0 0 1 0 0 17 3 0 0 3 1 0 
40 34 0 0 0 0 0 2 0 0 0 0 0 0 0 1 1 1 0 0 1 0 0 31 1 0 0 3 1 0 
55 46 0 0 0 1 0 3 0 0 0 0 0 0 0 1 1 1 0 0 1 0 0 17 2 0 0 3 1 0 
