http://www.chleb.info.pl/component/search/index.html?searchword=mieszany&ordering=&searchphrase=all
defacement
10 9
3 7
3 2
3 1
3 5
3 8
3 4
3 9
3 0
3 6
49 40 0 0 0 2 0 3 0 0 0 0 0 0 0 1 0 1 0 0 0 0 0 17 1 0 0 7 1 0 
25 18 0 0 0 0 0 3 0 0 0 0 0 0 0 1 0 1 0 0 0 0 0 17 1 0 0 7 1 0 
67 55 0 0 0 4 0 3 0 0 0 0 0 0 0 1 0 1 0 0 0 0 0 17 2 0 0 7 1 0 
99 83 0 0 1 0 3 4 0 0 0 0 0 0 0 1 0 1 0 0 0 0 0 17 3 0 12 7 1 0 
86 71 0 0 0 6 0 3 0 0 0 0 0 0 0 1 0 1 0 0 0 0 0 17 3 0 0 7 1 0 
85 71 0 0 0 5 0 3 0 0 0 0 0 0 0 1 0 1 0 0 0 0 0 17 3 0 0 7 1 0 
83 69 0 0 0 5 0 3 0 0 0 0 0 0 0 1 0 1 0 0 0 0 0 17 3 0 0 7 1 0 
65 54 0 0 0 3 0 3 0 0 0 0 0 0 0 1 0 1 0 0 0 0 0 17 2 0 0 7 1 0 
84 70 0 0 0 5 0 3 0 0 0 0 0 0 0 1 0 1 0 0 0 0 0 17 3 0 0 7 1 0 
68 57 0 0 0 3 0 3 0 0 0 0 0 0 0 1 0 1 0 0 0 0 0 17 2 0 0 7 1 0 
