http://www.lojasspack.com.br/site/esportes
defacement
10 9
5 0
5 7
5 9
5 6
5 4
5 1
5 2
5 8
5 3
44 35 0 0 0 1 0 3 0 0 0 0 0 0 0 1 1 1 0 0 0 0 0 21 2 0 0 6 1 0 
45 36 0 0 0 1 0 3 0 0 0 0 0 0 0 1 1 1 0 0 0 0 0 21 2 0 0 6 1 0 
30 23 0 0 0 0 0 3 0 0 0 0 0 0 0 1 1 1 0 0 0 0 0 21 1 0 0 6 1 0 
26 9 12 0 0 0 0 1 0 0 0 0 0 0 0 0 1 1 0 0 0 0 0 5 1 0 0 2 1 0 
26 9 12 0 0 0 0 1 0 0 0 0 0 0 0 0 1 1 0 0 0 0 0 5 1 0 0 2 1 0 
42 34 0 0 0 0 0 3 0 0 0 0 0 0 0 1 0 1 0 0 0 0 0 21 2 0 12 6 1 0 
37 30 0 0 0 0 0 2 0 0 0 0 0 0 0 1 1 1 0 0 0 0 0 17 2 0 0 3 1 0 
36 29 0 0 0 0 0 2 0 0 0 0 0 0 0 1 1 1 0 0 0 0 0 16 2 0 0 3 1 0 
39 31 0 0 0 0 0 3 0 0 0 0 0 0 0 1 1 1 0 0 0 0 0 21 2 0 0 6 1 0 
33 26 0 1 0 0 0 2 0 0 0 0 0 0 0 1 1 1 0 0 0 0 0 14 1 0 0 3 1 0 
