https://kippsmart.com
phishing
10 9
0 8
0 1
0 5
0 2
0 7
0 9
0 6
0 4
0 3
21 17 0 0 0 0 0 1 0 0 0 0 0 0 0 0 1 1 0 0 0 0 1 13 0 0 20 3 1 0 
28 22 0 0 0 0 0 2 0 0 0 0 0 0 0 0 0 1 0 0 0 0 0 15 1 0 0 3 1 0 
59 50 0 0 0 2 0 1 0 0 0 0 0 0 0 0 1 1 0 0 0 0 1 13 3 0 0 3 1 0 
39 31 0 0 0 0 0 1 0 0 0 0 0 0 0 0 0 1 0 0 0 0 1 13 4 0 0 3 1 0 
83 70 0 0 0 5 0 1 0 0 0 0 0 0 0 0 1 1 0 0 0 0 1 13 4 0 0 3 1 0 
24 19 0 0 0 0 0 1 0 0 0 0 0 0 0 0 0 1 0 0 0 0 0 11 1 0 0 3 1 0 
78 66 0 0 0 4 0 1 0 0 0 0 0 0 0 0 1 1 0 0 0 0 1 13 4 0 0 3 1 0 
22 17 0 0 0 0 0 1 0 0 0 0 0 0 0 0 1 1 0 0 0 0 1 13 1 0 0 3 1 0 
42 34 0 0 0 0 0 3 0 0 0 0 0 0 0 1 1 1 0 0 0 0 0 16 2 0 0 3 1 0 
103 87 0 0 0 7 0 1 0 0 0 0 0 0 0 0 1 1 0 0 0 0 1 13 5 0 0 3 1 0 
