http://www.eden-health.com/main/index.html
defacement
10 9
2 7
2 5
2 9
2 3
2 4
2 6
2 1
2 8
2 0
39 29 0 0 0 3 0 2 0 0 0 0 0 0 0 1 1 1 0 0 0 0 0 19 2 0 0 3 1 0 
49 39 0 0 0 2 0 2 0 0 0 0 0 0 0 1 1 1 0 0 1 0 0 19 3 0 0 3 1 0 
42 33 0 0 0 1 0 3 0 0 0 0 0 0 0 1 0 1 0 0 0 0 0 19 2 0 11 3 1 0 
58 46 0 0 0 4 0 2 0 0 0 0 0 0 0 1 1 1 0 0 0 0 0 19 3 0 0 3 1 0 
28 21 0 0 0 1 0 2 0 0 0 0 0 0 0 1 1 1 0 0 0 0 0 19 1 0 0 3 1 0 
37 29 0 0 0 1 0 2 0 0 0 0 0 0 0 1 1 1 0 0 1 0 0 19 2 0 0 3 1 0 
57 44 0 0 0 5 0 2 0 0 0 0 0 0 0 1 1 1 0 0 0 0 0 19 3 0 0 3 1 0 
47 37 0 0 0 2 0 2 0 0 0 0 0 0 0 1 1 1 0 0 1 0 0 19 3 0 0 3 1 0 
53 43 0 0 0 2 0 2 0 0 0 0 0 0 0 1 1 1 0 0 1 0 0 19 3 0 0 3 1 0 
48 36 0 0 0 4 0 2 0 0 0 0 0 0 0 1 1 1 0 0 0 0 0 19 3 0 0 3 1 0 
