https://redmondpie.com/jailbreakme-3.0-source-code-download/
benign
10 9
7 5
7 9
7 3
7 0
7 1
7 6
7 8
7 4
7 2
42 34 0 0 0 0 0 2 0 0 0 0 0 0 0 1 1 1 0 0 0 0 0 18 3 0 0 3 1 0 
112 81 8 0 0 12 0 6 0 0 0 0 0 0 0 1 1 1 0 0 1 0 0 18 2 0 0 3 1 0 
80 64 0 0 0 9 0 2 0 0 0 0 0 0 0 1 1 1 0 0 0 0 0 18 2 0 0 3 1 0 
31 26 0 0 0 0 0 1 0 0 0 0 0 0 0 0 1 1 0 0 0 0 0 12 1 0 0 3 1 0 
30 25 0 0 0 0 0 1 0 0 0 0 0 0 0 0 1 1 0 0 0 0 0 11 1 0 0 3 1 0 
32 27 0 0 0 0 0 1 0 0 0 0 0 0 0 0 1 1 0 0 0 0 0 11 1 0 0 3 1 0 
81 63 2 0 0 9 0 2 0 0 0 0 0 0 0 1 1 1 0 0 0 0 0 18 2 0 0 3 1 0 
60 47 2 0 0 4 0 2 0 0 0 0 0 0 0 0 1 1 0 0 0 0 0 14 2 0 18 3 1 0 
26 21 0 0 0 0 0 2 0 0 0 0 0 0 0 1 1 1 0 0 0 0 0 18 0 0 0 3 1 0 
38 33 0 0 0 0 0 1 0 0 0 0 0 0 0 0 1 1 0 0 0 0 0 13 1 0 0 3 1 0 
