https://www.risc.uni-linz.ac.at/about/conferences/snsc01/
phishing
10 9
7 2
7 4
7 9
7 1
7 5
7 3
7 6
9 0
9 8
66 51 2 0 0 1 0 5 0 0 0 0 0 0 0 1 1 1 0 0 0 0 0 23 4 0 0 5 1 0 
35 27 0 1 0 1 0 3 0 0 0 0 0 0 0 0 0 0 0 0 0 0 0 26 0 0 0 5 1 0 
81 66 2 0 0 1 0 5 0 0 0 0 0 0 0 1 1 1 0 0 0 0 0 23 4 0 0 5 1 0 
31 22 0 0 0 1 0 4 0 0 0 0 0 0 0 1 0 1 0 0 0 0 0 23 1 0 0 5 1 0 
35 25 2 1 0 1 0 3 0 0 0 0 0 0 0 0 0 0 0 0 0 0 0 26 0 0 0 5 1 0 
70 55 2 0 0 1 0 5 0 0 0 0 0 0 0 1 1 1 0 0 0 0 0 23 4 0 0 5 1 0 
81 66 2 0 0 1 0 5 0 0 0 0 0 0 0 1 1 1 0 0 0 0 0 23 4 0 0 5 1 0 
57 43 2 0 0 1 0 4 0 0 0 0 0 0 0 1 1 1 0 0 0 0 0 23 4 0 7 5 1 0 
32 21 3 0 0 1 0 4 0 0 0 0 0 0 0 1 0 1 0 0 0 0 0 25 0 0 0 5 1 0 
33 21 3 0 0 1 0 4 0 0 0 0 0 0 0 1 0 1 0 0 0 0 0 25 1 0 18 5 1 0 
