https://prepareforcpe.blogspot.com/
benign
10 9
1 7
7 5
7 0
7 8
7 3
7 2
7 6
7 4
7 9
43 37 0 0 0 0 0 2 0 0 0 0 0 0 0 0 1 1 0 0 1 0 1 26 1 0 0 12 1 0 
35 29 0 0 0 0 0 2 0 0 0 0 0 0 0 0 1 1 0 0 0 0 1 26 1 0 1 12 1 0 
43 34 0 0 0 0 0 3 0 0 0 0 0 0 0 1 1 1 0 0 0 0 0 14 3 0 0 3 1 0 
40 34 0 0 0 0 0 2 0 0 0 0 0 0 0 0 1 1 0 0 1 0 0 19 1 0 1 3 1 0 
44 37 0 0 0 0 0 2 0 0 0 0 0 0 0 0 1 1 0 0 1 0 1 26 2 0 0 12 1 0 
35 28 0 0 0 0 0 2 0 0 0 0 0 0 0 1 1 1 0 0 1 0 0 14 2 0 0 3 1 0 
29 23 0 0 0 0 0 2 0 0 0 0 0 0 0 0 1 1 0 0 1 0 0 20 1 0 0 3 1 0 
35 29 0 0 0 0 0 2 0 0 0 0 0 0 0 0 1 1 0 0 1 0 0 18 1 0 12 3 1 0 
53 46 0 0 0 0 0 2 0 0 0 0 0 0 0 0 1 1 0 0 1 0 1 26 2 0 0 12 1 0 
45 36 0 0 0 0 0 2 0 0 0 0 0 0 0 1 1 1 0 0 0 0 0 14 4 0 0 3 1 0 
