http://askubuntu.com/questions/520834/why-does-ubuntu-write-to-disk-when-copying-files-from-cd-to-usb
benign
10 9
1 5
1 9
1 3
1 8
1 2
1 0
1 4
1 6
1 7
21 16 0 0 0 0 0 2 0 0 0 0 0 0 0 1 0 1 0 0 0 0 0 14 0 0 0 3 1 0 
101 76 6 0 0 12 0 1 0 0 0 0 0 0 0 0 0 1 0 0 0 0 0 13 3 0 9 3 1 0 
35 29 0 0 0 0 0 2 0 0 0 0 0 0 0 1 0 1 0 0 0 0 0 14 1 0 0 3 1 0 
24 19 0 0 0 0 0 2 0 0 0 0 0 0 0 0 0 1 0 0 0 0 0 17 0 0 0 3 1 0 
22 17 0 0 0 0 0 2 0 0 0 0 0 0 0 0 0 1 0 0 0 0 0 15 0 0 0 3 1 0 
27 22 0 0 0 0 0 2 0 0 0 0 0 0 0 0 0 1 0 0 0 0 0 20 0 0 0 3 1 0 
27 21 0 0 0 0 0 2 0 0 0 0 0 0 0 0 0 1 0 0 0 0 0 19 1 0 0 3 1 0 
23 18 0 0 0 0 0 1 0 0 0 0 0 0 0 0 1 1 0 0 0 0 0 14 1 0 0 3 1 0 
20 16 0 0 0 0 0 1 0 0 0 0 0 0 0 0 0 1 0 0 0 0 0 13 0 0 0 3 1 0 
28 22 0 0 0 0 0 2 0 0 0 0 0 0 0 0 0 1 0 0 0 0 0 20 1 0 0 3 1 0 
