http://www.enprofil.nl/silhouetknippers.html
defacement
10 9
2 1
2 0
2 9
2 8
2 3
2 7
2 4
2 5
2 6
35 27 0 0 0 2 0 1 0 0 0 0 0 0 0 0 1 1 0 0 0 0 0 11 2 0 0 2 1 0 
43 36 0 0 0 1 0 1 0 0 0 0 0 0 0 0 1 1 0 0 0 0 0 11 2 0 0 2 1 0 
44 37 0 0 0 0 0 3 0 0 0 0 0 0 0 1 0 1 0 0 0 0 0 15 1 0 12 2 1 0 
30 24 0 0 0 0 0 1 0 0 0 0 0 0 0 0 1 1 0 0 0 0 0 11 2 0 0 2 1 0 
37 31 0 0 0 0 0 1 0 0 0 0 0 0 0 0 1 1 0 0 0 0 0 11 2 0 0 2 1 0 
30 24 0 0 0 0 0 1 0 0 0 0 0 0 0 0 1 1 0 0 0 0 0 11 2 0 0 2 1 0 
35 29 0 0 0 0 0 1 0 0 0 0 0 0 0 0 1 1 0 0 0 0 0 11 2 0 0 2 1 0 
30 24 0 0 0 0 0 1 0 0 0 0 0 0 0 0 1 1 0 0 0 0 0 11 2 0 0 2 1 0 
31 24 0 0 0 1 0 1 0 0 0 0 0 0 0 0 1 1 0 0 0 0 0 11 2 0 0 2 1 0 
29 22 0 0 0 1 0 1 0 0 0 0 0 0 0 0 1 1 0 0 0 0 0 11 2 0 0 2 1 0 
