https://1001crash.com/index-page-liste_noire-lg-2.html
benign
10 9
4 9
4 7
4 2
4 1
4 5
4 3
4 6
4 0
4 8
48 33 5 0 0 4 0 2 0 0 0 0 0 0 0 0 1 1 0 0 0 0 0 13 1 0 0 3 1 0 
54 39 5 0 0 4 0 2 0 0 0 0 0 0 0 0 1 1 0 0 0 0 0 13 1 0 0 3 1 0 
48 33 5 0 0 4 0 2 0 0 0 0 0 0 0 0 1 1 0 0 0 0 0 13 1 0 0 3 1 0 
58 41 5 0 0 4 0 3 0 0 0 0 0 0 0 1 1 1 0 0 0 0 0 17 1 0 0 3 1 0 
54 38 5 0 0 4 0 2 0 0 0 0 0 0 0 0 1 1 0 0 0 0 0 13 1 0 10 3 1 0 
21 14 1 0 0 0 0 0 0 0 0 0 0 0 0 0 0 0 0 0 0 0 0 8 0 0 0 0 0 0 
50 35 5 0 0 4 0 2 0 0 0 0 0 0 0 0 1 1 0 0 0 0 0 13 1 0 0 3 1 0 
57 41 5 0 0 4 0 2 0 0 0 0 0 0 0 0 1 1 0 0 0 0 0 13 1 0 0 3 1 0 
51 36 5 0 0 4 0 2 0 0 0 0 0 0 0 0 1 1 0 0 0 0 0 13 1 0 0 3 1 0 
58 41 5 0 0 4 0 3 0 0 0 0 0 0 0 1 1 1 0 0 0 0 0 17 1 0 0 3 1 0 
