http://9779.info/%E4%BA%94%E8%B0%B7%E6%9D%82%E7%B2%AE%E4%BA%BA%E7%89%A9%E7%B2%98%E8%B4%B4%E7%94%BB/
malware
10 9
1 7
7 9
7 4
7 3
7 6
7 8
7 5
7 2
7 0
22 16 0 0 0 0 0 2 0 0 0 0 0 0 0 0 0 1 0 0 0 0 0 14 1 0 0 3 1 0 
99 35 31 0 0 0 0 1 0 27 0 0 0 0 0 0 0 1 0 0 0 0 0 9 2 0 1 4 1 0 
24 18 0 0 0 0 0 2 0 0 0 0 0 0 0 0 1 1 0 0 0 0 0 15 1 0 0 3 1 0 
25 19 0 0 0 0 0 2 0 0 0 0 0 0 0 0 1 1 0 0 0 0 0 16 1 0 0 3 1 0 
21 16 0 0 0 0 0 2 0 0 0 0 0 0 0 0 1 1 0 0 0 0 0 13 0 0 0 3 1 0 
19 13 0 0 0 0 0 2 0 0 0 0 0 0 0 0 0 1 0 0 0 0 0 11 1 0 0 3 1 0 
23 17 0 0 0 0 0 2 0 0 0 0 0 0 0 0 0 1 0 0 0 0 0 15 1 0 0 3 1 0 
38 24 6 0 0 0 0 3 0 0 0 0 0 0 0 0 0 1 0 0 0 0 0 15 2 0 0 3 1 0 
21 15 0 0 0 0 0 2 0 0 0 0 0 0 0 1 0 1 0 0 0 0 0 13 1 0 0 3 1 0 
22 16 0 0 0 0 0 2 0 0 0 0 0 0 0 1 1 1 0 0 0 0 0 13 1 0 8 3 1 0 
