https://spreadsheets.google.com/spreadsheet/viewform?formkey=dDQtZ3VFbFJLVFFnNkx2UlZrSTRQc1E6MQ
phishing
10 9
4 5
4 1
5 6
5 7
5 9
5 2
5 8
5 0
5 3
52 45 0 0 0 0 0 2 0 0 0 0 0 0 0 0 1 1 0 0 0 0 0 23 2 0 0 3 1 0 
35 28 0 0 0 0 0 2 0 0 0 0 0 0 0 0 1 1 0 0 0 0 0 16 2 0 14 3 1 0 
40 34 0 0 0 0 0 2 0 0 0 0 0 0 0 0 1 1 0 0 1 0 0 19 1 0 1 3 1 0 
37 30 0 0 0 0 0 2 0 0 0 0 0 0 0 0 1 1 0 0 0 0 0 23 2 0 0 3 1 0 
95 82 4 0 1 0 1 2 0 0 0 0 0 0 0 0 1 1 0 0 0 0 0 23 2 0 2 3 1 0 
32 25 0 0 0 0 0 2 0 0 0 0 0 0 0 0 1 1 0 0 0 0 0 18 2 0 9 3 1 0 
46 39 0 0 0 0 0 2 0 0 0 0 0 0 0 0 1 1 0 0 0 0 0 23 2 0 0 3 1 0 
32 26 0 0 0 0 0 2 0 0 0 0 0 0 0 0 1 1 0 0 0 0 0 23 1 0 1 3 1 0 
36 30 0 0 0 0 0 2 0 0 0 0 0 0 0 0 1 1 0 0 0 0 0 23 1 0 0 3 1 0 
45 36 0 0 0 0 0 2 0 0 0 0 0 0 0 1 1 1 0 0 0 0 0 14 4 0 0 3 1 0 
