http://www.fahrschule-niepel-hannover.de/service/faq/1-Auto/5-Automatik
defacement
10 9
4 7
4 8
4 0
4 5
4 2
4 3
4 6
4 1
4 9
28 23 0 0 0 0 0 1 0 0 0 0 0 0 0 0 1 1 0 0 0 0 0 19 1 0 0 2 1 0 
49 41 0 0 0 2 0 1 0 0 0 0 0 0 0 0 1 1 0 0 0 0 0 19 2 0 0 2 1 0 
27 23 0 0 0 0 0 1 0 0 0 0 0 0 0 0 1 1 0 0 0 0 0 19 0 0 0 2 1 0 
39 33 0 0 0 0 0 1 0 0 0 0 0 0 0 0 1 1 0 0 0 0 0 19 2 0 0 2 1 0 
71 56 2 0 0 4 0 2 0 0 0 0 0 0 0 1 0 1 0 0 1 0 0 33 4 0 13 2 1 0 
50 44 0 0 0 0 0 1 0 0 0 0 0 0 0 0 1 1 0 0 0 0 0 19 2 0 0 2 1 0 
48 41 0 0 0 1 0 1 0 0 0 0 0 0 0 0 1 1 0 0 0 0 0 19 2 0 0 2 1 0 
43 36 0 0 0 1 0 1 0 0 0 0 0 0 0 0 1 1 0 0 0 0 0 19 2 0 0 2 1 0 
39 32 0 0 0 1 0 1 0 0 0 0 0 0 0 0 1 1 0 0 0 0 0 19 2 0 0 2 1 0 
179 73 75 1 0 0 1 6 0 0 3 0 8 0 3 1 1 1 0 0 0 0 0 13 5 0 0 2 1 0 
