https://facebook.com/people/Denis-Colas-le-Québecois/1522913664
benign
10 9
6 4
6 2
6 8
6 1
6 5
6 0
6 3
6 7
6 9
74 48 12 0 0 4 0 2 0 2 0 0 0 0 0 0 1 1 0 0 0 0 0 18 3 0 0 3 1 0 
26 20 0 0 0 0 0 2 0 0 0 0 0 0 0 0 1 1 0 0 0 0 0 12 1 0 0 3 1 0 
74 48 12 0 0 4 0 2 0 2 0 0 0 0 0 0 1 1 0 0 0 0 0 18 3 0 0 3 1 0 
74 48 12 0 0 4 0 2 0 2 0 0 0 0 0 0 1 1 0 0 0 0 0 18 3 0 0 3 1 0 
25 19 0 0 0 0 0 2 0 0 0 0 0 0 0 1 1 1 0 0 0 0 0 16 1 0 0 3 1 0 
74 48 12 0 0 4 0 2 0 2 0 0 0 0 0 0 1 1 0 0 0 0 0 18 3 0 0 3 1 0 
63 43 10 0 0 3 0 1 0 0 0 0 0 0 0 0 1 1 0 0 0 0 0 12 3 0 11 3 1 0 
41 34 0 0 0 0 0 2 0 0 0 0 0 0 0 1 1 1 0 0 0 0 0 16 2 0 0 3 1 0 
74 48 12 0 0 4 0 2 0 2 0 0 0 0 0 0 1 1 0 0 0 0 0 18 3 0 0 3 1 0 
74 48 12 0 0 4 0 2 0 2 0 0 0 0 0 0 1 1 0 0 0 0 0 18 3 0 0 3 1 0 
