https://genforum.genealogy.com/godbout/
benign
10 9
6 2
6 7
6 3
6 9
6 8
6 0
6 5
6 4
6 1
59 46 2 0 0 0 0 2 0 0 0 0 0 0 0 1 1 1 0 0 0 0 0 17 6 0 0 3 1 0 
59 46 2 0 0 0 0 2 0 0 0 0 0 0 0 1 1 1 0 0 0 0 0 17 6 0 0 3 1 0 
32 25 0 0 0 0 0 2 0 0 0 0 0 0 0 1 1 1 0 0 0 0 0 17 2 0 0 3 1 0 
33 26 0 0 0 0 0 2 0 0 0 0 0 0 0 1 1 1 0 0 0 0 0 17 2 0 0 3 1 0 
59 46 2 0 0 0 0 2 0 0 0 0 0 0 0 1 1 1 0 0 0 0 0 17 6 0 0 3 1 0 
26 20 0 0 0 0 0 2 0 0 0 0 0 0 0 1 1 1 0 0 0 0 0 17 1 0 0 3 1 0 
39 32 0 0 0 0 0 2 0 0 0 0 0 0 0 0 1 1 0 0 0 0 0 22 2 0 11 3 1 0 
35 28 0 0 0 0 0 2 0 0 0 0 0 0 0 1 1 1 0 0 0 0 0 17 2 0 0 3 1 0 
59 46 2 0 0 0 0 2 0 0 0 0 0 0 0 1 1 1 0 0 0 0 0 17 6 0 0 3 1 0 
41 33 0 0 0 0 0 2 0 0 0 0 0 0 0 1 1 1 0 0 0 0 0 17 3 0 0 3 1 0 
