https://dr-zekri-hurstel.com/templates/beez/0683300183/336264262473734/
benign
10 9
7 0
7 5
7 4
7 2
7 8
7 6
7 3
7 9
7 1
45 37 0 0 0 3 0 1 0 0 0 0 0 0 0 0 1 1 0 0 0 0 0 20 1 0 0 3 1 0 
40 33 0 0 0 2 0 1 0 0 0 0 0 0 0 0 1 1 0 0 0 0 0 20 1 0 0 3 1 0 
29 22 0 0 0 2 0 1 0 0 0 0 0 0 0 0 1 1 0 0 0 0 0 20 1 0 0 3 1 0 
39 32 0 0 0 2 0 1 0 0 0 0 0 0 0 0 1 1 0 0 0 0 0 20 1 0 0 3 1 0 
55 45 0 0 0 5 0 1 0 0 0 0 0 0 0 0 1 1 0 0 0 0 0 20 1 0 0 3 1 0 
56 42 2 0 0 5 0 1 0 2 0 0 0 0 0 0 1 1 0 0 0 0 0 20 1 0 0 3 1 0 
57 47 0 0 0 5 0 1 0 0 0 0 0 0 0 0 1 1 0 0 0 0 0 20 1 0 0 3 1 0 
71 35 25 0 0 2 0 1 0 0 0 0 0 0 0 0 1 1 0 0 0 0 0 20 5 0 12 3 1 0 
41 32 1 0 0 3 0 1 0 0 0 0 0 0 0 0 1 1 0 0 0 0 0 20 1 0 0 3 1 0 
56 46 0 0 0 5 0 1 0 0 0 0 0 0 0 0 1 1 0 0 0 0 0 20 1 0 0 3 1 0 
