https://facebook.com/people/John-Seever/108002800
benign
10 9
8 7
8 6
8 3
8 4
8 1
8 9
8 0
8 2
8 5
42 34 0 0 0 0 0 2 0 0 0 0 0 0 0 1 1 1 0 0 0 0 0 16 3 0 0 3 1 0 
33 25 0 0 0 1 0 2 0 0 0 0 0 0 0 0 1 1 0 0 1 0 0 18 2 0 0 3 1 0 
33 25 0 0 0 1 0 2 0 0 0 0 0 0 0 0 1 1 0 0 1 0 0 18 2 0 0 3 1 0 
26 20 0 0 0 0 0 2 0 0 0 0 0 0 0 0 1 1 0 0 0 0 0 12 1 0 0 3 1 0 
33 25 0 0 0 1 0 2 0 0 0 0 0 0 0 0 1 1 0 0 1 0 0 18 2 0 0 3 1 0 
33 25 0 0 0 1 0 2 0 0 0 0 0 0 0 0 1 1 0 0 1 0 0 18 2 0 0 3 1 0 
33 25 0 0 0 1 0 2 0 0 0 0 0 0 0 0 1 1 0 0 1 0 0 18 2 0 0 3 1 0 
33 25 0 0 0 1 0 2 0 0 0 0 0 0 0 0 1 1 0 0 1 0 0 18 2 0 0 3 1 0 
49 32 9 0 0 1 0 1 0 0 0 0 0 0 0 0 1 1 0 0 0 0 0 12 3 0 10 3 1 0 
33 25 0 0 0 1 0 2 0 0 0 0 0 0 0 0 1 1 0 0 1 0 0 18 2 0 0 3 1 0 
