http://wandern-in-griechenland.de/fotogalerie/chios-lesbos/sporaden/index.html
defacement
10 9
2 9
2 4
2 0
2 5
2 3
2 6
2 7
2 1
8 2
43 36 0 0 0 2 0 1 0 0 0 0 0 0 0 0 0 1 0 0 0 0 0 26 1 0 0 2 1 0 
29 23 0 0 0 0 0 2 0 0 0 0 0 0 0 1 1 1 0 0 0 0 0 15 1 0 0 3 1 0 
43 35 0 0 0 2 0 2 0 0 0 0 0 0 0 0 0 1 0 0 0 0 0 26 1 0 20 2 1 0 
44 36 0 0 0 3 0 1 0 0 0 0 0 0 0 0 0 1 0 0 0 0 0 26 1 0 0 2 1 0 
34 27 0 0 0 2 0 1 0 0 0 0 0 0 0 0 0 1 0 0 0 0 0 26 1 0 0 2 1 0 
40 33 0 0 0 2 0 1 0 0 0 0 0 0 0 0 0 1 0 0 0 0 0 26 1 0 0 2 1 0 
45 38 0 0 0 2 0 1 0 0 0 0 0 0 0 0 0 1 0 0 0 0 0 26 1 0 0 2 1 0 
42 35 0 0 0 2 0 1 0 0 0 0 0 0 0 0 0 1 0 0 0 0 0 26 1 0 0 2 1 0 
78 66 0 0 0 3 0 2 0 0 0 0 0 0 0 0 0 1 0 0 0 0 0 26 4 0 1 2 1 0 
48 41 0 0 0 2 0 1 0 0 0 0 0 0 0 0 0 1 0 0 0 0 0 26 1 0 0 2 1 0 
