http://alsiniora.com/MASQ-20200420.exe
malware
10 9
4 9
9 8
9 3
9 5
9 2
9 0
9 7
9 6
9 1
21 16 0 0 0 0 0 1 0 0 0 0 0 0 0 0 0 1 0 0 0 0 0 13 1 0 0 3 1 0 
24 18 0 0 0 0 0 1 0 0 0 0 0 0 0 0 0 1 0 0 0 0 0 13 2 0 0 3 1 0 
24 18 0 0 0 0 0 1 0 0 0 0 0 0 0 0 0 1 0 0 0 0 0 13 2 0 0 3 1 0 
24 18 0 0 0 0 0 1 0 0 0 0 0 0 0 0 0 1 0 0 0 0 0 13 2 0 0 3 1 0 
38 23 8 0 0 1 0 2 0 0 0 0 0 0 0 0 0 1 0 0 0 0 0 13 1 0 1 3 1 0 
24 18 0 0 0 0 0 1 0 0 0 0 0 0 0 0 0 1 0 0 0 0 0 13 2 0 0 3 1 0 
24 18 0 0 0 0 0 1 0 0 0 0 0 0 0 0 0 1 0 0 0 0 0 13 2 0 0 3 1 0 
24 18 0 0 0 0 0 1 0 0 0 0 0 0 0 0 0 1 0 0 0 0 0 13 2 0 0 3 1 0 
24 18 0 0 0 0 0 1 0 0 0 0 0 0 0 0 0 1 0 0 0 0 0 13 2 0 0 3 1 0 
34 27 0 0 0 1 0 2 0 0 0 0 0 0 0 1 1 1 0 0 0 0 1 25 1 0 9 3 1 0 
