https://www.opentext.com/2/global.htm
phishing
10 9
6 8
6 2
6 1
6 9
6 5
6 0
6 7
6 3
6 4
51 43 0 0 0 0 0 2 0 0 0 0 0 0 0 1 1 1 0 0 1 0 1 16 3 0 0 3 1 0 
53 45 0 0 0 0 0 2 0 0 0 0 0 0 0 1 1 1 0 0 0 0 1 16 3 0 0 3 1 0 
54 46 0 0 0 0 0 2 0 0 0 0 0 0 0 1 1 1 0 0 0 0 1 16 3 0 0 3 1 0 
43 36 0 0 0 0 0 2 0 0 0 0 0 0 0 1 1 1 0 0 0 0 1 16 2 0 0 3 1 0 
25 19 0 0 0 0 0 2 0 0 0 0 0 0 0 1 1 1 0 0 0 0 1 16 1 0 0 3 1 0 
27 22 0 0 0 0 0 1 0 0 0 0 0 0 0 0 1 1 0 0 0 0 1 18 1 0 0 3 1 0 
37 28 1 0 0 0 0 3 0 0 0 0 0 0 0 1 1 1 0 0 0 0 1 16 2 0 11 3 1 0 
57 48 0 0 0 1 0 2 0 0 0 0 0 0 0 1 1 1 0 0 0 0 1 16 3 0 0 3 1 0 
32 26 0 0 0 0 0 2 0 0 0 0 0 0 0 1 1 1 0 0 0 0 1 16 1 0 0 3 1 0 
54 46 0 0 0 0 0 2 0 0 0 0 0 0 0 1 1 1 0 0 0 0 1 16 3 0 0 3 1 0 
