https://members.tripod.com/~covapps/
phishing
10 9
9 6
9 3
9 7
9 0
9 8
9 5
9 4
9 2
9 1
31 26 0 0 0 0 0 2 0 0 0 0 0 0 0 1 0 1 0 0 0 0 0 24 0 0 0 3 1 0 
33 27 0 0 0 0 0 2 0 0 0 0 0 0 0 0 0 1 0 0 0 0 0 18 1 0 0 3 1 0 
26 21 0 0 0 0 0 2 0 0 0 0 0 0 0 1 0 1 0 0 0 0 0 19 0 0 0 3 1 0 
20 15 0 0 0 0 0 2 0 0 0 0 0 0 0 1 0 1 0 0 0 0 0 13 0 0 0 3 1 0 
26 20 0 0 0 0 0 3 0 0 0 0 0 0 0 1 0 1 0 0 0 0 0 19 0 0 0 6 1 0 
20 15 0 0 0 0 0 2 0 0 0 0 0 0 0 1 0 1 0 0 0 0 0 13 0 0 0 3 1 0 
20 15 0 0 0 0 0 2 0 0 0 0 0 0 0 1 0 1 0 0 0 0 0 13 0 0 0 3 1 0 
47 37 2 0 0 0 0 2 0 0 0 0 0 0 0 1 0 1 0 0 0 0 0 16 3 0 0 3 1 0 
21 13 3 0 0 0 0 2 0 0 0 0 0 0 0 1 0 1 0 0 0 0 0 14 0 0 0 3 1 0 
36 28 0 0 0 0 0 2 0 0 0 0 0 0 0 0 1 1 0 0 0 0 0 18 2 0 9 3 1 0 
