http://shantasells.com/blog/for-buyers/98-bigger-is-not-better?tmpl=component&print=1&layout=default&page=
defacement
10 9
4 9
4 7
4 5
4 0
4 2
4 8
4 1
4 3
6 4
26 20 0 0 0 0 0 1 0 0 0 0 0 0 0 0 0 1 0 0 0 0 0 15 2 0 0 3 1 0 
26 20 0 0 0 0 0 1 0 0 0 0 0 0 0 0 0 1 0 0 0 0 0 15 2 0 0 3 1 0 
26 20 0 0 0 0 0 1 0 0 0 0 0 0 0 0 0 1 0 0 0 0 0 15 2 0 0 3 1 0 
26 20 0 0 0 0 0 1 0 0 0 0 0 0 0 0 0 1 0 0 0 0 0 15 2 0 0 3 1 0 
34 27 0 0 0 1 0 2 0 0 0 0 0 0 0 1 1 1 0 0 0 0 1 25 1 0 9 3 1 0 
26 20 0 0 0 0 0 1 0 0 0 0 0 0 0 0 0 1 0 0 0 0 0 15 2 0 0 3 1 0 
106 83 3 0 1 5 4 1 0 0 0 0 0 0 0 0 0 1 0 0 0 0 0 15 3 0 1 3 1 0 
26 20 0 0 0 0 0 1 0 0 0 0 0 0 0 0 0 1 0 0 0 0 0 15 2 0 0 3 1 0 
62 48 2 0 0 5 0 1 0 0 0 0 0 0 0 0 0 1 0 0 0 0 0 15 3 0 0 3 1 0 
39 31 0 0 0 1 0 1 0 0 0 0 0 0 0 0 0 1 0 0 0 0 0 15 3 0 0 3 1 0 
