https://www.tek-tips.com/threadminder.cfm?pid=935
phishing
10 9
0 4
0 6
0 5
0 8
0 7
0 9
0 3
0 2
0 1
49 36 3 0 1 1 1 3 0 0 0 0 0 0 0 1 1 1 0 0 0 0 0 16 1 0 9 3 1 0 
20 14 1 0 0 0 0 0 0 0 0 0 0 0 0 0 0 0 0 0 0 0 0 7 0 0 0 0 0 0 
34 26 0 0 0 1 0 3 0 0 0 0 0 0 0 1 1 1 0 0 1 0 0 16 1 0 0 3 1 0 
27 21 0 0 0 0 0 2 0 0 0 0 0 0 0 1 0 1 0 0 0 0 0 19 1 0 0 3 1 0 
40 32 0 0 0 0 0 2 0 0 0 0 0 0 0 1 1 1 0 0 0 0 0 19 3 0 0 3 1 0 
26 21 0 0 0 0 0 2 0 0 0 0 0 0 0 1 0 1 0 0 0 0 0 19 0 0 0 3 1 0 
37 29 0 0 0 1 0 3 0 0 0 0 0 0 0 1 1 1 0 0 0 0 0 16 1 0 0 3 1 0 
29 23 0 0 0 0 0 2 0 0 0 0 0 0 0 1 1 1 0 0 0 0 0 20 1 0 0 3 1 0 
24 17 0 0 0 1 0 2 0 0 0 0 0 0 0 1 0 1 0 0 0 0 0 16 1 0 0 3 1 0 
29 22 0 0 0 1 0 2 0 0 0 0 0 0 0 0 0 1 0 0 0 0 0 21 1 0 0 3 1 0 
