http://www.goecklingerhausbraeu.de/index.html?ml=4&mlt=&tmpl=
defacement
10 9
3 7
3 5
3 0
3 1
3 9
3 8
3 4
3 2
3 6
35 30 0 0 0 0 0 2 0 0 0 0 0 0 0 1 1 1 0 0 0 0 0 27 0 0 0 2 1 0 
56 46 0 0 0 3 0 2 0 0 0 0 0 0 0 1 1 1 0 0 0 0 0 27 2 0 0 2 1 0 
36 30 0 0 0 0 0 2 0 0 0 0 0 0 0 1 1 1 0 0 0 0 0 27 1 0 0 2 1 0 
61 47 1 0 1 0 3 3 0 0 0 0 0 0 0 1 0 1 0 0 0 0 0 27 1 0 10 2 1 0 
48 41 0 0 0 0 0 2 0 0 0 0 0 0 0 1 1 1 0 0 0 0 0 27 2 0 0 2 1 0 
49 42 0 0 0 0 0 2 0 0 0 0 0 0 0 1 1 1 0 0 0 0 0 27 2 0 0 2 1 0 
45 38 0 0 0 0 0 3 0 0 0 0 0 0 0 1 0 1 0 0 0 0 0 27 1 0 0 2 1 0 
49 41 0 0 0 1 0 2 0 0 0 0 0 0 0 1 1 1 0 0 0 0 0 27 2 0 0 2 1 0 
44 37 0 0 0 0 0 2 0 0 0 0 0 0 0 1 1 1 0 0 0 0 0 27 2 0 0 2 1 0 
56 48 0 0 0 1 0 2 0 0 0 0 0 0 0 1 1 1 0 0 0 0 0 27 2 0 0 2 1 0 
