http://www.lawlortherapy.com/wp-content/plugins/responsive-lightbox/includes/providers/include.php
malware
10 9
6 5
6 2
6 1
6 3
6 8
6 4
6 0
6 9
6 7
91 77 0 0 0 2 0 3 0 0 0 0 0 0 0 1 0 1 0 0 0 0 0 21 6 0 0 3 1 0 
28 23 0 0 0 0 0 2 0 0 0 0 0 0 0 1 0 1 0 0 0 0 0 21 0 0 0 3 1 0 
48 40 0 0 0 1 0 2 0 0 0 0 0 0 0 1 0 1 0 0 0 0 0 21 2 0 0 3 1 0 
41 34 0 0 0 0 0 2 0 0 0 0 0 0 0 1 0 1 0 0 0 0 0 21 2 0 0 3 1 0 
83 72 0 0 0 4 0 2 0 0 0 0 0 0 0 1 0 1 0 0 0 0 0 21 2 0 0 3 1 0 
41 33 0 0 0 1 0 2 0 0 0 0 0 0 0 1 0 1 0 0 0 0 0 21 2 0 0 3 1 0 
98 84 0 0 0 2 0 3 0 0 0 0 0 0 0 1 0 1 0 0 0 0 0 21 6 0 10 3 1 0 
59 50 0 0 0 2 0 2 0 0 0 0 0 0 0 1 0 1 0 0 0 0 0 21 2 0 0 3 1 0 
32 25 0 0 0 0 0 2 0 0 0 0 0 0 0 1 0 1 0 0 0 0 0 21 2 0 0 3 1 0 
40 31 0 0 0 2 0 2 0 0 0 0 0 0 0 1 0 1 0 0 0 0 0 21 2 0 0 3 1 0 
