http://www.tomaspaulik.cz/glosy/politika?start=10
defacement
10 9
2 7
2 5
2 1
2 6
2 0
2 4
2 9
2 3
8 2
77 64 0 0 0 6 0 2 0 0 0 0 0 0 0 1 0 1 0 0 0 0 0 18 2 0 0 2 1 0 
82 61 6 0 0 8 0 2 0 0 0 0 0 0 0 1 0 1 0 0 0 0 0 18 2 0 0 2 1 0 
35 28 0 0 0 0 0 3 0 0 0 0 0 0 0 1 0 1 0 0 0 0 0 18 1 0 14 2 1 0 
31 24 0 0 0 1 0 2 0 0 0 0 0 0 0 1 0 1 0 0 0 0 0 18 1 0 0 2 1 0 
26 20 0 0 0 0 0 2 0 0 0 0 0 0 0 1 0 1 0 0 0 0 0 18 1 0 0 2 1 0 
36 29 0 0 0 1 0 2 0 0 0 0 0 0 0 1 0 1 0 0 0 0 0 18 1 0 0 2 1 0 
68 54 2 0 0 5 0 2 0 0 0 0 0 0 0 1 0 1 0 0 0 0 0 18 2 0 0 2 1 0 
30 24 0 0 0 0 0 2 0 0 0 0 0 0 0 1 0 1 0 0 0 0 0 18 1 0 0 2 1 0 
49 38 2 0 1 0 1 2 0 0 0 0 0 0 0 1 0 1 0 0 0 0 0 18 2 0 1 2 1 0 
42 34 0 0 0 1 0 2 0 0 0 0 0 0 0 1 0 1 0 0 0 0 0 18 2 0 0 2 1 0 
