http://fanpage.gr/viral/perierga/%ce%b5%ce%af%ce%bd%ce%b1%ce%b9-%ce%bf%ce%bb%cf%8c%ce%b9%ce%b4%ce%b9%ce%b5%cf%82-%cf%80%ce%b1%ce%bd%cf%84%cf%81%ce%b5%cf%8d%cf%84%ce%b7%ce%ba%ce%b1%ce%bd-%ce%bc%ce%b1%ce%b6%ce%af-%ce%ba%ce%b1%ce%b9/
benign
10 9
2 3
2 6
2 1
2 7
2 5
2 9
2 8
2 4
2 0
43 35 0 0 0 0 0 2 0 0 0 0 0 0 0 1 1 1 0 0 0 0 0 14 3 0 0 2 1 0 
56 47 0 0 0 0 0 2 0 0 0 0 0 0 0 1 1 1 0 0 0 0 0 14 4 0 0 2 1 0 
230 127 27 0 0 4 0 1 0 64 0 0 0 0 0 0 0 1 0 0 0 0 0 10 4 0 10 2 1 0 
41 33 0 0 0 0 0 2 0 0 0 0 0 0 0 1 1 1 0 0 0 0 0 14 3 0 0 2 1 0 
23 17 0 0 0 0 0 2 0 0 0 0 0 0 0 1 1 1 0 0 0 0 0 14 1 0 0 2 1 0 
50 41 0 0 0 0 0 2 0 0 0 0 0 0 0 1 1 1 0 0 0 0 0 14 4 0 0 2 1 0 
48 39 0 0 0 0 0 2 0 0 0 0 0 0 0 1 1 1 0 0 0 0 0 14 4 0 0 2 1 0 
42 34 0 0 0 0 0 2 0 0 0 0 0 0 0 1 1 1 0 0 0 0 0 14 3 0 0 2 1 0 
44 36 0 0 0 0 0 2 0 0 0 0 0 0 0 1 1 1 0 0 0 0 0 14 3 0 0 2 1 0 
50 41 0 0 0 0 0 2 0 0 0 0 0 0 0 1 1 1 0 0 0 0 0 14 4 0 0 2 1 0 
