http://www.bsc-md.de/index.php?option=com_user&view=remind
defacement
10 9
0 9
9 4
9 1
9 2
9 3
9 7
9 6
9 5
9 8
58 45 0 0 1 1 2 3 0 0 0 0 0 0 0 1 0 1 0 0 0 0 0 13 1 0 1 2 1 0 
65 35 14 0 0 7 0 3 0 0 0 0 0 0 0 1 0 1 0 0 0 0 0 13 3 0 0 2 1 0 
63 33 14 0 0 7 0 3 0 0 0 0 0 0 0 1 0 1 0 0 0 0 0 13 3 0 0 2 1 0 
67 37 14 0 0 7 0 3 0 0 0 0 0 0 0 1 0 1 0 0 0 0 0 13 3 0 0 2 1 0 
60 31 14 0 0 6 0 3 0 0 0 0 0 0 0 1 0 1 0 0 0 0 0 13 3 0 0 2 1 0 
65 35 14 0 0 7 0 3 0 0 0 0 0 0 0 1 0 1 0 0 0 0 0 13 3 0 0 2 1 0 
66 36 14 0 0 7 0 3 0 0 0 0 0 0 0 1 0 1 0 0 0 0 0 13 3 0 0 2 1 0 
30 22 0 0 0 1 0 3 0 0 0 0 0 0 0 1 0 1 0 0 0 0 0 13 1 0 0 2 1 0 
21 15 0 0 0 1 0 2 0 0 0 0 0 0 0 1 1 1 0 0 0 0 0 13 0 0 0 2 1 0 
21 14 0 0 0 1 0 2 0 0 0 0 0 0 0 1 0 1 0 0 0 0 0 13 1 0 10 2 1 0 
