https://www.webring.com/hub?ring=palmgames
phishing
10 9
7 5
7 0
7 9
7 6
7 8
7 3
7 4
7 2
7 1
42 35 0 0 0 0 0 1 0 0 0 0 0 0 0 0 1 1 0 0 0 0 0 11 3 0 0 3 1 0 
31 25 0 0 0 0 0 1 0 0 0 0 0 0 0 0 1 1 0 0 0 0 0 11 2 0 0 3 1 0 
34 27 0 0 0 0 0 1 0 0 0 0 0 0 0 0 1 1 0 0 0 0 0 11 3 0 0 3 1 0 
26 20 0 0 0 0 0 1 0 0 0 0 0 0 0 0 1 1 0 0 0 0 0 11 2 0 0 3 1 0 
20 15 0 0 0 0 0 1 0 0 0 0 0 0 0 0 1 1 0 0 0 0 0 11 1 0 0 3 1 0 
36 29 0 0 0 0 0 1 0 0 0 0 0 0 0 0 1 1 0 0 0 0 0 11 3 0 0 3 1 0 
28 22 0 0 0 0 0 1 0 0 0 0 0 0 0 0 1 1 0 0 0 0 0 11 2 0 0 3 1 0 
42 34 0 0 1 0 1 2 0 0 0 0 0 0 0 1 1 1 0 0 0 0 0 15 1 0 10 3 1 0 
36 29 0 0 0 0 0 1 0 0 0 0 0 0 0 0 1 1 0 0 0 0 0 11 3 0 0 3 1 0 
28 22 0 0 0 0 0 1 0 0 0 0 0 0 0 0 1 1 0 0 0 0 0 11 2 0 0 3 1 0 
