http://myimmobilier.com/index.php?%2Fcreer-une-sarl-de-famille-pour-la-location-meublee.html
defacement
10 9
0 7
0 5
0 6
0 4
0 8
0 3
0 9
0 2
0 1
92 74 1 0 1 8 0 3 0 1 0 0 0 0 0 0 0 1 0 0 0 0 0 16 1 0 10 3 1 0 
45 38 0 0 0 0 0 2 0 0 0 0 0 0 0 0 1 1 0 0 0 0 0 21 2 0 0 3 1 0 
33 27 0 0 0 0 0 2 0 0 0 0 0 0 0 0 0 1 0 0 0 0 0 16 1 0 0 3 1 0 
45 37 0 0 0 1 0 2 0 0 0 0 0 0 0 0 1 1 0 0 0 0 0 21 2 0 0 3 1 0 
51 42 0 0 0 2 0 2 0 0 0 0 0 0 0 0 1 1 0 0 0 0 0 21 2 0 0 3 1 0 
49 41 0 0 0 1 0 2 0 0 0 0 0 0 0 0 1 1 0 0 0 0 0 21 2 0 0 3 1 0 
45 36 0 0 0 2 0 2 0 0 0 0 0 0 0 0 1 1 0 0 0 0 0 21 2 0 0 3 1 0 
30 24 0 0 0 0 0 2 0 0 0 0 0 0 0 0 1 1 0 0 0 0 0 21 1 0 0 3 1 0 
46 37 0 0 0 2 0 2 0 0 0 0 0 0 0 0 1 1 0 0 0 0 0 21 2 0 0 3 1 0 
40 33 0 0 0 0 0 2 0 0 0 0 0 0 0 0 1 1 0 0 0 0 0 21 2 0 0 3 1 0 
