https://www.activestate.com/perl_dev_kit/
phishing
10 9
2 0
2 9
2 6
2 5
2 7
2 1
2 8
2 4
2 3
52 43 0 0 0 1 0 2 0 0 0 0 0 0 0 1 1 1 0 0 0 0 0 19 3 0 0 3 1 0 
37 30 0 0 0 0 0 2 0 0 0 0 0 0 0 1 1 1 0 0 0 0 0 19 2 0 0 3 1 0 
41 32 0 0 0 0 0 2 0 0 0 0 0 0 0 1 1 1 0 0 0 0 0 19 2 0 10 3 1 0 
46 38 0 0 0 1 0 2 0 0 0 0 0 0 0 0 1 1 0 0 0 0 0 21 2 0 0 9 1 0 
27 22 0 0 0 0 0 2 0 0 0 0 0 0 0 1 1 1 0 0 0 0 0 19 0 0 0 3 1 0 
46 38 0 0 0 0 0 2 0 0 0 0 0 0 0 1 1 1 0 0 0 0 0 19 3 0 0 3 1 0 
54 45 0 0 0 1 0 2 0 0 0 0 0 0 0 1 1 1 0 0 0 0 0 19 3 0 0 3 1 0 
55 42 2 0 0 2 0 2 0 0 0 0 0 0 0 1 1 1 0 0 0 0 0 19 4 0 0 3 1 0 
33 27 0 0 0 0 0 2 0 0 0 0 0 0 0 0 1 1 0 0 0 0 0 24 1 0 0 3 1 0 
47 40 0 0 0 1 0 2 0 0 0 0 0 0 0 0 1 1 0 0 1 0 0 24 1 0 0 3 1 0 
