https://youwingirisimiz.blogspot.com/
phishing
10 9
1 9
1 7
1 8
1 5
1 2
4 1
4 0
4 6
4 3
35 22 6 0 0 0 0 2 0 0 0 0 0 0 0 1 0 1 0 0 0 0 1 14 2 0 0 3 1 0 
23 18 0 0 0 0 0 2 0 0 0 0 0 0 0 1 1 1 0 0 0 0 0 15 0 0 9 3 1 0 
46 39 0 0 0 0 0 2 0 0 0 0 0 0 0 0 1 1 0 0 1 0 1 28 2 0 0 12 1 0 
39 31 0 0 0 1 0 2 0 0 0 0 0 0 0 1 1 1 0 0 0 0 0 15 2 0 0 3 1 0 
37 31 0 0 0 0 0 2 0 0 0 0 0 0 0 0 1 1 0 0 0 0 1 28 1 0 7 12 1 0 
44 37 0 0 0 0 0 2 0 0 0 0 0 0 0 0 1 1 0 0 0 0 1 28 2 0 0 12 1 0 
52 25 20 0 0 0 0 2 0 0 0 0 0 0 0 1 1 1 0 0 0 0 0 15 2 0 0 3 1 0 
50 43 0 0 0 0 0 2 0 0 0 0 0 0 0 0 1 1 0 0 0 0 1 28 2 0 0 12 1 0 
49 42 0 0 0 0 0 2 0 0 0 0 0 0 0 0 1 1 0 0 0 0 1 28 2 0 0 12 1 0 
54 47 0 0 0 0 0 2 0 0 0 0 0 0 0 0 1 1 0 0 0 0 1 28 2 0 0 12 1 0 
