https://reviews.cnet.com/smartphones/motorola-droid-verizon-wireless/4505-6452_7-33783559.html
phishing
10 9
1 3
1 6
1 2
1 7
1 9
1 4
1 8
1 5
1 0
111 90 0 0 0 12 0 2 0 0 0 0 0 0 0 0 1 1 0 0 1 0 1 16 4 0 0 3 1 0 
94 62 17 0 0 5 0 3 0 0 0 0 0 0 0 0 1 1 0 0 0 0 1 16 3 0 11 3 1 0 
72 59 0 0 0 4 0 2 0 0 0 0 0 0 0 0 1 1 0 0 0 0 1 16 4 0 0 3 1 0 
70 57 0 0 0 4 0 2 0 0 0 0 0 0 0 0 1 1 0 0 0 0 1 16 4 0 0 3 1 0 
25 19 0 0 0 0 0 2 0 0 0 0 0 0 0 0 1 1 0 0 0 0 1 16 1 0 0 3 1 0 
71 57 1 0 0 4 0 2 0 0 0 0 0 0 0 0 1 1 0 0 0 0 1 16 4 0 0 3 1 0 
118 96 0 0 0 12 0 2 0 0 0 0 0 0 0 0 1 1 0 0 0 0 1 16 5 0 0 3 1 0 
83 70 0 0 0 4 0 2 0 0 0 0 0 0 0 0 1 1 0 0 0 0 1 16 4 0 0 3 1 0 
53 42 0 0 0 3 0 2 0 0 0 0 0 0 0 0 1 1 0 0 0 0 1 16 3 0 0 3 1 0 
99 80 0 0 0 10 0 2 0 0 0 0 0 0 0 0 1 1 0 0 1 0 1 16 4 0 0 3 1 0 
