http://promocao-dotz.ueuo.com/home.asp
phishing
10 9
1 6
1 5
1 3
1 4
1 0
1 8
1 2
9 1
9 7
43 36 0 0 0 0 0 2 0 0 0 0 0 0 0 1 1 1 0 0 1 0 0 26 2 0 0 3 1 0 
19 15 0 0 0 0 0 1 0 0 0 0 0 0 0 0 1 1 0 0 1 0 0 11 0 0 9 3 1 0 
49 42 0 0 0 0 0 3 0 0 0 0 0 0 0 1 1 1 0 0 1 0 0 26 1 0 0 3 1 0 
44 37 0 0 0 0 0 3 0 0 0 0 0 0 0 1 1 1 0 0 1 0 0 26 1 0 0 3 1 0 
35 29 0 0 0 0 0 2 0 0 0 0 0 0 0 1 1 1 0 0 1 0 0 26 1 0 0 3 1 0 
41 34 0 0 0 0 0 2 0 0 0 0 0 0 0 1 1 1 0 0 1 0 0 26 2 0 0 3 1 0 
49 42 0 0 0 0 0 3 0 0 0 0 0 0 0 1 1 1 0 0 1 0 0 26 1 0 0 3 1 0 
43 36 0 0 0 0 0 2 0 0 0 0 0 0 0 1 1 1 0 0 1 0 0 26 2 0 0 3 1 0 
43 36 0 0 0 0 0 3 0 0 0 0 0 0 0 1 1 1 0 0 1 0 0 26 1 0 0 3 1 0 
38 30 0 0 0 1 0 3 0 0 0 0 0 0 0 0 0 1 0 0 0 0 0 22 1 0 4 3 1 0 
