https://gameshampoo.com/database/rift/questsdb.php?SortDirection=desc&SortField=4&recordsPerPage=20
benign
10 9
0 7
0 1
0 2
0 4
0 6
0 3
0 9
0 8
2 5
99 82 3 0 1 0 3 2 0 0 0 0 0 0 0 0 1 1 0 0 0 0 0 15 3 0 34 3 1 0 
53 44 0 0 0 0 0 3 0 0 0 0 0 0 0 1 0 1 0 0 0 0 0 19 3 0 0 3 1 0 
54 45 0 0 0 0 0 3 0 0 0 0 0 0 0 1 0 1 0 0 0 0 0 19 3 0 1 3 1 0 
52 43 0 0 0 0 0 3 0 0 0 0 0 0 0 1 0 1 0 0 0 0 0 19 3 0 0 3 1 0 
51 42 0 0 0 0 0 3 0 0 0 0 0 0 0 1 0 1 0 0 0 0 0 19 3 0 0 3 1 0 
51 43 0 0 0 0 0 2 0 0 0 0 0 0 0 0 1 1 0 0 0 0 0 15 3 0 0 3 1 0 
27 21 0 0 0 0 0 2 0 0 0 0 0 0 0 1 0 1 0 0 0 0 0 19 1 0 0 3 1 0 
54 45 0 0 0 0 0 3 0 0 0 0 0 0 0 1 0 1 0 0 0 0 0 19 3 0 0 3 1 0 
50 42 0 0 0 0 0 2 0 0 0 0 0 0 0 0 1 1 0 0 0 0 0 15 3 0 34 3 1 0 
57 48 0 0 0 0 0 3 0 0 0 0 0 0 0 1 0 1 0 0 0 0 0 19 3 0 0 3 1 0 
