https://nndb.com/people/164/000167660/
benign
10 9
8 3
8 7
8 0
8 5
8 6
8 9
8 1
8 2
8 4
35 15 12 0 0 0 0 1 0 0 0 0 0 0 0 0 1 1 0 0 0 0 0 8 4 0 0 3 1 0 
35 15 12 0 0 0 0 1 0 0 0 0 0 0 0 0 1 1 0 0 0 0 0 8 4 0 0 3 1 0 
35 15 12 0 0 0 0 1 0 0 0 0 0 0 0 0 1 1 0 0 0 0 0 8 4 0 0 3 1 0 
37 17 12 0 0 0 0 1 0 0 0 0 0 0 0 0 1 1 0 0 0 0 0 8 4 0 0 3 1 0 
37 17 12 0 0 0 0 1 0 0 0 0 0 0 0 0 1 1 0 0 0 0 0 8 4 0 0 3 1 0 
35 15 12 0 0 0 0 1 0 0 0 0 0 0 0 0 1 1 0 0 0 0 0 8 4 0 0 3 1 0 
35 15 12 0 0 0 0 1 0 0 0 0 0 0 0 0 1 1 0 0 0 0 0 8 4 0 0 3 1 0 
35 15 12 0 0 0 0 1 0 0 0 0 0 0 0 0 1 1 0 0 0 0 0 8 4 0 0 3 1 0 
38 18 12 0 0 0 0 1 0 0 0 0 0 0 0 0 1 1 0 0 0 0 0 8 4 0 13 3 1 0 
20 14 0 0 0 0 0 2 0 0 0 0 0 0 0 1 0 1 0 0 0 0 0 12 1 0 0 3 1 0 
