http://pantip.com/tag/DIY%20%E0%B9%80%E0%B8%84%E0%B8%A3%E0%B8%B7%E0%B9%88%E0%B8%AD%E0%B8%87%E0%B9%83%E0%B8%8A%E0%B9%89%E0%B9%83%E0%B8%99%E0%B8%9A%E0%B9%89%E0%B8%B2%E0%B8%99
benign
10 9
3 1
3 6
3 8
3 0
3 7
3 9
3 5
3 4
3 2
36 30 0 0 0 0 0 1 0 0 0 0 0 0 0 0 1 1 0 0 0 0 0 10 2 0 0 3 1 0 
34 28 0 0 0 0 0 1 0 0 0 0 0 0 0 0 1 1 0 0 0 0 0 10 2 0 0 3 1 0 
29 24 0 0 0 0 0 1 0 0 0 0 0 0 0 0 1 1 0 0 0 0 0 10 1 0 0 3 1 0 
172 58 59 0 0 0 0 1 0 49 0 0 0 0 0 0 0 1 0 0 0 0 0 10 2 0 20 3 1 0 
32 26 0 0 0 0 0 1 0 0 0 0 0 0 0 0 1 1 0 0 0 0 0 10 2 0 0 3 1 0 
28 22 0 0 0 0 0 1 0 0 0 0 0 0 0 0 1 1 0 0 0 0 0 10 2 0 0 3 1 0 
19 14 0 0 0 0 0 1 0 0 0 0 0 0 0 0 1 1 0 0 0 0 0 10 1 0 0 3 1 0 
24 19 0 0 0 0 0 1 0 0 0 0 0 0 0 0 1 1 0 0 0 0 0 10 1 0 0 3 1 0 
35 29 0 0 0 0 0 1 0 0 0 0 0 0 0 0 1 1 0 0 0 0 0 10 2 0 0 3 1 0 
34 27 0 0 0 0 0 1 0 0 0 0 0 0 0 0 1 1 0 0 0 0 0 10 2 0 0 3 1 0 
