http://siepp.com/index.php?option=com_sobi2&catid=12
defacement
10 9
2 3
2 4
2 8
2 9
8 7
8 0
8 1
8 5
8 6
27 22 0 0 0 0 0 1 0 0 0 0 0 0 0 0 0 1 0 0 0 0 0 9 1 0 0 3 1 0 
17 12 0 0 0 0 0 1 0 0 0 0 0 0 0 0 0 1 0 0 0 0 0 9 1 0 0 3 1 0 
52 38 3 0 1 0 2 2 0 0 0 0 0 0 0 0 0 1 0 0 0 0 0 9 1 0 22 3 1 0 
28 21 0 0 0 0 0 2 0 0 0 0 0 0 0 0 0 1 0 0 0 0 0 9 2 0 22 3 1 0 
43 34 0 0 0 2 0 1 0 0 0 0 0 0 0 0 0 1 0 0 0 0 0 9 3 0 0 3 1 0 
21 16 0 0 0 0 0 1 0 0 0 0 0 0 0 0 0 1 0 0 0 0 0 9 1 0 0 3 1 0 
31 26 0 0 0 0 0 2 0 0 0 0 0 0 0 0 1 1 0 0 0 0 1 23 0 0 0 3 1 0 
30 24 0 0 0 0 0 1 0 0 0 0 0 0 0 0 0 1 0 0 0 0 0 9 2 0 0 3 1 0 
46 37 0 0 0 0 0 4 0 0 0 0 0 0 0 2 1 1 0 0 0 0 1 18 2 0 5 3 1 0 
26 20 0 0 0 0 0 2 0 0 0 0 0 0 0 0 0 1 0 0 0 0 0 9 1 0 22 3 1 0 
