https://www.hyperlife.net/editing.htm
phishing
10 9
7 9
7 2
7 8
7 5
7 6
7 1
7 4
7 3
7 0
25 19 0 0 0 0 0 2 0 0 0 0 0 0 0 1 0 1 0 0 0 0 0 17 1 0 0 3 1 0 
52 40 0 0 0 0 0 2 0 0 0 0 0 0 0 0 0 1 0 0 0 0 0 16 2 0 0 3 1 0 
34 27 0 0 0 0 0 3 0 0 0 0 0 0 0 0 0 1 0 0 0 0 0 26 1 0 0 6 1 0 
34 28 0 0 0 0 0 2 0 0 0 0 0 0 0 1 0 1 0 0 0 0 0 26 1 0 0 3 1 0 
36 29 0 0 0 0 0 3 0 0 0 0 0 0 0 1 1 1 0 0 0 0 0 17 1 0 0 3 1 0 
45 18 21 0 0 0 0 2 0 0 0 0 0 0 0 0 1 1 0 0 0 0 0 15 1 0 0 3 1 0 
42 34 0 0 0 0 0 3 0 0 0 0 0 0 0 1 1 1 0 0 0 0 0 17 2 0 0 3 1 0 
37 30 0 0 0 0 0 3 0 0 0 0 0 0 0 1 1 1 0 0 0 0 0 17 1 0 43 3 1 0 
30 24 0 0 0 0 0 2 0 0 0 0 0 0 0 1 0 1 0 0 0 0 1 22 1 0 0 3 1 0 
34 27 0 0 0 0 0 3 0 0 0 0 0 0 0 1 1 1 0 0 0 0 0 17 1 0 0 3 1 0 
