https://celeblust.net/michelle_manhart/
benign
10 9
7 2
7 9
7 8
7 1
7 0
7 3
7 6
7 5
7 4
68 49 6 0 0 4 0 3 0 0 0 0 0 0 0 1 1 1 0 0 0 0 0 17 3 0 0 3 1 0 
35 30 0 0 0 0 0 2 0 0 0 0 0 0 0 0 1 1 0 0 0 0 1 27 0 0 0 12 1 0 
74 54 6 0 0 5 0 3 0 0 0 0 0 0 0 1 1 1 0 0 0 0 0 17 3 0 0 3 1 0 
77 57 6 0 0 5 0 3 0 0 0 0 0 0 0 1 1 1 0 0 0 0 0 17 3 0 0 3 1 0 
26 20 0 0 0 0 0 2 0 0 0 0 0 0 0 1 1 1 0 0 0 0 0 17 1 0 0 3 1 0 
75 55 6 0 0 5 0 3 0 0 0 0 0 0 0 1 1 1 0 0 0 0 0 17 3 0 0 3 1 0 
76 56 6 0 0 5 0 3 0 0 0 0 0 0 0 1 1 1 0 0 0 0 0 17 3 0 0 3 1 0 
39 32 0 0 0 0 0 1 0 0 0 0 0 0 0 0 1 1 0 0 0 0 0 13 2 0 27 3 1 0 
77 57 6 0 0 5 0 3 0 0 0 0 0 0 0 1 1 1 0 0 0 0 0 17 3 0 0 3 1 0 
74 54 6 0 0 5 0 3 0 0 0 0 0 0 0 1 1 1 0 0 0 0 0 17 3 0 0 3 1 0 
