https://resultrichard.typeform.com/to/d3KbWB
phishing
10 9
2 5
2 6
2 0
2 4
2 1
2 9
2 3
2 7
2 8
43 36 0 0 0 0 0 2 0 0 0 0 0 0 0 0 1 1 0 0 0 0 0 26 2 0 0 3 1 0 
24 19 0 0 0 0 0 2 0 0 0 0 0 0 0 1 1 1 0 0 0 0 0 16 0 0 0 3 1 0 
44 36 1 0 0 0 0 2 0 0 0 0 0 0 0 0 1 1 0 0 0 0 0 26 2 0 9 3 1 0 
37 28 1 0 0 0 0 2 0 0 0 0 0 0 0 0 1 1 0 0 0 0 0 18 3 0 0 3 1 0 
33 26 0 0 0 0 0 2 0 0 0 0 0 0 0 1 1 1 0 0 0 0 0 16 2 0 0 3 1 0 
40 33 0 0 0 0 0 2 0 0 0 0 0 0 0 0 1 1 0 0 0 0 0 26 2 0 0 3 1 0 
42 35 0 0 0 0 0 2 0 0 0 0 0 0 0 0 1 1 0 0 0 0 0 26 2 0 0 3 1 0 
32 25 0 0 0 0 0 2 0 0 0 0 0 0 0 1 1 1 0 0 0 0 0 16 2 0 0 3 1 0 
35 29 0 0 0 0 0 2 0 0 0 0 0 0 0 0 1 1 0 0 0 0 0 26 1 0 0 3 1 0 
43 36 0 0 0 0 0 2 0 0 0 0 0 0 0 0 1 1 0 0 0 0 0 26 2 0 0 3 1 0 
