https://proagency.tripod.com/cacounties.html
benign
10 9
8 3
8 5
8 6
8 9
8 7
8 4
8 2
8 1
8 0
27 22 0 0 0 0 0 2 0 0 0 0 0 0 0 0 0 1 0 0 0 0 0 20 0 0 0 3 1 0 
38 31 0 0 0 0 0 3 0 0 0 0 0 0 0 0 1 1 0 0 1 0 0 20 1 0 0 3 1 0 
44 36 0 0 0 1 0 3 0 0 0 0 0 0 0 1 1 1 0 0 0 0 0 16 1 0 0 3 1 0 
44 36 0 0 0 1 0 3 0 0 0 0 0 0 0 1 1 1 0 0 0 0 0 16 1 0 0 3 1 0 
40 32 0 0 0 1 0 3 0 0 0 0 0 0 0 0 1 1 0 0 0 0 0 20 1 0 0 3 1 0 
29 23 0 0 0 0 0 2 0 0 0 0 0 0 0 0 1 1 0 0 0 0 0 20 1 0 0 3 1 0 
43 35 0 0 0 1 0 3 0 0 0 0 0 0 0 1 1 1 0 0 0 0 0 16 1 0 0 3 1 0 
53 45 0 0 0 1 0 3 0 0 0 0 0 0 0 1 1 1 0 0 0 0 0 16 1 0 0 3 1 0 
44 37 0 0 0 0 0 3 0 0 0 0 0 0 0 0 1 1 0 0 0 0 0 20 1 0 9 3 1 0 
50 41 0 0 0 2 0 3 0 0 0 0 0 0 0 1 1 1 0 0 0 0 0 16 1 0 0 3 1 0 
