https://asaecenter.org/PublicationsResources/ANowDetail.cfm?ItemNumber=43358
benign
10 9
5 0
5 2
5 1
5 4
5 7
5 6
5 9
5 8
5 3
23 18 0 0 0 0 0 1 0 0 0 0 0 0 0 0 1 1 0 0 0 0 0 14 1 0 0 3 1 0 
34 28 0 0 0 0 0 2 0 0 0 0 0 0 0 0 1 1 0 0 0 0 0 25 1 0 0 3 1 0 
59 52 0 0 0 0 0 2 0 0 0 0 0 0 0 0 1 1 0 0 0 0 0 14 2 0 0 3 1 0 
34 28 0 0 0 0 0 1 0 0 0 0 0 0 0 0 1 1 0 0 0 0 0 14 2 0 0 3 1 0 
36 30 0 0 0 0 0 2 0 0 0 0 0 0 0 1 1 1 0 0 0 0 0 27 1 0 0 3 1 0 
76 62 5 0 1 0 1 2 0 0 0 0 0 0 0 0 1 1 0 0 0 0 0 14 2 0 12 3 1 0 
35 29 0 0 0 0 0 2 0 0 0 0 0 0 0 0 1 1 0 0 0 0 0 26 1 0 0 3 1 0 
27 22 0 0 0 0 0 1 0 0 0 0 0 0 0 0 0 1 0 0 0 0 0 19 1 0 0 3 1 0 
82 70 0 0 0 3 0 2 0 0 0 0 0 0 0 1 1 1 0 0 0 0 0 18 4 0 0 3 1 0 
25 20 0 0 0 0 0 1 0 0 0 0 0 0 0 0 0 1 0 0 0 0 0 17 1 0 0 3 1 0 
