http://lofeier.com/css/style.css?rte=1&tm=2&dn=lofeier.com&tid=1020&def=Akamai%3aHostingURL%3dhttp%3a%2f%2fi.nuseek.com
malware
10 9
4 6
4 5
4 7
4 0
4 3
4 9
4 8
4 1
4 2
37 27 3 0 0 0 0 2 0 0 0 0 0 0 0 0 0 1 0 0 0 0 0 11 2 0 0 3 1 0 
37 29 1 0 0 0 0 2 0 0 0 0 0 0 0 0 0 1 0 0 0 0 0 11 2 0 0 3 1 0 
30 21 3 0 0 0 0 2 0 0 0 0 0 0 0 0 0 1 0 0 0 0 0 11 1 0 0 3 1 0 
14 10 0 0 0 0 0 0 0 0 0 0 0 0 0 0 0 0 0 0 0 0 0 1 0 0 0 0 1 0 
119 83 11 0 1 0 5 5 0 5 0 0 0 0 0 0 0 2 0 0 0 0 0 11 2 0 16 3 1 0 
37 30 0 0 0 0 0 2 0 0 0 0 0 0 0 0 0 1 0 0 0 0 0 11 2 0 0 3 1 0 
37 29 1 0 0 0 0 2 0 0 0 0 0 0 0 0 0 1 0 0 0 0 0 11 2 0 0 3 1 0 
32 25 0 0 0 0 0 2 0 0 0 0 0 0 0 0 0 1 0 0 0 0 0 11 2 0 0 3 1 0 
30 21 3 0 0 0 0 2 0 0 0 0 0 0 0 0 0 1 0 0 0 0 0 11 1 0 0 3 1 0 
19 14 0 0 0 0 0 1 0 0 0 0 0 0 0 0 0 1 0 0 0 0 0 11 1 0 0 3 1 0 
