https://mokhtasr.net/assets/images/tim.it/tim/sms.html
phishing
10 9
6 9
6 1
6 3
6 4
6 5
6 0
6 2
6 7
6 8
83 32 24 0 0 1 0 1 0 20 0 0 0 0 0 0 1 1 0 0 0 0 0 12 2 0 0 3 1 0 
21 16 0 0 0 0 0 1 0 0 0 0 0 0 0 0 1 1 0 0 0 0 0 12 1 0 0 3 1 0 
34 27 0 0 0 0 0 1 0 0 0 0 0 0 0 0 1 1 0 0 0 0 0 13 3 0 0 3 1 0 
20 16 0 0 0 0 0 1 0 0 0 0 0 0 0 0 0 1 0 0 0 0 0 13 0 0 0 3 1 0 
89 36 24 0 0 1 0 1 0 22 0 0 0 0 0 0 1 1 0 0 0 0 0 12 2 0 0 3 1 0 
77 33 19 0 0 1 0 1 0 18 0 0 0 0 0 0 1 1 0 0 0 0 0 12 2 0 0 3 1 0 
54 43 0 0 0 0 0 3 0 0 0 0 0 0 0 0 1 1 0 0 0 0 0 12 5 0 21 3 1 0 
138 54 38 0 0 2 0 1 0 38 0 0 0 0 0 0 1 1 0 0 0 0 0 12 2 0 0 3 1 0 
66 44 9 0 0 2 0 2 0 0 0 0 0 0 0 0 1 1 0 0 0 0 0 12 5 0 0 3 1 0 
25 20 0 0 0 0 0 1 0 0 0 0 0 0 0 0 1 1 0 0 0 0 0 8 1 0 0 2 1 0 
