https://www.sdsc.edu/ScienceWomen/lovelace.html
phishing
10 9
0 8
0 5
0 1
0 3
0 2
0 7
0 6
9 4
9 0
47 39 0 0 0 0 0 3 0 0 0 0 0 0 0 1 1 1 0 0 0 0 0 12 2 0 7 3 1 0 
47 39 0 0 0 0 0 3 0 0 0 0 0 0 0 1 1 1 0 0 0 0 0 12 2 0 0 3 1 0 
45 37 0 0 0 0 0 3 0 0 0 0 0 0 0 1 1 1 0 0 0 0 0 12 2 0 0 3 1 0 
46 38 0 0 0 0 0 3 0 0 0 0 0 0 0 1 1 1 0 0 0 0 0 12 2 0 0 3 1 0 
45 37 0 0 0 0 0 3 0 0 0 0 0 0 0 1 1 1 0 0 0 0 0 12 2 0 0 3 1 0 
46 38 0 0 0 0 0 3 0 0 0 0 0 0 0 1 1 1 0 0 0 0 0 12 2 0 0 3 1 0 
46 38 0 0 0 0 0 3 0 0 0 0 0 0 0 1 1 1 0 0 0 0 0 12 2 0 0 3 1 0 
44 36 0 0 0 0 0 3 0 0 0 0 0 0 0 1 1 1 0 0 0 0 0 12 2 0 0 3 1 0 
44 36 0 0 0 0 0 3 0 0 0 0 0 0 0 1 1 1 0 0 0 0 0 12 2 0 0 3 1 0 
47 39 0 0 0 0 0 3 0 0 0 0 0 0 0 1 1 1 0 0 0 0 0 12 2 0 6 3 1 0 
