https://www.eiminc.com/pageasset.htm
phishing
10 9
4 5
4 7
4 3
4 2
4 8
4 6
4 0
4 9
4 1
54 45 0 0 0 2 0 1 0 0 0 0 0 0 0 0 1 1 0 0 0 0 0 18 3 0 0 3 1 0 
20 3 11 0 0 3 0 0 0 0 0 0 0 0 0 0 0 0 0 0 0 0 0 14 0 0 0 0 1 0 
27 21 0 0 0 1 0 1 0 0 0 0 0 0 0 0 1 1 0 0 0 0 0 18 1 0 0 3 1 0 
37 30 0 0 0 1 0 1 0 0 0 0 0 0 0 0 1 1 0 0 0 0 0 18 2 0 0 3 1 0 
36 29 0 0 0 0 0 3 0 0 0 0 0 0 0 1 1 1 0 0 0 0 0 14 1 0 13 3 1 0 
64 54 0 0 0 3 0 1 0 0 0 0 0 0 0 0 1 1 0 0 0 0 0 18 3 0 0 3 1 0 
55 46 0 0 0 2 0 1 0 0 0 0 0 0 0 0 1 1 0 0 0 0 0 18 3 0 0 3 1 0 
50 41 0 0 0 2 0 1 0 0 0 0 0 0 0 0 1 1 0 0 0 0 0 18 3 0 0 3 1 0 
30 23 0 0 0 0 0 2 0 0 0 0 0 0 0 1 1 1 0 0 0 0 0 14 2 0 0 3 1 0 
26 21 0 0 0 1 0 1 0 0 0 0 0 0 0 0 1 1 0 0 0 0 0 18 0 0 0 3 1 0 
