https://donsgamecloset.com/GameRulesS.html
benign
10 9
7 3
7 2
7 9
7 8
7 0
7 6
7 1
7 5
7 4
44 38 0 0 0 0 0 2 0 0 0 0 0 0 0 0 1 1 0 0 0 0 1 18 1 0 0 3 1 0 
31 26 0 1 0 0 0 1 0 0 0 0 0 0 0 0 0 0 0 0 0 0 1 22 0 0 0 3 1 0 
55 46 2 0 0 0 0 3 0 0 0 0 0 0 0 1 0 1 0 0 0 0 1 22 1 0 0 3 1 0 
54 45 2 0 0 0 0 3 0 0 0 0 0 0 0 1 0 1 0 0 0 0 1 22 1 0 0 3 1 0 
36 28 0 0 0 1 0 2 0 0 0 0 0 0 0 1 0 1 0 0 1 0 0 14 2 0 0 3 1 0 
37 29 0 0 0 1 0 2 0 0 0 0 0 0 0 1 1 1 0 0 1 0 0 14 2 0 0 3 1 0 
42 36 0 0 0 0 0 2 0 0 0 0 0 0 0 0 1 1 0 0 0 0 1 18 1 0 0 3 1 0 
42 36 0 0 0 0 0 2 0 0 0 0 0 0 0 0 1 1 0 0 0 0 1 18 1 0 441 3 1 0 
42 36 0 0 0 0 0 2 0 0 0 0 0 0 0 0 1 1 0 0 0 0 1 18 1 0 0 3 1 0 
45 39 0 0 0 0 0 2 0 0 0 0 0 0 0 0 1 1 0 0 0 0 1 18 1 0 0 3 1 0 
