http://www.istracentrum.sk/fotogalerie/94-fotoforum-2012/detail/1600-dscn2315?tmpl=component&phocadownload=1
defacement
10 9
0 6
0 1
0 8
0 2
0 3
0 7
0 9
0 5
0 4
108 77 15 0 1 3 2 2 0 0 0 0 0 0 0 1 0 1 0 0 0 0 0 19 4 0 10 2 1 0 
47 34 4 0 0 1 0 2 0 0 0 0 0 0 0 1 1 1 0 0 0 0 0 19 3 0 0 2 1 0 
77 51 14 0 0 3 0 2 0 0 0 0 0 0 0 1 0 1 0 0 0 0 0 19 4 0 0 2 1 0 
45 32 4 0 0 1 0 2 0 0 0 0 0 0 0 1 1 1 0 0 0 0 0 19 3 0 0 2 1 0 
47 34 4 0 0 1 0 2 0 0 0 0 0 0 0 1 1 1 0 0 0 0 0 19 3 0 0 2 1 0 
28 22 0 0 0 0 0 2 0 0 0 0 0 0 0 1 1 1 0 0 0 0 0 19 1 0 0 2 1 0 
38 29 1 0 0 1 0 2 0 0 0 0 0 0 0 1 1 1 0 0 0 0 0 19 2 0 0 2 1 0 
36 29 0 0 0 0 0 2 0 0 0 0 0 0 0 1 1 1 0 0 0 0 0 19 2 0 0 2 1 0 
52 42 0 0 0 3 0 2 0 0 0 0 0 0 0 1 1 1 0 0 0 0 0 19 2 0 0 2 1 0 
27 22 0 0 0 0 0 2 0 0 0 0 0 0 0 1 1 1 0 0 0 0 0 19 0 0 0 2 1 0 
