http://www.bnrwatersport.nl/index.html
defacement
10 9
3 8
8 6
8 9
8 7
8 1
8 4
8 2
8 0
8 5
38 31 0 0 0 0 0 3 0 0 0 0 0 0 0 1 1 1 0 0 0 0 0 20 1 0 0 2 1 0 
37 30 0 0 0 0 0 3 0 0 0 0 0 0 0 0 1 1 0 0 0 0 0 19 1 0 0 2 1 0 
37 30 0 0 0 0 0 3 0 0 0 0 0 0 0 0 1 1 0 0 0 0 0 19 1 0 0 2 1 0 
38 31 0 0 0 0 0 3 0 0 0 0 0 0 0 1 0 1 0 0 0 0 0 20 1 0 1 2 1 0 
37 30 0 0 0 0 0 3 0 0 0 0 0 0 0 0 1 1 0 0 0 0 0 19 1 0 0 2 1 0 
37 30 0 0 0 0 0 3 0 0 0 0 0 0 0 0 1 1 0 0 0 0 0 19 1 0 0 2 1 0 
37 30 0 0 0 0 0 3 0 0 0 0 0 0 0 0 1 1 0 0 0 0 0 19 1 0 0 2 1 0 
37 30 0 0 0 0 0 3 0 0 0 0 0 0 0 0 1 1 0 0 0 0 0 19 1 0 0 2 1 0 
37 30 0 0 0 0 0 3 0 0 0 0 0 0 0 1 0 1 0 0 0 0 0 20 1 0 8 2 1 0 
37 30 0 0 0 0 0 3 0 0 0 0 0 0 0 0 1 1 0 0 0 0 0 19 1 0 0 2 1 0 
