https://hepsibahisgirisimiz.blogspot.com/
phishing
10 9
2 7
2 9
2 1
2 0
2 4
2 8
2 6
3 5
3 2
53 46 0 0 0 0 0 2 0 0 0 0 0 0 0 0 1 1 0 0 0 0 1 32 2 0 0 12 1 0 
53 46 0 0 0 0 0 2 0 0 0 0 0 0 0 0 1 1 0 0 0 0 1 32 2 0 0 12 1 0 
23 18 0 0 0 0 0 2 0 0 0 0 0 0 0 1 1 1 0 0 0 0 0 15 0 0 9 3 1 0 
41 35 0 0 0 0 0 2 0 0 0 0 0 0 0 0 1 1 0 0 0 0 1 32 1 0 3 12 1 0 
54 47 0 0 0 0 0 2 0 0 0 0 0 0 0 0 1 1 0 0 0 0 1 32 2 0 0 12 1 0 
39 31 0 0 0 1 0 2 0 0 0 0 0 0 0 1 1 1 0 0 0 0 0 15 2 0 0 3 1 0 
48 41 0 0 0 0 0 2 0 0 0 0 0 0 0 0 1 1 0 0 0 0 1 32 2 0 0 12 1 0 
58 51 0 0 0 0 0 2 0 0 0 0 0 0 0 0 1 1 0 0 0 0 1 32 2 0 0 12 1 0 
50 43 0 0 0 0 0 2 0 0 0 0 0 0 0 0 1 1 0 0 1 0 1 32 2 0 0 12 1 0 
48 41 0 0 0 0 0 2 0 0 0 0 0 0 0 0 1 1 0 0 0 0 1 32 2 0 0 12 1 0 
