http://www.fredhopper.com/onsite-targeting/index.html
defacement
10 9
3 1
3 6
3 0
3 4
3 9
3 8
3 7
3 5
3 2
27 20 0 0 0 0 0 2 0 0 0 0 0 0 0 1 1 1 0 0 0 0 1 15 2 0 0 3 1 0 
65 56 0 0 0 1 0 2 0 0 0 0 0 0 0 1 0 1 0 0 0 0 0 18 3 0 0 3 1 0 
68 58 0 0 0 2 0 2 0 0 0 0 0 0 0 1 0 1 0 0 0 0 0 18 3 0 0 3 1 0 
53 44 0 0 0 1 0 3 0 0 0 0 0 0 0 1 0 1 0 0 0 0 0 18 2 0 10 3 1 0 
27 20 0 0 0 0 0 2 0 0 0 0 0 0 0 1 1 1 0 0 0 0 1 15 2 0 0 3 1 0 
62 53 0 0 0 1 0 2 0 0 0 0 0 0 0 1 0 1 0 0 0 0 0 18 3 0 0 3 1 0 
47 38 0 0 0 1 0 2 0 0 0 0 0 0 0 1 0 1 0 0 0 0 0 18 3 0 0 3 1 0 
28 22 0 0 0 0 0 2 0 0 0 0 0 0 0 0 1 1 0 0 0 0 1 19 1 0 0 3 1 0 
49 40 0 0 0 1 0 2 0 0 0 0 0 0 0 1 0 1 0 0 0 0 0 18 3 0 0 3 1 0 
23 18 0 0 0 0 0 2 0 0 0 0 0 0 0 1 1 1 0 0 0 0 1 15 0 0 0 3 1 0 
