http://www.kospel.pl/pl/component/mailto/index.html?tmpl=component&link=aHR0cDovL3d3dy5rb3NwZWwucGwvcGwva29udGFrdC5odG1s
defacement
10 9
1 3
1 0
1 7
1 5
1 6
1 4
1 2
1 8
1 9
51 41 0 0 0 2 0 2 0 0 0 0 0 0 0 1 0 1 0 0 0 0 0 13 3 0 0 2 1 0 
120 97 9 0 1 0 2 3 0 0 0 0 0 0 0 1 0 1 0 0 0 0 0 13 4 0 12 2 1 0 
51 41 0 0 0 0 0 3 0 0 0 0 0 0 0 1 0 1 0 0 0 0 0 13 4 0 0 2 1 0 
55 46 0 0 0 1 0 2 0 0 0 0 0 0 0 1 0 1 0 0 0 0 0 13 3 0 0 2 1 0 
24 20 0 0 0 0 0 1 0 0 0 0 0 0 0 0 1 1 0 0 0 0 0 16 0 0 0 3 1 0 
17 13 0 0 0 0 0 1 0 0 0 0 0 0 0 0 1 1 0 0 0 0 0 9 0 0 0 2 1 0 
55 46 0 0 0 1 0 2 0 0 0 0 0 0 0 1 0 1 0 0 0 0 0 13 3 0 0 2 1 0 
17 13 0 0 0 0 0 1 0 0 0 0 0 0 0 0 1 1 0 0 0 0 0 9 0 0 0 2 1 0 
18 13 0 0 0 0 0 1 0 0 0 0 0 0 0 0 1 1 0 0 0 0 0 9 1 0 0 2 1 0 
17 13 0 0 0 0 0 1 0 0 0 0 0 0 0 0 1 1 0 0 0 0 0 9 0 0 0 2 1 0 
