https://groups.yahoo.com/group/LogoForum/
phishing
10 9
7 4
7 3
7 6
7 9
7 0
7 5
7 2
7 8
7 1
26 20 0 0 0 0 0 2 0 0 0 0 0 0 0 0 1 1 0 0 0 0 0 17 1 0 0 3 1 0 
22 16 0 0 0 0 0 2 0 0 0 0 0 0 0 1 1 1 0 0 0 0 0 13 1 0 0 3 1 0 
27 21 0 0 0 0 0 2 0 0 0 0 0 0 0 0 1 1 0 0 0 0 0 18 1 0 0 3 1 0 
36 29 0 0 0 0 0 2 0 0 0 0 0 0 0 1 1 1 0 0 0 0 0 13 2 0 0 3 1 0 
23 17 0 0 0 0 0 2 0 0 0 0 0 0 0 0 1 1 0 0 0 0 0 14 1 0 0 3 1 0 
24 18 0 0 0 0 0 2 0 0 0 0 0 0 0 0 1 1 0 0 1 0 0 15 1 0 0 3 1 0 
25 19 0 0 0 0 0 2 0 0 0 0 0 0 0 0 1 1 0 0 0 0 0 16 1 0 0 3 1 0 
41 33 0 0 0 0 0 2 0 0 0 0 0 0 0 0 1 1 0 0 0 0 0 16 3 0 11 3 1 0 
23 17 0 0 0 0 0 2 0 0 0 0 0 0 0 0 1 1 0 0 0 0 0 14 1 0 0 3 1 0 
32 25 0 0 0 0 0 2 0 0 0 0 0 0 0 1 1 1 0 0 0 0 0 13 2 0 0 3 1 0 
