https://enchantedlearning.com/explorers/page/l/laverendrye.shtml
benign
10 9
3 4
3 8
3 0
3 5
3 7
3 6
3 1
3 9
3 2
37 32 0 0 0 0 0 2 0 0 0 0 0 0 0 0 1 1 0 0 0 0 0 29 0 0 0 3 0 0 
36 30 0 0 0 0 0 1 0 0 0 0 0 0 0 0 1 1 0 0 0 0 0 11 2 0 0 3 1 0 
48 41 0 0 0 0 0 2 0 0 0 0 0 0 0 0 1 1 0 0 0 0 0 21 2 0 0 3 1 0 
64 55 0 0 0 0 0 2 0 0 0 0 0 0 0 0 1 1 0 0 0 0 0 21 4 0 11 3 1 0 
43 37 0 0 0 0 0 1 0 0 0 0 0 0 0 0 1 1 0 0 0 0 0 21 2 0 0 3 1 0 
49 42 0 0 0 0 0 2 0 0 0 0 0 0 0 0 1 1 0 0 0 0 0 21 2 0 0 3 1 0 
44 38 0 0 0 0 0 2 0 0 0 0 0 0 0 0 1 1 0 0 0 0 0 21 1 0 0 3 1 0 
45 39 0 0 0 0 0 2 0 0 0 0 0 0 0 0 1 1 0 0 0 0 0 21 1 0 0 3 1 0 
40 34 0 0 0 0 0 2 0 0 0 0 0 0 0 0 1 1 0 0 0 0 0 21 1 0 0 3 1 0 
48 41 0 0 0 0 0 3 0 0 0 0 0 0 0 0 1 1 0 0 0 0 0 29 1 0 0 3 0 0 
