http://betasusturkiye.blogspot.com
phishing
10 9
2 4
2 7
2 6
2 8
2 0
3 9
3 5
3 1
3 2
48 41 0 0 0 0 0 2 0 0 0 0 0 0 0 0 0 1 0 0 0 0 1 27 2 0 0 12 1 0 
35 22 6 0 0 0 0 2 0 0 0 0 0 0 0 1 0 1 0 0 0 0 1 14 2 0 0 3 1 0 
23 18 0 0 0 0 0 2 0 0 0 0 0 0 0 1 1 1 0 0 0 0 0 15 0 0 9 3 1 0 
34 29 0 0 0 0 0 2 0 0 0 0 0 0 0 0 0 1 0 0 0 0 1 27 0 0 7 12 1 0 
44 37 0 0 0 0 0 2 0 0 0 0 0 0 0 0 0 1 0 0 1 0 1 27 2 0 0 12 1 0 
39 31 0 0 0 1 0 2 0 0 0 0 0 0 0 1 1 1 0 0 0 0 0 15 2 0 0 3 1 0 
42 35 0 0 0 0 0 2 0 0 0 0 0 0 0 0 0 1 0 0 0 0 1 27 2 0 0 12 1 0 
52 45 0 0 0 0 0 2 0 0 0 0 0 0 0 0 0 1 0 0 0 0 1 27 2 0 0 12 1 0 
47 40 0 0 0 0 0 2 0 0 0 0 0 0 0 0 0 1 0 0 0 0 1 27 2 0 0 12 1 0 
52 25 20 0 0 0 0 2 0 0 0 0 0 0 0 1 1 1 0 0 0 0 0 15 2 0 0 3 1 0 
