https://healtotoe.co.uk/a1/excelz/bizmail.php?email=nobody@mycraftmail.com
phishing
10 9
4 7
4 2
4 5
4 8
4 3
4 6
4 9
4 0
4 1
35 28 0 0 0 0 0 2 0 0 0 0 0 0 0 0 1 1 0 0 0 0 0 15 2 0 0 5 1 0 
33 26 0 0 0 0 0 2 0 0 0 0 0 0 0 0 1 1 0 0 0 0 0 15 2 0 0 5 1 0 
34 26 0 0 0 1 0 2 0 0 0 0 0 0 0 0 1 1 0 0 0 0 0 15 2 0 0 5 1 0 
31 24 0 0 0 0 0 2 0 0 0 0 0 0 0 0 1 1 0 0 0 0 0 15 2 0 0 5 1 0 
74 60 1 1 1 0 1 4 0 0 0 0 0 0 0 0 1 1 0 0 0 0 0 15 3 0 10 5 1 0 
38 30 0 0 0 1 0 2 0 0 0 0 0 0 0 0 1 1 0 0 0 0 0 15 2 0 0 5 1 0 
24 18 0 0 0 0 0 2 0 0 0 0 0 0 0 0 1 1 0 0 0 0 0 15 1 0 0 5 1 0 
36 29 0 0 0 0 0 2 0 0 0 0 0 0 0 0 1 1 0 0 0 0 0 15 2 0 0 5 1 0 
35 28 0 0 0 0 0 2 0 0 0 0 0 0 0 0 1 1 0 0 0 0 0 15 2 0 0 5 1 0 
33 25 0 0 0 1 0 2 0 0 0 0 0 0 0 0 1 1 0 0 0 0 0 15 2 0 0 5 1 0 
