https://www.epa.gov/ttn/atw/fabric/fabrictsdp.pdf
phishing
10 9
2 7
2 6
2 4
2 9
2 5
2 1
2 0
2 3
2 8
27 21 0 0 0 0 0 2 0 0 0 0 0 0 0 1 1 1 0 0 0 0 0 11 1 0 0 3 1 0 
34 27 0 0 0 1 0 2 0 0 0 0 0 0 0 1 1 1 0 0 0 0 0 11 1 0 0 3 1 0 
49 39 0 0 0 0 0 3 0 0 0 0 0 0 0 1 1 1 0 0 0 0 0 11 4 0 10 3 1 0 
38 31 0 0 0 1 0 2 0 0 0 0 0 0 0 1 1 1 0 0 0 0 0 11 1 0 0 3 1 0 
51 42 0 0 0 2 0 2 0 0 0 0 0 0 0 1 1 1 0 0 0 0 0 11 2 0 0 3 1 0 
68 57 0 0 0 4 0 2 0 0 0 0 0 0 0 1 1 1 0 0 0 0 0 11 2 0 0 3 1 0 
26 20 0 0 0 0 0 2 0 0 0 0 0 0 0 1 1 1 0 0 0 0 0 11 1 0 0 3 1 0 
40 33 0 0 0 1 0 2 0 0 0 0 0 0 0 1 1 1 0 0 0 0 0 11 1 0 0 3 1 0 
78 67 0 0 0 4 0 2 0 0 0 0 0 0 0 1 1 1 0 0 0 0 0 11 2 0 0 3 1 0 
20 14 0 0 0 0 0 2 0 0 0 0 0 0 0 1 1 1 0 0 0 0 0 11 1 0 7 3 1 0 
