https://savannah.nongnu.org/projects/acrobot/
phishing
10 9
0 3
0 2
0 6
0 4
0 8
0 9
0 7
0 1
0 5
45 37 0 0 0 0 0 2 0 0 0 0 0 0 0 0 1 1 0 0 0 0 0 19 3 0 9 3 1 0 
37 30 0 0 0 0 0 2 0 0 0 0 0 0 0 0 1 1 0 0 0 0 0 19 2 0 0 3 1 0 
45 37 0 0 0 0 0 3 0 0 0 0 0 0 0 0 1 1 0 0 1 0 0 19 2 0 0 3 1 0 
36 27 2 0 0 0 0 3 0 0 0 0 0 0 0 0 1 1 0 0 0 0 0 19 1 0 0 3 1 0 
28 22 0 0 0 0 0 2 0 0 0 0 0 0 0 0 1 1 0 0 0 0 0 19 1 0 0 3 1 0 
35 28 0 0 0 0 0 2 0 0 0 0 0 0 0 0 1 1 0 0 0 0 0 19 2 0 0 3 1 0 
48 40 0 0 0 0 0 3 0 0 0 0 0 0 0 0 1 1 0 0 1 0 0 19 2 0 0 3 1 0 
44 36 0 0 0 0 0 3 0 0 0 0 0 0 0 0 1 1 0 0 0 0 0 19 2 0 0 3 1 0 
44 37 0 0 0 0 0 2 0 0 0 0 0 0 0 0 1 1 0 0 0 0 0 19 2 0 0 3 1 0 
53 45 0 0 0 0 0 3 0 0 0 0 0 0 0 0 1 1 0 0 0 0 0 19 2 0 0 3 1 0 
