http://packagingpro.nl/assortiment/dozen/6-speedpack?layout=blog
defacement
10 9
1 6
1 0
1 9
1 4
1 8
1 2
1 7
1 3
5 1
32 26 0 0 0 0 0 1 0 0 0 0 0 0 0 0 0 1 0 0 0 0 0 15 2 0 0 2 1 0 
22 17 0 0 0 0 0 2 0 0 0 0 0 0 0 1 0 1 0 0 0 0 0 15 0 0 14 2 1 0 
31 25 0 0 0 0 0 1 0 0 0 0 0 0 0 0 0 1 0 0 0 0 0 15 2 0 0 2 1 0 
28 22 0 0 0 0 0 1 0 0 0 0 0 0 0 0 0 1 0 0 0 0 0 15 2 0 0 2 1 0 
32 25 0 0 0 1 0 1 0 0 0 0 0 0 0 0 0 1 0 0 0 0 0 15 2 0 0 2 1 0 
64 53 1 0 1 1 1 1 0 0 0 0 0 0 0 0 0 1 0 0 0 0 0 15 3 0 1 2 1 0 
23 18 0 0 0 0 0 1 0 0 0 0 0 0 0 0 0 1 0 0 0 0 0 15 1 0 0 2 1 0 
37 30 0 0 0 1 0 1 0 0 0 0 0 0 0 0 0 1 0 0 0 0 0 15 2 0 0 2 1 0 
52 43 1 0 0 1 0 1 0 0 0 0 0 0 0 0 0 1 0 0 0 0 0 15 3 0 0 2 1 0 
33 27 0 0 0 0 0 1 0 0 0 0 0 0 0 0 0 1 0 0 0 0 0 15 2 0 0 2 1 0 
