https://fbam.do.am/
benign
10 9
7 2
7 9
7 6
7 5
7 8
7 0
7 1
7 4
7 3
30 23 0 0 0 0 0 2 0 0 0 0 0 0 0 1 1 1 0 0 0 0 0 12 2 0 0 3 1 0 
26 19 0 0 0 0 0 2 0 0 0 0 0 0 0 1 1 1 0 0 0 0 0 12 2 0 0 3 1 0 
26 19 0 0 0 0 0 2 0 0 0 0 0 0 0 1 1 1 0 0 0 0 0 12 2 0 0 3 1 0 
27 20 0 0 0 0 0 2 0 0 0 0 0 0 0 1 1 1 0 0 0 0 0 12 2 0 0 3 1 0 
21 15 0 0 0 0 0 2 0 0 0 0 0 0 0 1 1 1 0 0 0 0 0 12 1 0 0 3 1 0 
29 22 0 0 0 0 0 2 0 0 0 0 0 0 0 1 1 1 0 0 0 0 0 12 2 0 0 3 1 0 
20 15 0 0 0 0 0 2 0 0 0 0 0 0 0 1 1 1 0 0 0 0 0 12 0 0 0 3 1 0 
19 13 0 0 0 0 0 2 0 0 0 0 0 0 0 0 1 1 0 0 0 0 0 10 1 0 14 2 1 0 
21 15 0 0 0 0 0 2 0 0 0 0 0 0 0 0 1 1 0 0 0 0 0 12 1 0 0 3 1 0 
28 22 0 0 0 0 0 2 0 0 0 0 0 0 0 1 1 1 0 0 0 0 0 12 1 0 0 3 1 0 
