https://wolfgangsvault.com/crown-city-rockers/
benign
10 9
6 8
6 0
6 7
6 3
6 9
6 1
6 5
6 4
6 2
48 40 0 0 0 1 0 2 0 0 0 0 0 0 0 0 1 1 0 0 0 0 1 18 2 0 0 3 1 0 
38 30 0 0 0 2 0 2 0 0 0 0 0 0 0 0 1 1 0 0 0 0 0 18 1 0 0 4 1 0 
46 38 0 0 0 1 0 2 0 0 0 0 0 0 0 0 1 1 0 0 0 0 1 18 2 0 0 3 1 0 
41 34 0 0 0 1 0 1 0 0 0 0 0 0 0 0 1 1 0 0 0 0 1 18 2 0 0 3 1 0 
27 22 0 0 0 0 0 1 0 0 0 0 0 0 0 0 1 1 0 0 0 0 1 18 1 0 0 3 1 0 
51 42 0 0 0 3 0 1 0 0 0 0 0 0 0 0 1 1 0 0 0 0 1 18 2 0 0 3 1 0 
46 38 0 0 0 2 0 1 0 0 0 0 0 0 0 0 1 1 0 0 0 0 1 18 2 0 15 3 1 0 
39 33 0 0 0 0 0 2 0 0 0 0 0 0 0 0 1 1 0 0 0 0 1 18 1 0 0 3 1 0 
74 63 0 0 0 4 0 2 0 0 0 0 0 0 0 0 1 1 0 0 0 0 1 18 2 0 0 3 1 0 
53 44 0 0 0 3 0 1 0 0 0 0 0 0 0 0 1 1 0 0 0 0 1 18 2 0 0 3 1 0 
