https://amsoftw.tripod.com/index.htm
phishing
10 9
4 2
4 9
4 6
4 3
4 7
6 1
7 8
7 5
7 0
19 14 0 0 0 0 0 2 0 0 0 0 0 0 0 1 0 1 0 0 0 0 0 12 0 0 0 3 1 0 
43 36 0 0 0 0 0 3 0 0 0 0 0 0 0 0 1 1 0 0 0 0 0 18 1 0 0 3 1 0 
35 26 2 0 0 0 0 3 0 0 0 0 0 0 0 0 1 1 0 0 0 0 0 18 1 0 0 3 1 0 
35 26 2 0 0 0 0 3 0 0 0 0 0 0 0 0 1 1 0 0 0 0 0 18 1 0 0 3 1 0 
36 29 0 0 0 0 0 3 0 0 0 0 0 0 0 0 1 1 0 0 0 0 0 18 1 0 5 3 1 0 
23 18 0 0 0 0 0 2 0 0 0 0 0 0 0 1 0 1 0 0 0 0 1 16 0 0 0 3 1 0 
34 26 1 0 0 0 0 3 0 0 0 0 0 0 0 0 1 1 0 0 0 0 0 18 1 0 1 3 1 0 
34 26 1 0 0 0 0 3 0 0 0 0 0 0 0 0 1 1 0 0 0 0 0 18 1 0 3 3 1 0 
21 16 0 0 0 0 0 2 0 0 0 0 0 0 0 1 0 1 0 0 0 0 0 14 0 0 0 3 1 0 
34 26 1 0 0 0 0 3 0 0 0 0 0 0 0 0 1 1 0 0 0 0 0 18 1 0 0 3 1 0 
