http://www.radioniepokalanow.pl/pielgrzymki.html
defacement
10 9
9 6
9 8
9 5
9 0
9 1
9 7
9 3
9 2
9 4
41 34 0 0 0 1 0 1 0 0 0 0 0 0 0 0 0 1 0 0 0 0 0 20 2 0 0 2 1 0 
43 36 0 0 0 0 0 2 0 0 0 0 0 0 0 1 1 1 0 0 0 0 0 16 2 0 0 3 1 0 
37 22 9 0 0 1 0 1 0 0 0 0 0 0 0 0 1 1 0 0 0 0 0 14 1 0 0 3 1 0 
35 29 0 0 0 0 0 1 0 0 0 0 0 0 0 0 1 1 0 0 0 0 0 11 1 0 0 3 1 0 
28 23 0 0 0 0 0 1 0 0 0 0 0 0 0 0 0 1 0 0 0 0 0 20 1 0 0 2 1 0 
35 29 0 0 0 0 0 1 0 0 0 0 0 0 0 0 0 1 0 0 0 0 0 20 2 0 0 2 1 0 
37 31 0 0 0 0 0 1 0 0 0 0 0 0 0 0 0 1 0 0 0 0 0 20 2 0 0 2 1 0 
55 47 0 0 0 1 0 2 0 0 0 0 0 0 0 0 0 1 0 0 0 0 0 20 2 0 0 2 1 0 
39 31 1 0 0 1 0 1 0 0 0 0 0 0 0 0 0 1 0 0 0 0 0 20 2 0 0 2 1 0 
48 41 0 0 0 0 0 3 0 0 0 0 0 0 0 1 0 1 0 0 0 0 0 24 1 0 13 2 1 0 
