https://aktivisrehberi.de
phishing
8 7
0 1
0 6
5 4
5 2
5 3
5 0
5 7
46 38 0 0 0 2 0 1 0 0 0 0 0 0 0 0 1 1 0 0 0 0 0 17 2 0 14 2 1 0 
30 24 0 1 0 1 0 1 0 0 0 0 0 0 0 0 0 0 0 0 0 0 0 21 0 0 0 2 1 0 
35 29 0 0 0 0 0 1 0 0 0 0 0 0 0 0 1 1 0 0 0 0 0 17 2 0 13 2 1 0 
26 21 0 0 0 0 0 1 0 0 0 0 0 0 0 0 1 1 0 0 0 0 0 17 1 0 12 2 1 0 
49 28 14 0 0 0 0 2 0 0 0 0 0 0 0 0 1 1 0 0 0 0 0 14 2 0 0 3 1 0 
25 21 0 0 0 0 0 1 0 0 0 0 0 0 0 0 1 1 0 0 0 0 0 17 0 0 12 2 1 0 
31 26 0 1 0 0 0 1 0 0 0 0 0 0 0 0 0 0 0 0 0 0 0 22 0 0 0 2 1 0 
33 28 0 0 0 0 0 2 0 0 0 0 0 0 0 1 0 1 0 0 0 0 0 26 0 0 0 3 1 0 
