https://www.softpanorama.org/Algorithms/searching.shtml
phishing
10 9
0 6
0 5
0 8
0 9
0 2
0 7
0 1
0 3
0 4
55 47 0 0 0 0 0 3 0 0 0 0 0 0 0 1 1 1 0 0 0 0 0 20 2 0 10 3 1 0 
44 36 0 0 0 0 0 3 0 0 0 0 0 0 0 1 1 1 0 0 0 0 0 20 2 0 0 3 1 0 
46 38 0 0 0 0 0 3 0 0 0 0 0 0 0 1 1 1 0 0 0 0 0 20 2 0 0 3 1 0 
62 52 0 0 0 0 0 3 0 0 0 0 0 0 0 1 1 1 0 0 0 0 0 20 3 0 0 3 1 0 
64 54 0 0 0 0 0 3 0 0 0 0 0 0 0 1 1 1 0 0 0 0 0 20 3 0 0 3 1 0 
42 34 0 0 0 0 0 3 0 0 0 0 0 0 0 1 1 1 0 0 0 0 0 20 2 0 0 3 1 0 
81 70 0 0 0 0 0 3 0 0 0 0 0 0 0 1 1 1 0 0 0 0 0 20 4 0 0 3 1 0 
40 33 0 0 0 0 0 3 0 0 0 0 0 0 0 1 1 1 0 0 0 0 0 20 1 0 0 3 1 0 
55 45 0 0 0 0 0 3 0 0 0 0 0 0 0 1 1 1 0 0 0 0 0 20 2 0 0 3 1 0 
46 39 0 0 0 0 0 3 0 0 0 0 0 0 0 1 1 1 0 0 0 0 0 20 1 0 0 3 1 0 
