https://www.british-history.ac.uk/report.aspx?compid=22161
phishing
10 9
2 0
2 4
2 8
2 6
2 1
2 7
2 5
2 9
2 3
43 35 0 0 0 1 0 3 0 0 0 0 0 0 0 1 1 1 0 0 0 0 0 25 1 0 0 5 1 0 
34 26 0 0 0 1 0 3 0 0 0 0 0 0 0 1 1 1 0 0 0 0 0 25 1 0 0 5 1 0 
58 42 5 0 1 1 1 4 0 0 0 0 0 0 0 1 1 1 0 0 0 0 0 25 1 0 11 5 1 0 
40 32 0 0 0 1 0 3 0 0 0 0 0 0 0 1 1 1 0 0 0 0 0 25 1 0 0 5 1 0 
45 36 0 0 0 1 0 4 0 0 0 0 0 0 0 1 1 1 0 0 0 0 0 25 1 0 0 5 1 0 
43 34 0 0 0 2 0 3 0 0 0 0 0 0 0 1 1 1 0 0 0 0 0 25 1 0 0 5 1 0 
44 35 0 0 0 1 0 3 0 0 0 0 0 0 0 1 1 1 0 0 1 0 0 25 2 0 0 5 1 0 
43 35 0 0 0 1 0 3 0 0 0 0 0 0 0 1 1 1 0 0 0 0 0 25 1 0 0 5 1 0 
58 47 0 0 0 3 0 3 0 0 0 0 0 0 0 1 1 1 0 0 0 0 0 25 2 0 0 5 1 0 
39 31 0 0 0 1 0 3 0 0 0 0 0 0 0 1 1 1 0 0 0 0 0 25 1 0 0 5 1 0 
