https://wmagri.co.uk/wp-content/plugins/wordfence/modules/login-security/include.php
malware
10 9
5 8
5 1
5 9
5 2
5 7
5 0
5 3
5 6
5 4
39 31 0 0 0 2 0 2 0 0 0 0 0 0 0 0 1 1 0 0 0 0 0 12 1 0 0 5 1 0 
31 24 0 0 0 1 0 2 0 0 0 0 0 0 0 0 1 1 0 0 0 0 0 12 1 0 0 5 1 0 
17 3 11 0 0 0 0 0 0 0 0 0 0 0 0 0 0 0 0 0 0 0 0 11 0 0 0 0 1 0 
21 15 0 0 0 0 0 2 0 0 0 0 0 0 0 0 1 1 0 0 0 0 0 12 1 0 0 5 1 0 
86 71 0 0 0 9 0 2 0 0 0 0 0 0 0 0 1 1 0 0 0 0 0 12 1 0 0 5 1 0 
84 70 0 0 0 2 0 3 0 0 0 0 0 0 0 0 1 1 0 0 1 0 0 12 6 0 16 5 1 0 
29 22 0 0 0 1 0 2 0 0 0 0 0 0 0 0 1 1 0 0 0 0 0 12 1 0 0 5 1 0 
33 26 0 0 0 1 0 2 0 0 0 0 0 0 0 0 1 1 0 0 0 0 0 12 1 0 0 5 1 0 
17 3 11 0 0 0 0 0 0 0 0 0 0 0 0 0 0 0 0 0 0 0 0 11 0 0 0 0 1 0 
29 23 0 0 0 0 0 2 0 0 0 0 0 0 0 0 1 1 0 0 0 0 0 12 1 0 0 5 1 0 
