https://planetware.com/picture/chapel-hill-university-of-north-carolina-at-chapel-hill-us-nc153.htm
benign
10 9
8 9
8 4
8 2
8 6
8 5
8 1
8 0
8 3
8 7
43 36 0 0 0 1 0 2 0 0 0 0 0 0 0 0 1 1 0 0 0 0 0 14 1 0 0 3 1 0 
23 18 0 0 0 0 0 1 0 0 0 0 0 0 0 0 1 1 0 0 0 0 0 14 1 0 0 3 1 0 
55 46 0 0 0 3 0 2 0 0 0 0 0 0 0 0 1 1 0 0 0 0 0 14 1 0 0 3 1 0 
46 38 0 0 0 2 0 2 0 0 0 0 0 0 0 0 1 1 0 0 0 0 0 14 1 0 0 3 1 0 
14 10 0 0 0 0 0 0 0 0 0 0 0 0 0 0 0 0 0 0 0 0 0 1 0 0 0 0 1 0 
64 54 0 0 0 4 0 2 0 0 0 0 0 0 0 0 1 1 0 0 0 0 0 14 1 0 0 3 1 0 
40 33 0 0 0 1 0 2 0 0 0 0 0 0 0 0 1 1 0 0 0 0 0 14 1 0 0 3 1 0 
47 39 0 0 0 2 0 2 0 0 0 0 0 0 0 0 1 1 0 0 0 0 0 14 1 0 0 3 1 0 
99 79 3 0 0 10 0 2 0 0 0 0 0 0 0 0 1 1 0 0 0 0 0 14 2 0 10 3 1 0 
52 43 0 0 0 3 0 2 0 0 0 0 0 0 0 0 1 1 0 0 0 0 0 14 1 0 0 3 1 0 
