https://smubatik1-slo.sch.id
phishing
10 9
4 0
4 5
4 8
4 6
4 1
4 9
4 2
4 3
4 7
40 31 1 0 0 1 0 2 0 0 0 0 0 0 0 0 1 1 0 0 0 0 0 20 2 0 0 6 1 0 
45 35 1 0 0 1 0 2 0 0 0 0 0 0 0 0 1 1 0 0 0 0 0 20 3 0 0 6 1 0 
43 32 1 0 0 3 0 2 0 0 0 0 0 0 0 0 1 1 0 0 0 0 0 20 2 0 0 6 1 0 
47 37 1 0 0 1 0 2 0 0 0 0 0 0 0 0 1 1 0 0 0 0 0 20 3 0 0 6 1 0 
28 21 1 0 0 1 0 2 0 0 0 0 0 0 0 0 1 1 0 0 0 0 0 20 0 0 10 6 1 0 
36 27 1 0 0 1 0 2 0 0 0 0 0 0 0 0 1 1 0 0 0 0 0 20 2 0 0 6 1 0 
37 28 1 0 0 1 0 2 0 0 0 0 0 0 0 0 1 1 0 0 0 0 0 20 2 0 0 6 1 0 
38 29 1 0 0 1 0 2 0 0 0 0 0 0 0 0 1 1 0 0 0 0 0 20 2 0 0 6 1 0 
49 39 1 0 0 2 0 2 0 0 0 0 0 0 0 0 1 1 0 0 0 0 0 20 2 0 0 6 1 0 
38 29 1 0 0 1 0 2 0 0 0 0 0 0 0 0 1 1 0 0 0 0 0 20 2 0 0 6 1 0 
