http://olx.ro/i2/moda-frumusete/haine-dama/bluze-pulovere/moda-frumusete/haine-dama/bluze-pulovere
benign
10 9
8 7
8 2
8 3
8 1
8 0
8 9
8 4
8 5
8 6
37 26 1 0 0 1 0 2 0 0 0 0 0 0 0 1 1 1 0 0 0 0 0 10 4 0 0 2 1 0 
33 24 1 0 0 0 0 2 0 0 0 0 0 0 0 1 1 1 0 0 0 0 0 10 3 0 0 2 1 0 
22 14 1 0 0 0 0 2 0 0 0 0 0 0 0 1 1 1 0 0 0 0 0 10 2 0 0 2 1 0 
27 18 1 0 0 0 0 2 0 0 0 0 0 0 0 1 1 1 0 0 0 0 0 10 3 0 0 2 1 0 
33 25 0 0 0 0 0 2 0 0 0 0 0 0 0 0 1 1 0 0 0 0 0 10 3 0 0 2 1 0 
34 24 1 0 0 0 0 2 0 0 0 0 0 0 0 1 1 1 0 0 0 0 0 10 4 0 0 2 1 0 
49 28 12 0 0 0 0 2 0 0 0 0 0 0 0 0 1 1 0 0 0 0 0 13 4 0 0 2 1 0 
15 10 0 0 0 0 0 2 0 0 0 0 0 0 0 0 0 1 0 0 0 0 0 8 0 0 0 2 1 0 
98 80 1 0 0 6 0 1 0 0 0 0 0 0 0 0 0 1 0 0 0 0 0 6 7 0 21 2 1 0 
39 29 1 0 0 1 0 2 0 0 0 0 0 0 0 1 1 1 0 0 0 0 0 10 3 0 0 2 1 0 
