http://www.graz4u.at/de/news.html
defacement
10 9
7 0
7 5
7 4
7 2
7 9
7 3
7 6
7 8
7 1
32 24 1 0 0 0 0 1 0 0 0 0 0 0 0 0 1 1 0 0 0 0 0 9 3 0 0 2 1 0 
18 12 1 0 0 0 0 1 0 0 0 0 0 0 0 0 1 1 0 0 0 0 0 9 1 0 0 2 1 0 
55 46 1 0 0 2 0 1 0 0 0 0 0 0 0 0 1 1 0 0 0 0 0 9 2 0 0 2 1 0 
47 36 1 0 0 4 0 1 0 0 0 0 0 0 0 0 1 1 0 0 0 0 0 9 2 0 0 2 1 0 
26 19 1 0 0 0 0 1 0 0 0 0 0 0 0 0 1 1 0 0 0 0 0 9 2 0 0 2 1 0 
45 35 1 0 0 3 0 1 0 0 0 0 0 0 0 0 1 1 0 0 1 0 0 9 2 0 0 2 1 0 
51 40 1 0 0 4 0 1 0 0 0 0 0 0 0 0 1 1 0 0 0 0 0 9 2 0 0 2 1 0 
33 24 1 0 0 0 0 3 0 0 0 0 0 0 0 1 0 1 0 0 0 0 0 13 2 0 13 2 1 0 
51 41 1 0 0 3 0 1 0 0 0 0 0 0 0 0 1 1 0 0 0 0 0 9 2 0 0 2 1 0 
45 37 1 0 0 1 0 1 0 0 0 0 0 0 0 0 1 1 0 0 0 0 0 9 2 0 0 2 1 0 
