https://docs.google.com/forms/d/e/1FAIpQLSd3adRO4WWvPzVCMO4S-LaAI7buVuL24_Of2JSWj-c9bI7Ehg/viewform
phishing
10 9
1 4
2 8
2 9
2 0
2 7
5 3
6 2
6 5
6 1
40 34 0 0 0 0 0 2 0 0 0 0 0 0 0 0 1 1 0 0 1 0 0 19 1 0 1 3 1 0 
51 39 0 0 0 2 0 3 0 0 0 0 0 0 0 1 0 1 0 0 0 0 0 14 4 0 1 3 1 0 
46 37 0 0 0 0 0 3 0 0 0 0 0 0 0 0 1 1 0 0 0 0 0 18 3 0 5 3 1 0 
35 29 0 0 0 0 0 2 0 0 0 0 0 0 0 0 1 1 0 0 1 0 0 18 1 0 12 3 1 0 
28 22 0 0 0 0 0 2 0 0 0 0 0 0 0 0 1 1 0 0 0 0 0 19 1 0 0 3 1 0 
24 18 0 0 0 0 0 2 0 0 0 0 0 0 0 0 1 1 0 0 0 0 0 15 1 0 1 3 1 0 
99 76 10 0 0 2 0 2 0 0 0 0 0 0 0 0 1 1 0 0 0 0 0 15 5 0 3 3 1 0 
30 23 0 0 0 0 0 2 0 0 0 0 0 0 0 0 1 1 0 0 0 0 0 15 2 0 0 3 1 0 
45 36 0 0 0 0 0 2 0 0 0 0 0 0 0 1 1 1 0 0 0 0 0 14 4 0 0 3 1 0 
29 23 0 0 0 0 0 2 0 0 0 0 0 0 0 0 1 1 0 0 0 0 0 15 1 0 0 3 1 0 
