http://mediolanum-web.000webhostapp.com/
phishing
10 9
0 1
0 3
0 6
0 2
0 9
0 5
8 7
8 4
8 0
44 34 3 0 0 0 0 2 0 0 0 0 0 0 0 1 1 1 0 0 0 0 0 17 2 0 12 3 1 0 
86 71 3 0 0 4 0 2 0 0 0 0 0 0 0 0 0 1 0 0 0 0 0 32 3 0 0 3 1 0 
87 72 3 0 0 4 0 2 0 0 0 0 0 0 0 0 0 1 0 0 0 0 0 32 3 0 0 3 1 0 
57 46 3 0 0 2 0 2 0 0 0 0 0 0 0 0 0 1 0 0 0 0 0 32 1 0 0 3 1 0 
47 35 3 0 0 3 0 2 0 0 0 0 0 0 0 1 1 1 0 0 1 0 1 18 1 0 0 3 1 0 
48 38 3 0 0 1 0 2 0 0 0 0 0 0 0 0 0 1 0 0 0 0 0 32 1 0 0 3 1 0 
50 40 3 0 0 1 0 2 0 0 0 0 0 0 0 0 0 1 0 0 0 0 0 32 1 0 0 3 1 0 
39 29 3 0 0 1 0 2 0 0 0 0 0 0 0 1 1 1 0 0 1 0 1 18 1 0 0 3 1 0 
40 30 3 0 0 1 0 2 0 0 0 0 0 0 0 0 0 1 0 0 0 0 0 32 1 0 4 3 1 0 
86 71 3 0 0 4 0 2 0 0 0 0 0 0 0 0 0 1 0 0 0 0 0 32 3 0 0 3 1 0 
