https://www.comp.hkbu.edu.hk/~aoc
phishing
10 9
2 3
4 7
4 5
4 0
4 9
4 2
4 6
4 1
4 8
33 22 2 0 0 0 0 4 0 0 0 0 0 0 0 1 0 1 0 0 0 0 0 20 2 0 0 6 1 0 
38 29 0 0 0 0 0 5 0 0 0 0 0 0 0 1 1 1 0 0 0 0 0 20 1 0 0 6 1 0 
33 23 2 0 0 0 0 4 0 0 0 0 0 0 0 1 0 1 0 0 0 0 0 20 1 0 1 6 1 0 
38 27 2 0 0 0 0 4 0 0 0 0 0 0 0 1 1 1 0 0 0 0 0 20 2 0 0 6 1 0 
33 24 0 0 0 0 0 4 0 0 0 0 0 0 0 1 1 1 0 0 0 0 0 20 1 0 36 6 1 0 
47 36 0 0 0 0 0 4 0 0 0 0 0 0 0 1 1 1 0 0 0 0 0 20 4 0 0 6 1 0 
43 33 0 0 0 1 0 4 0 0 0 0 0 0 0 1 0 1 0 0 0 0 0 15 2 0 0 6 1 0 
38 27 2 0 0 0 0 3 0 0 0 0 0 0 0 1 0 1 0 0 0 0 0 22 2 0 0 3 1 0 
57 43 1 0 0 2 0 5 0 0 0 0 0 0 0 1 1 1 0 0 0 0 0 20 3 0 0 6 1 0 
38 30 0 0 0 0 0 4 0 0 0 0 0 0 0 0 0 1 0 0 0 0 0 25 1 0 0 6 1 0 
