https://who2.com/jamesgarfield.html
benign
10 9
5 0
5 3
5 9
5 8
5 4
5 2
5 1
5 7
5 6
49 36 1 0 0 5 0 2 0 0 0 0 0 0 0 1 1 1 0 0 0 0 0 12 2 0 0 3 1 0 
34 24 1 0 0 2 0 2 0 0 0 0 0 0 0 1 1 1 0 0 0 0 0 12 2 0 0 3 1 0 
29 20 1 0 0 1 0 2 0 0 0 0 0 0 0 1 1 1 0 0 0 0 0 12 2 0 0 3 1 0 
17 11 1 0 0 0 0 1 0 0 0 0 0 0 0 0 1 1 0 0 0 0 0 8 1 0 0 3 1 0 
28 20 1 0 0 0 0 2 0 0 0 0 0 0 0 1 1 1 0 0 0 0 0 12 2 0 0 3 1 0 
35 28 1 0 0 0 0 2 0 0 0 0 0 0 0 0 1 1 0 0 0 0 0 8 1 0 11 3 1 0 
28 18 1 0 0 2 0 2 0 0 0 0 0 0 0 1 1 1 0 0 0 0 0 12 2 0 0 3 1 0 
40 30 1 0 0 2 0 2 0 0 0 0 0 0 0 1 1 1 0 0 0 0 0 12 2 0 0 3 1 0 
25 17 1 0 0 0 0 2 0 0 0 0 0 0 0 1 1 1 0 0 0 0 0 12 2 0 0 3 1 0 
21 14 1 0 0 0 0 2 0 0 0 0 0 0 0 1 1 1 0 0 0 0 0 12 1 0 0 3 1 0 
