http://troikacapital.ru/registratsiya_snt_v_moskve_lubertsah_ramenskom_zhukovskom_vidnom_reutove_drugih_gorodah_moskovskoy_oblasti
malware
10 9
0 1
0 7
0 6
0 5
0 9
0 2
0 8
3 0
3 4
52 41 0 0 0 0 0 3 0 0 0 0 0 0 0 1 1 1 0 0 0 0 0 10 5 0 8 2 1 0 
36 25 6 0 0 0 0 1 0 0 0 0 0 0 0 0 0 1 0 0 0 0 0 16 1 0 0 2 1 0 
30 24 0 0 0 0 0 1 0 0 0 0 0 0 0 0 0 1 0 0 0 0 0 16 2 0 0 2 1 0 
130 113 0 0 0 0 0 1 0 0 0 0 0 0 0 0 0 1 0 0 0 0 0 16 1 0 2 2 1 0 
45 38 0 0 0 0 0 2 0 0 0 0 0 0 0 0 0 1 0 0 0 0 0 16 1 0 0 2 1 0 
48 40 0 0 0 0 0 1 0 0 0 0 0 0 0 0 0 1 0 0 1 0 0 16 4 0 0 2 1 0 
36 29 0 0 0 0 0 1 0 0 0 0 0 0 0 0 0 1 0 0 0 0 0 16 3 0 0 2 1 0 
24 19 0 0 0 0 0 1 0 0 0 0 0 0 0 0 0 1 0 0 0 0 0 16 1 0 0 2 1 0 
38 32 0 0 0 0 0 1 0 0 0 0 0 0 0 0 0 1 0 0 0 0 0 16 2 0 0 2 1 0 
35 28 0 0 0 0 0 1 0 0 0 0 0 0 0 0 0 1 0 0 0 0 0 16 3 0 0 2 1 0 
