https://www.technical-textiles.net/htm/j20050119.887513.htm
phishing
10 9
4 6
4 2
4 0
4 3
4 5
4 1
4 7
4 8
4 9
39 32 0 0 0 1 0 2 0 0 0 0 0 0 0 1 1 1 0 0 0 0 0 26 1 0 0 3 1 0 
97 84 0 0 0 6 0 2 0 0 0 0 0 0 0 1 1 1 0 0 0 0 0 26 2 0 0 3 1 0 
51 44 0 0 0 1 0 2 0 0 0 0 0 0 0 1 0 1 0 0 0 0 0 29 1 0 0 6 1 0 
45 37 0 0 0 1 0 2 0 0 0 0 0 0 0 1 1 1 0 0 1 0 0 26 2 0 0 3 1 0 
59 35 14 0 0 1 0 4 0 0 0 0 0 0 0 1 1 1 0 0 0 0 0 26 2 0 12 3 1 0 
35 28 0 0 0 1 0 2 0 0 0 0 0 0 0 1 1 1 0 0 0 0 0 26 1 0 7 3 1 0 
41 34 0 0 0 1 0 2 0 0 0 0 0 0 0 1 1 1 0 0 0 0 0 26 1 0 0 3 1 0 
43 36 0 0 0 1 0 2 0 0 0 0 0 0 0 1 1 1 0 0 0 0 0 26 1 0 0 3 1 0 
39 32 0 0 0 1 0 2 0 0 0 0 0 0 0 1 1 1 0 0 0 0 0 26 1 0 0 3 1 0 
48 39 0 0 0 1 0 3 0 0 0 0 0 0 0 1 1 1 0 0 0 0 0 26 1 0 0 3 1 0 
