https://matbetgirisimizgir.blogspot.com/
phishing
10 9
5 4
5 6
5 1
5 7
7 2
7 8
7 3
7 0
7 9
47 40 0 0 0 0 0 2 0 0 0 0 0 0 0 0 1 1 0 0 0 0 1 31 2 0 0 12 1 0 
35 22 6 0 0 0 0 2 0 0 0 0 0 0 0 1 0 1 0 0 0 0 1 14 2 0 0 3 1 0 
52 45 0 0 0 0 0 2 0 0 0 0 0 0 0 0 1 1 0 0 0 0 1 31 2 0 0 12 1 0 
57 50 0 0 0 0 0 2 0 0 0 0 0 0 0 0 1 1 0 0 0 0 1 31 2 0 0 12 1 0 
54 27 20 0 0 0 0 2 0 0 0 0 0 0 0 0 1 1 0 0 0 0 0 17 2 0 0 3 1 0 
40 34 0 0 0 0 0 2 0 0 0 0 0 0 0 0 1 1 0 0 0 0 1 31 1 0 7 12 1 0 
39 31 0 0 0 1 0 2 0 0 0 0 0 0 0 1 1 1 0 0 0 0 0 15 2 0 0 3 1 0 
25 20 0 0 0 0 0 2 0 0 0 0 0 0 0 0 1 1 0 0 0 0 0 17 0 0 9 3 1 0 
49 42 0 0 0 0 0 2 0 0 0 0 0 0 0 0 1 1 0 0 1 0 1 31 2 0 0 12 1 0 
53 46 0 0 0 0 0 2 0 0 0 0 0 0 0 0 1 1 0 0 0 0 1 31 2 0 0 12 1 0 
