http://www.steffen-lemme.de/der-wahlkreis/weimarer-land-i
defacement
10 9
1 7
1 0
1 5
1 6
1 4
1 3
1 8
1 9
1 2
64 49 2 0 0 5 0 3 0 0 0 0 0 0 0 1 0 1 0 0 0 0 0 20 2 0 0 2 1 0 
57 46 0 0 0 4 0 2 0 0 0 0 0 0 0 1 0 1 0 0 0 0 0 20 2 0 28 2 1 0 
61 47 2 0 0 4 0 3 0 0 0 0 0 0 0 1 0 1 0 0 0 0 0 20 2 0 0 2 1 0 
60 44 3 0 0 5 0 3 0 0 0 0 0 0 0 1 0 1 0 0 0 0 0 20 2 0 0 2 1 0 
61 46 2 0 0 5 0 3 0 0 0 0 0 0 0 1 0 1 0 0 0 0 0 20 2 0 0 2 1 0 
64 49 2 0 0 5 0 3 0 0 0 0 0 0 0 1 0 1 0 0 0 0 0 20 2 0 0 2 1 0 
52 42 0 0 0 1 0 3 0 0 0 0 0 0 0 1 0 1 0 0 0 1 0 20 3 0 0 2 1 0 
58 44 2 0 0 4 0 3 0 0 0 0 0 0 0 1 0 1 0 0 0 0 0 20 2 0 0 2 1 0 
62 47 3 0 0 4 0 3 0 0 0 0 0 0 0 1 0 1 0 0 0 0 0 20 2 0 0 2 1 0 
70 54 2 0 0 6 0 3 0 0 0 0 0 0 0 1 0 1 0 0 0 0 0 20 2 0 0 2 1 0 
