http://mueblescomuneros.com/operativas/14-operativas/detail/132-st204.html?tmpl=component
defacement
10 9
4 1
4 6
4 8
4 2
4 5
4 3
4 0
4 9
4 7
43 37 0 0 0 0 0 2 0 0 0 0 0 0 0 1 1 1 0 0 0 0 0 24 1 0 0 3 1 0 
42 36 0 0 0 0 0 2 0 0 0 0 0 0 0 1 1 1 0 0 0 0 0 24 1 0 0 3 1 0 
47 41 0 0 0 0 0 2 0 0 0 0 0 0 0 1 1 1 0 0 0 0 0 24 1 0 0 3 1 0 
14 10 0 0 0 0 0 0 0 0 0 0 0 0 0 0 0 0 0 0 0 0 0 1 0 0 0 0 1 0 
89 68 8 0 1 2 1 2 0 0 0 0 0 0 0 0 0 1 0 0 0 0 0 20 4 0 9 3 1 0 
42 36 0 0 0 0 0 2 0 0 0 0 0 0 0 1 1 1 0 0 0 0 0 24 1 0 0 3 1 0 
58 51 0 0 0 0 0 3 0 0 0 0 0 0 0 1 1 1 0 0 0 0 0 16 1 0 0 3 1 0 
34 27 1 1 0 0 0 1 0 0 0 0 0 0 0 0 0 0 0 0 0 0 0 25 0 0 0 3 1 0 
42 36 0 0 0 0 0 2 0 0 0 0 0 0 0 1 1 1 0 0 0 0 0 24 1 0 0 3 1 0 
33 27 0 0 0 0 0 2 0 0 0 0 0 0 0 1 1 1 0 0 0 0 0 24 1 0 0 3 1 0 
