http://www.raci.it/area_fr/prodotti/acquedotto/robinets-a-papillon.html
defacement
10 9
7 5
7 2
7 3
7 6
7 1
7 0
7 9
7 8
7 4
52 41 0 0 0 2 0 3 0 0 0 0 0 0 0 1 0 1 0 0 0 0 0 11 3 0 0 2 1 0 
41 32 0 0 0 1 0 3 0 0 0 0 0 0 0 1 0 1 0 0 0 0 0 11 2 0 0 2 1 0 
42 34 0 0 0 0 0 3 0 0 0 0 0 0 0 1 0 1 0 0 0 0 0 11 2 0 0 2 1 0 
43 35 0 0 0 0 0 3 0 0 0 0 0 0 0 1 0 1 0 0 0 0 0 11 2 0 0 2 1 0 
49 39 0 0 0 1 0 3 0 0 0 0 0 0 0 1 0 1 0 0 0 0 0 11 3 0 0 2 1 0 
51 40 0 0 0 2 0 3 0 0 0 0 0 0 0 1 0 1 0 0 0 0 0 11 3 0 0 2 1 0 
19 13 0 0 0 0 0 2 0 0 0 0 0 0 0 1 0 1 0 0 0 0 0 11 1 0 0 2 1 0 
71 58 0 0 0 2 0 3 0 0 0 0 0 0 0 1 0 1 0 0 0 0 0 11 4 0 13 2 1 0 
31 24 0 0 0 0 0 3 0 0 0 0 0 0 0 1 0 1 0 0 0 0 0 11 1 0 0 2 1 0 
59 49 0 0 0 1 0 3 0 0 0 0 0 0 0 1 0 1 0 0 0 0 0 11 3 0 0 2 1 0 
