https://www.pentics.net/denial-of-service/white-papers/smurf.cgi
phishing
10 9
0 4
0 5
0 6
0 9
0 3
0 2
0 7
0 1
0 8
64 52 0 0 0 3 0 3 0 0 0 0 0 0 0 1 1 1 0 0 1 0 0 15 3 0 10 3 1 0 
32 27 0 1 0 0 0 1 0 0 0 0 0 0 0 0 0 0 0 0 0 0 0 23 0 0 0 3 1 0 
27 22 0 1 0 0 0 1 0 0 0 0 0 0 0 0 0 0 0 0 0 0 0 18 0 0 0 3 1 0 
30 23 0 0 0 0 0 2 0 0 0 0 0 0 0 1 0 1 0 0 0 0 0 16 2 0 0 2 1 0 
45 31 4 0 0 1 0 4 0 0 0 0 0 0 0 1 0 1 0 0 0 0 0 22 2 0 0 3 1 0 
22 17 0 1 0 0 0 1 0 0 0 0 0 0 0 0 0 0 0 0 0 0 0 13 0 0 0 3 1 0 
23 17 0 0 0 0 0 2 0 0 0 0 0 0 0 1 0 1 0 0 0 0 0 15 1 0 0 3 1 0 
45 31 4 0 0 1 0 4 0 0 0 0 0 0 0 1 0 1 0 0 0 0 0 22 2 0 0 3 1 0 
38 25 4 0 0 1 0 3 0 0 0 0 0 0 0 0 0 0 0 0 0 0 0 11 2 0 0 3 1 0 
28 23 0 1 0 0 0 1 0 0 0 0 0 0 0 0 0 0 0 0 0 0 0 19 0 0 0 3 1 0 
