https://www.kees.cc/ffarm/ffarm.html
phishing
10 9
0 4
0 1
0 5
0 6
0 9
0 8
0 3
6 7
6 2
36 28 0 0 0 0 0 3 0 0 0 0 0 0 0 1 1 1 0 0 0 0 0 11 2 0 8 2 1 0 
40 31 1 0 0 0 0 3 0 0 0 0 0 0 0 1 1 1 0 0 0 0 0 11 2 0 0 2 1 0 
18 13 0 0 0 0 0 2 0 0 0 0 0 0 0 1 0 1 0 0 0 0 0 11 0 0 0 2 1 0 
19 13 0 0 0 0 0 2 0 0 0 0 0 0 0 1 0 1 0 0 0 0 0 11 1 0 0 2 1 0 
38 30 0 0 0 0 0 3 0 0 0 0 0 0 0 1 1 1 0 0 0 0 0 11 2 0 0 2 1 0 
40 31 1 0 0 0 0 3 0 0 0 0 0 0 0 1 1 1 0 0 0 0 0 11 2 0 0 2 1 0 
28 21 0 0 0 0 0 3 0 0 0 0 0 0 0 1 1 1 0 0 0 0 0 11 1 0 2 2 1 0 
28 23 0 0 0 0 0 0 0 0 0 0 0 0 0 0 0 0 0 0 0 0 0 15 0 0 0 0 0 0 
39 27 2 0 0 0 0 3 0 0 0 0 0 0 0 1 1 1 0 0 0 0 0 11 2 0 0 2 1 0 
41 33 0 0 0 0 0 3 0 0 0 0 0 0 0 1 1 1 0 0 0 0 0 11 2 0 0 2 1 0 
