http://rendeck.com/index.php/en/contact/request-for-information
defacement
10 9
3 2
3 5
3 4
3 0
3 8
3 6
3 7
3 1
9 3
34 26 0 0 0 0 0 2 0 0 0 0 0 0 0 0 1 1 0 0 0 0 0 15 2 0 0 3 1 0 
27 21 0 0 0 0 0 2 0 0 0 0 0 0 0 0 1 1 0 0 0 0 0 16 1 0 0 3 1 0 
40 34 0 0 0 0 0 2 0 0 0 0 0 0 0 0 1 1 0 0 1 0 0 19 1 0 1 3 1 0 
29 23 0 0 0 0 0 2 0 0 0 0 0 0 0 1 1 1 0 0 0 0 0 14 1 0 9 3 1 0 
38 28 0 0 0 0 0 2 0 0 0 0 0 0 0 1 1 1 0 0 0 0 0 14 4 0 0 3 1 0 
28 22 0 0 0 0 0 2 0 0 0 0 0 0 0 1 1 1 0 0 0 0 0 14 1 0 0 3 1 0 
21 16 0 0 0 0 0 1 0 0 0 0 0 0 0 0 1 1 0 0 0 0 0 12 1 0 0 6 1 0 
32 25 0 0 0 0 0 2 0 0 0 0 0 0 0 1 1 1 0 0 1 0 0 14 2 0 0 3 1 0 
45 36 0 0 0 0 0 2 0 0 0 0 0 0 0 1 1 1 0 0 0 0 0 14 4 0 0 3 1 0 
63 52 0 0 0 2 0 2 0 0 0 0 0 0 0 0 0 1 0 0 0 0 0 11 4 0 1 3 1 0 
