http://www.kretingosmuziejus.lt/veikla/viesieji-pirkimai/pirkimu-planas
defacement
10 9
5 2
5 4
5 1
5 7
5 9
5 8
5 6
5 3
5 0
101 86 0 0 0 4 0 2 0 0 0 0 0 0 0 1 0 1 0 0 0 0 0 24 6 0 0 2 1 0 
82 68 0 0 0 3 0 2 0 0 0 0 0 0 0 1 0 1 0 0 0 0 0 24 6 0 0 2 1 0 
79 67 0 0 0 2 0 2 0 0 0 0 0 0 0 1 0 1 0 0 0 0 0 24 5 0 0 2 1 0 
96 81 0 0 0 4 0 2 0 0 0 0 0 0 0 1 0 1 0 0 0 0 0 24 6 0 0 2 1 0 
82 68 0 0 0 3 0 2 0 0 0 0 0 0 0 1 0 1 0 0 0 0 0 24 6 0 0 2 1 0 
71 61 0 0 0 2 0 2 0 0 0 0 0 0 0 1 0 1 0 0 0 0 0 24 3 0 11 2 1 0 
88 74 0 0 0 3 0 2 0 0 0 0 0 0 0 1 0 1 0 0 0 0 0 24 6 0 0 2 1 0 
97 82 0 0 0 4 0 2 0 0 0 0 0 0 0 1 0 1 0 0 0 0 0 24 6 0 0 2 1 0 
95 80 0 0 0 4 0 2 0 0 0 0 0 0 0 1 0 1 0 0 0 0 0 24 6 0 0 2 1 0 
59 50 0 0 0 1 0 2 0 0 0 0 0 0 0 1 0 1 0 0 0 0 0 24 3 0 0 2 1 0 
