https://acronyms.thefreedictionary.com/Institut+National+de+la+Recherche+Agronomique+de+Tunisie
benign
10 9
2 8
2 3
2 0
2 6
2 4
2 7
2 9
2 1
2 5
64 56 0 0 0 0 0 3 0 0 0 0 0 0 0 0 1 1 0 0 1 0 0 28 2 0 0 3 1 0 
47 40 0 0 0 0 0 3 0 0 0 0 0 0 0 0 1 1 0 0 1 0 0 28 1 0 0 3 1 0 
95 82 0 0 0 0 0 2 0 0 7 0 0 0 0 0 1 1 0 0 1 0 0 30 1 0 19 3 1 0 
50 39 1 0 0 0 0 3 0 0 0 0 0 0 0 1 1 1 0 0 1 0 0 25 3 0 0 3 1 0 
50 39 1 0 0 0 0 3 0 0 0 0 0 0 0 1 1 1 0 0 1 0 0 25 3 0 0 3 1 0 
40 33 0 0 0 0 0 3 0 0 0 0 0 0 0 0 0 1 0 0 1 0 0 24 1 0 0 3 1 0 
54 47 0 0 0 0 0 3 0 0 0 0 0 0 0 0 1 1 0 0 1 0 0 28 1 0 0 3 1 0 
33 28 0 0 0 0 0 2 0 0 0 0 0 0 0 1 1 1 0 0 1 0 0 25 0 0 0 3 1 0 
74 62 0 0 0 1 0 3 0 0 0 0 0 0 0 0 1 1 0 0 1 0 0 30 4 0 0 3 1 0 
52 43 0 0 0 0 0 3 0 0 0 0 0 0 0 0 1 1 0 0 1 0 0 30 2 0 0 3 1 0 
