http://cumbriacounselling.com/links
defacement
10 9
2 0
2 6
2 5
2 3
2 1
2 7
2 8
9 4
9 2
56 48 0 0 0 1 0 1 0 0 0 0 0 0 0 0 0 1 0 0 0 0 0 22 3 0 0 3 1 0 
39 33 0 0 0 0 0 1 0 0 0 0 0 0 0 0 0 1 0 0 0 0 0 22 2 0 0 3 1 0 
18 13 0 0 0 0 0 1 0 0 0 0 0 0 0 0 0 1 0 0 0 0 0 10 1 0 7 3 1 0 
39 33 0 0 0 0 0 1 0 0 0 0 0 0 0 0 0 1 0 0 0 0 0 22 2 0 0 3 1 0 
29 22 1 1 0 1 0 1 0 0 0 0 0 0 0 0 0 0 0 0 0 0 0 20 0 0 0 3 1 0 
45 38 0 0 0 0 0 1 0 0 0 0 0 0 0 0 0 1 0 0 0 0 0 22 3 0 0 3 1 0 
59 50 0 0 0 2 0 1 0 0 0 0 0 0 0 0 0 1 0 0 0 0 0 22 3 0 0 3 1 0 
38 32 0 0 0 0 0 1 0 0 0 0 0 0 0 0 0 1 0 0 0 0 0 22 2 0 0 3 1 0 
30 25 0 0 0 0 0 1 0 0 0 0 0 0 0 0 0 1 0 0 0 0 0 22 1 0 0 3 1 0 
35 30 0 0 0 0 0 1 0 0 0 0 0 0 0 0 0 1 0 0 0 0 0 22 1 0 2 3 1 0 
