http://wanwang.aliyun.com/domain/searchresult/?domain=bigtruckstopseek.cn
malware
10 9
2 7
2 1
2 4
2 8
2 0
2 9
2 5
2 6
2 3
24 18 0 0 0 0 0 2 0 0 0 0 0 0 0 0 0 1 0 0 0 0 0 16 1 0 0 3 1 0 
42 34 0 0 0 0 0 3 0 0 0 0 0 0 0 0 1 1 0 0 1 0 0 18 2 0 0 3 1 0 
73 62 0 0 1 0 1 3 0 0 0 0 0 0 0 0 0 1 0 0 0 0 0 18 3 0 17 3 1 0 
24 18 0 0 0 0 0 2 0 0 0 0 0 0 0 0 1 1 0 0 1 0 0 15 1 0 0 3 1 0 
35 28 0 0 0 0 0 2 0 0 0 0 0 0 0 1 1 1 0 0 0 0 0 14 2 0 0 3 1 0 
28 22 0 0 0 0 0 2 0 0 0 0 0 0 0 1 1 1 0 0 0 0 0 14 1 0 0 3 1 0 
21 14 1 0 0 0 0 0 0 0 0 0 0 0 0 0 0 0 0 0 0 0 0 8 0 0 0 0 0 0 
35 28 0 0 0 0 0 2 0 0 0 0 0 0 0 1 1 1 0 0 0 0 0 14 2 0 0 3 1 0 
31 24 0 0 0 0 0 3 0 0 0 0 0 0 0 0 0 1 0 0 0 0 0 23 1 0 0 3 1 0 
23 17 0 0 0 0 0 2 0 0 0 0 0 0 0 1 1 1 0 0 0 0 0 14 1 0 0 3 1 0 
