https://en.wikipedia.org/wiki/Henry_G._Blasdel
benign
10 9
1 8
1 2
1 5
1 7
1 4
1 3
1 0
1 9
1 6
44 36 0 0 0 0 0 2 0 0 0 0 0 0 0 0 1 1 0 0 0 0 0 16 2 0 0 3 1 0 
46 36 0 0 0 0 0 3 0 0 0 0 0 0 0 0 1 1 0 0 0 0 0 16 2 0 10 3 1 0 
45 37 0 0 0 0 0 2 0 0 0 0 0 0 0 0 1 1 0 0 0 0 0 16 2 0 0 3 1 0 
47 39 0 0 0 0 0 2 0 0 0 0 0 0 0 0 1 1 0 0 0 0 0 16 2 0 0 3 1 0 
43 35 0 0 0 0 0 2 0 0 0 0 0 0 0 0 1 1 0 0 0 0 0 16 2 0 0 3 1 0 
39 31 0 0 0 0 0 2 0 0 0 0 0 0 0 0 1 1 0 0 0 0 0 16 2 0 0 3 1 0 
48 40 0 0 0 0 0 2 0 0 0 0 0 0 0 0 1 1 0 0 0 0 0 16 2 0 0 3 1 0 
51 42 0 0 0 0 0 2 0 0 0 0 0 0 0 0 1 1 0 0 0 0 0 16 2 0 0 3 1 0 
62 54 0 0 0 0 0 2 0 0 0 0 0 0 0 0 1 1 0 0 0 0 0 20 2 0 0 3 1 0 
50 41 0 0 0 0 0 2 0 0 0 0 0 0 0 0 1 1 0 0 0 0 0 16 2 0 0 3 1 0 
