http://www.ekwdesign.de/presse.html
defacement
10 9
0 2
0 6
0 4
0 8
0 7
0 9
0 3
0 5
0 1
35 28 0 0 0 0 0 3 0 0 0 0 0 0 0 1 0 1 0 0 0 0 0 16 1 0 10 2 1 0 
52 44 0 0 0 0 0 3 0 0 0 0 0 0 0 1 0 1 0 0 0 0 0 16 2 0 0 2 1 0 
39 32 0 0 0 0 0 3 0 0 0 0 0 0 0 1 0 1 0 0 0 0 0 16 1 0 0 2 1 0 
54 45 0 0 0 1 0 3 0 0 0 0 0 0 0 1 0 1 0 0 0 0 0 16 2 0 0 2 1 0 
51 43 0 0 0 0 0 3 0 0 0 0 0 0 0 1 0 1 0 0 0 0 0 16 2 0 0 2 1 0 
24 18 0 0 0 0 0 2 0 0 0 0 0 0 0 1 0 1 0 0 0 0 0 16 1 0 0 2 1 0 
56 47 0 0 0 1 0 3 0 0 0 0 0 0 0 1 0 1 0 0 0 0 0 16 2 0 0 2 1 0 
25 19 0 0 0 0 0 2 0 0 0 0 0 0 0 1 1 1 0 0 0 0 0 16 1 0 0 2 1 0 
24 18 0 0 0 0 0 2 0 0 0 0 0 0 0 1 0 1 0 0 0 0 0 16 1 0 9 2 1 0 
49 41 0 0 0 0 0 3 0 0 0 0 0 0 0 1 0 1 0 0 0 0 0 16 2 0 0 2 1 0 
