https://zimbio.com/Drake/articles/OdrGA3K1BIA/Drake+Showcases+Swag+Appeal+GQ+Magazine
benign
10 9
9 3
9 2
9 0
9 4
9 1
9 5
9 6
9 8
9 7
21 16 0 0 0 0 0 1 0 0 0 0 0 0 0 0 1 1 0 0 0 0 0 10 1 0 0 3 1 0 
37 31 0 0 0 0 0 1 0 0 0 0 0 0 0 0 1 1 0 0 0 0 0 10 2 0 0 3 1 0 
33 27 0 0 0 0 0 1 0 0 1 0 0 0 0 0 1 1 0 0 0 0 0 10 1 0 0 3 1 0 
30 24 0 0 0 0 0 1 0 0 0 0 0 0 0 0 1 1 0 0 0 0 0 10 2 0 0 3 1 0 
39 32 0 0 0 0 0 1 0 0 1 0 0 0 0 0 1 1 0 0 0 0 0 10 2 0 0 3 1 0 
25 20 0 0 0 0 0 1 0 0 0 0 0 0 0 0 1 1 0 0 0 0 0 10 1 0 0 3 1 0 
34 28 0 0 0 0 0 1 0 0 0 0 0 0 0 0 1 1 0 0 0 0 0 10 2 0 0 3 1 0 
23 18 0 0 0 0 0 1 0 0 0 0 0 0 0 0 1 1 0 0 0 0 0 10 1 0 0 3 1 0 
19 14 0 0 0 0 0 1 0 0 0 0 0 0 0 0 1 1 0 0 0 0 0 10 1 0 0 3 1 0 
85 70 2 0 0 0 0 1 0 0 5 0 0 0 0 0 1 1 0 0 0 0 0 10 4 0 11 3 1 0 
