https://news.cnet.com/2100-1023-251555.html
phishing
10 9
4 3
4 6
4 1
4 7
4 9
4 2
4 0
4 5
4 8
106 85 0 0 0 12 0 2 0 0 0 0 0 0 0 0 1 1 0 0 0 0 1 13 4 0 0 3 1 0 
68 56 0 0 0 3 0 2 0 0 0 0 0 0 0 0 1 1 0 0 1 0 1 13 4 0 0 3 1 0 
44 34 0 0 0 2 0 2 0 0 0 0 0 0 0 0 1 1 0 0 0 0 1 13 3 0 0 3 1 0 
69 56 0 0 0 4 0 2 0 0 0 0 0 0 0 0 1 1 0 0 0 0 1 13 4 0 0 3 1 0 
43 20 14 0 0 2 0 3 0 0 0 0 0 0 0 0 1 1 0 0 0 0 1 13 1 0 11 3 1 0 
103 82 2 0 0 10 0 2 0 0 0 0 0 0 0 0 1 1 0 0 0 0 1 13 4 0 0 3 1 0 
22 16 0 0 0 0 0 2 0 0 0 0 0 0 0 0 1 1 0 0 0 0 1 13 1 0 0 3 1 0 
111 85 4 0 0 13 0 2 0 0 0 0 0 0 0 0 1 1 0 0 0 0 1 13 4 0 0 3 1 0 
70 57 0 0 0 4 0 2 0 0 0 0 0 0 0 0 1 1 0 0 1 0 1 13 4 0 0 3 1 0 
60 49 0 0 0 2 0 2 0 0 0 0 0 0 0 0 1 1 0 0 0 0 1 13 4 0 0 3 1 0 
