http://www.denturesuk.com/contact-us/our-locations
defacement
10 9
0 6
0 4
0 9
0 5
0 8
0 1
0 3
0 2
0 7
50 41 0 0 0 2 0 2 0 0 0 0 0 0 0 1 0 1 0 0 0 0 0 18 2 0 17 3 1 0 
62 52 0 0 0 2 0 2 0 0 0 0 0 0 0 1 1 1 0 0 1 0 0 18 3 0 0 3 1 0 
27 21 0 0 0 0 0 2 0 0 0 0 0 0 0 1 1 1 0 0 0 0 0 18 1 0 0 3 1 0 
61 51 0 0 0 2 0 2 0 0 0 0 0 0 0 1 1 1 0 0 1 0 0 18 3 0 0 3 1 0 
39 32 0 0 0 1 0 2 0 0 0 0 0 0 0 1 0 1 0 0 0 0 0 18 1 0 0 3 1 0 
36 28 0 0 0 1 0 2 0 0 0 0 0 0 0 1 1 1 0 0 0 0 0 18 2 0 0 3 1 0 
63 52 0 0 0 3 0 2 0 0 0 0 0 0 0 1 1 1 0 0 0 0 0 18 3 0 0 3 1 0 
61 51 0 0 0 2 0 2 0 0 0 0 0 0 0 1 1 1 0 0 1 0 0 18 3 0 0 3 1 0 
44 36 0 0 0 1 0 2 0 0 0 0 0 0 0 1 1 1 0 0 1 0 0 18 2 0 0 3 1 0 
46 36 0 0 0 2 0 2 0 0 0 0 0 0 0 1 1 1 0 0 0 0 0 18 3 0 0 3 1 0 
