http://www.smalbro.dk/free-postcards-11-20/528-free-postcard-with-heart-motive-017
defacement
10 9
7 1
7 0
7 5
7 3
7 4
7 9
7 2
8 7
8 6
50 42 0 0 0 1 0 2 0 0 0 0 0 0 0 1 0 1 0 0 1 0 0 14 2 0 0 2 1 0 
22 16 0 0 0 0 0 2 0 0 0 0 0 0 0 1 0 1 0 0 0 0 0 14 1 0 0 2 1 0 
29 23 0 0 0 0 0 2 0 0 0 0 0 0 0 1 0 1 0 0 0 0 0 14 1 0 0 2 1 0 
37 30 0 0 0 1 0 2 0 0 0 0 0 0 0 1 0 1 0 0 1 0 0 14 1 0 0 2 1 0 
22 17 0 0 0 0 0 2 0 0 0 0 0 0 0 1 1 1 0 0 0 0 0 14 0 0 0 2 1 0 
70 58 0 0 0 5 0 2 0 0 0 0 0 0 0 1 0 1 0 0 1 0 0 14 2 0 0 2 1 0 
27 19 1 0 0 1 0 1 0 0 0 0 0 0 0 0 0 0 0 0 0 0 0 14 0 0 0 0 0 0 
23 17 0 0 0 0 0 2 0 0 0 0 0 0 0 1 1 1 0 0 0 0 0 14 1 0 7 2 1 0 
82 56 10 0 0 9 0 2 0 0 0 0 0 0 0 1 0 1 0 0 1 0 0 14 2 0 2 2 1 0 
52 44 0 0 0 1 0 2 0 0 0 0 0 0 0 1 0 1 0 0 1 0 0 14 2 0 0 2 1 0 
