https://www.centexbel.be/Eng/lexicon_frame.htm
phishing
10 9
7 1
7 2
7 4
7 9
7 0
7 6
7 3
7 8
7 5
44 35 0 0 0 2 0 2 0 0 0 0 0 0 0 1 1 1 0 0 0 0 0 16 2 0 0 2 1 0 
40 33 0 0 0 0 0 2 0 0 0 0 0 0 0 1 1 1 0 0 0 0 0 16 2 0 0 2 1 0 
48 39 0 0 0 2 0 2 0 0 0 0 0 0 0 1 1 1 0 0 0 0 0 16 2 0 0 2 1 0 
35 28 0 0 0 0 0 2 0 0 0 0 0 0 0 1 1 1 0 0 0 0 0 16 2 0 0 2 1 0 
36 29 0 0 0 0 0 2 0 0 0 0 0 0 0 1 1 1 0 0 0 0 0 16 2 0 0 2 1 0 
42 33 0 0 0 2 0 2 0 0 0 0 0 0 0 1 1 1 0 0 0 0 0 16 2 0 0 2 1 0 
67 56 0 0 0 4 0 2 0 0 0 0 0 0 0 1 1 1 0 0 0 0 0 16 2 0 0 2 1 0 
46 37 0 0 0 0 0 3 0 0 0 0 0 0 0 1 1 1 0 0 0 0 0 16 2 0 10 2 1 0 
37 30 0 0 0 0 0 2 0 0 0 0 0 0 0 1 1 1 0 0 0 0 0 16 2 0 0 2 1 0 
34 27 0 0 0 0 0 2 0 0 0 0 0 0 0 1 1 1 0 0 0 0 0 16 2 0 0 2 1 0 
