http://www.activeinformatica.com/tarifas-contrato-mantenimiento
defacement
10 9
7 8
7 4
7 3
9 2
9 6
9 1
9 5
9 7
9 0
26 19 0 0 0 0 0 2 0 0 0 0 0 0 0 0 1 1 0 0 0 0 0 12 2 0 0 3 1 0 
54 43 0 0 0 2 0 2 0 0 0 0 0 0 0 0 1 1 0 0 0 0 0 17 4 0 0 3 1 0 
26 20 0 0 0 0 0 2 0 0 0 0 0 0 0 0 1 1 0 0 0 0 0 17 1 0 0 3 1 0 
33 27 0 0 0 0 0 2 0 0 0 0 0 0 0 1 0 1 0 0 0 0 0 25 1 0 0 3 1 0 
47 39 0 0 0 1 0 2 0 0 0 0 0 0 0 1 0 1 0 0 0 0 0 25 2 0 0 3 1 0 
28 21 0 0 0 0 0 2 0 0 0 0 0 0 0 1 1 1 0 0 0 0 0 11 2 0 0 3 1 0 
41 29 4 0 0 0 0 4 0 0 0 0 0 0 0 1 1 1 0 0 0 0 0 13 1 0 0 5 1 0 
25 19 0 0 0 0 0 2 0 0 0 0 0 0 0 1 1 1 0 0 0 0 0 16 1 0 5 3 1 0 
32 25 0 0 0 0 0 2 0 0 0 0 0 0 0 0 1 1 0 0 0 0 0 15 2 0 0 3 1 0 
63 55 0 0 0 2 0 2 0 0 0 0 0 0 0 1 0 1 0 0 0 0 0 25 1 0 7 3 1 0 
