https://www.nntp.perl.org/group/perl.i18n/
phishing
10 9
8 6
8 7
8 2
8 1
8 3
8 9
8 5
8 4
9 0
26 19 0 0 0 0 0 3 0 0 0 0 0 0 0 1 1 1 0 0 0 0 0 17 1 0 0 3 1 0 
51 34 6 0 0 0 0 5 0 0 0 0 0 0 0 1 1 1 0 0 0 0 0 17 3 0 0 3 1 0 
32 24 0 0 0 0 0 3 0 0 0 0 0 0 0 1 1 1 0 0 0 0 0 17 2 0 0 3 1 0 
61 37 11 0 0 0 0 5 0 0 0 0 0 0 0 1 1 1 0 0 0 0 0 17 5 0 0 3 1 0 
54 34 8 0 0 0 0 5 0 0 0 0 0 0 0 1 1 1 0 0 0 0 0 17 4 0 0 3 1 0 
32 24 0 0 0 0 0 3 0 0 0 0 0 0 0 1 1 1 0 0 0 0 0 17 2 0 0 3 1 0 
31 25 0 0 0 0 0 2 0 0 0 0 0 0 0 1 0 1 0 0 0 0 0 23 1 0 0 3 1 0 
21 16 0 1 0 0 0 1 0 0 0 0 0 0 0 0 0 0 0 0 0 0 0 12 0 0 0 3 1 0 
42 30 2 0 0 0 0 4 0 0 0 0 0 0 0 1 1 1 0 0 0 0 0 17 3 0 9 3 1 0 
23 18 0 0 0 0 0 1 0 0 0 0 0 0 0 0 1 1 0 0 0 0 0 14 1 0 1 3 1 0 
