https://moviemusic.com/soundtrack/M03228/brotherhoodofthewolf/
benign
10 9
1 0
1 6
1 2
1 8
1 5
1 4
1 9
1 3
1 7
60 46 5 0 0 0 0 2 0 0 0 0 0 0 0 1 1 1 0 0 0 0 0 18 4 0 0 3 1 0 
62 49 5 0 0 0 0 1 0 0 0 0 0 0 0 0 1 1 0 0 0 0 0 14 4 0 10 3 1 0 
44 36 0 0 0 0 0 2 0 0 0 0 0 0 0 1 1 1 0 0 1 0 0 18 3 0 0 3 1 0 
52 38 5 0 0 0 0 2 0 0 0 0 0 0 0 1 1 1 0 0 0 0 0 18 4 0 0 3 1 0 
40 33 0 0 0 0 0 2 0 0 0 0 0 0 0 1 1 1 0 0 0 0 0 18 2 0 0 3 1 0 
59 45 5 0 0 0 0 2 0 0 0 0 0 0 0 1 1 1 0 0 0 0 0 18 4 0 0 3 1 0 
53 39 5 0 0 0 0 2 0 0 0 0 0 0 0 1 1 1 0 0 0 0 0 18 4 0 0 3 1 0 
27 21 0 0 0 0 0 2 0 0 0 0 0 0 0 1 1 1 0 0 0 0 0 18 1 0 0 3 1 0 
64 48 5 0 0 2 0 2 0 0 0 0 0 0 0 1 1 1 0 0 0 0 0 18 4 0 0 3 1 0 
34 27 0 0 0 0 0 2 0 0 0 0 0 0 0 1 1 1 0 0 0 0 0 18 2 0 0 3 1 0 
