https://www.classactfabrics.com/information/glossary.htm
phishing
10 9
7 4
7 0
7 3
7 1
7 5
7 9
7 2
7 6
7 8
54 45 0 0 0 1 0 2 0 0 0 0 0 0 0 1 1 1 0 0 0 0 0 23 3 0 0 3 1 0 
43 35 0 0 0 1 0 2 0 0 0 0 0 0 0 1 1 1 0 0 0 0 0 23 2 0 0 3 1 0 
37 30 0 0 0 0 0 2 0 0 0 0 0 0 0 1 1 1 0 0 0 0 0 23 2 0 0 3 1 0 
53 44 0 0 0 2 0 2 0 0 0 0 0 0 0 1 1 1 0 0 0 0 0 23 2 0 0 3 1 0 
62 51 0 0 0 4 0 2 0 0 0 0 0 0 0 1 1 1 0 0 0 0 0 23 2 0 0 3 1 0 
46 38 0 0 0 0 0 2 0 0 0 0 0 0 0 1 1 1 0 0 0 0 0 23 3 0 0 3 1 0 
46 39 0 0 0 1 0 2 0 0 0 0 0 0 0 1 1 1 0 0 0 0 0 23 1 0 0 3 1 0 
56 48 0 0 0 0 0 3 0 0 0 0 0 0 0 1 1 1 0 0 0 0 0 23 2 0 13 3 1 0 
32 26 0 0 0 0 0 2 0 0 0 0 0 0 0 1 1 1 0 0 0 0 0 23 1 0 0 3 1 0 
68 55 0 0 0 6 0 2 0 0 0 0 0 0 0 1 1 1 0 0 0 0 0 23 2 0 0 3 1 0 
