http://www.axelschweizer.de/links/2-links-zu-befreundeten-websites/32-eva-sandschneider.html
defacement
10 9
6 4
6 2
6 8
6 9
6 0
6 7
6 5
6 1
6 3
28 22 0 0 0 0 0 2 0 0 0 0 0 0 0 1 0 1 0 0 0 0 0 20 1 0 0 2 1 0 
55 46 0 0 0 3 0 2 0 0 0 0 0 0 0 1 0 1 0 0 0 0 0 20 1 0 0 2 1 0 
35 29 0 0 0 0 0 2 0 0 0 0 0 0 0 1 0 1 0 0 0 0 0 20 1 0 0 2 1 0 
37 31 0 0 0 0 0 2 0 0 0 0 0 0 0 1 0 1 0 0 0 0 0 20 1 0 0 2 1 0 
49 42 0 0 0 1 0 2 0 0 0 0 0 0 0 1 0 1 0 0 0 0 0 20 1 0 0 2 1 0 
37 31 0 0 0 0 0 2 0 0 0 0 0 0 0 1 0 1 0 0 0 0 0 20 1 0 0 2 1 0 
92 74 3 0 0 6 0 3 0 0 0 0 0 0 0 1 0 1 0 0 0 0 0 20 3 0 11 2 1 0 
35 29 0 0 0 0 0 2 0 0 0 0 0 0 0 1 0 1 0 0 0 0 0 20 1 0 0 2 1 0 
42 35 0 0 0 1 0 2 0 0 0 0 0 0 0 1 0 1 0 0 0 0 0 20 1 0 0 2 1 0 
35 29 0 0 0 0 0 2 0 0 0 0 0 0 0 1 0 1 0 0 0 0 0 20 1 0 0 2 1 0 
