https://ebooksread.com/authors-eng/andrew-john-mitchell-gill/the-families-of-moir-and-byres-lli/page-8-the-families-of-moir-and-byres-lli.shtml
benign
10 9
0 5
0 6
0 4
0 1
0 7
0 3
0 2
0 8
0 9
143 115 1 0 0 18 0 2 0 0 0 0 0 0 0 0 1 1 0 0 0 0 0 14 4 0 11 3 1 0 
105 86 0 0 0 10 0 3 0 0 0 0 0 0 0 1 1 1 0 0 0 0 0 18 3 0 0 3 1 0 
143 115 1 0 0 18 0 2 0 0 0 0 0 0 0 0 1 1 0 0 0 0 0 14 4 0 0 3 1 0 
143 115 1 0 0 18 0 2 0 0 0 0 0 0 0 0 1 1 0 0 0 0 0 14 4 0 0 3 1 0 
38 32 0 0 0 0 0 2 0 0 0 0 0 0 0 0 1 1 0 0 0 0 0 14 1 0 0 3 1 0 
27 21 0 0 0 0 0 2 0 0 0 0 0 0 0 1 1 1 0 0 0 0 0 18 1 0 0 3 1 0 
70 58 0 0 0 4 0 3 0 0 0 0 0 0 0 1 1 1 0 0 0 0 0 18 2 0 0 3 1 0 
42 34 0 0 0 0 0 3 0 0 0 0 0 0 0 1 1 1 0 0 0 0 0 18 1 0 0 3 1 0 
138 111 1 0 0 17 0 2 0 0 0 0 0 0 0 0 1 1 0 0 0 0 0 14 4 0 0 3 1 0 
23 18 0 0 0 0 0 1 0 0 0 0 0 0 0 0 1 1 0 0 0 0 0 14 1 0 0 3 1 0 
