https://hickerphoto.com/picture/centennial-flame-parliament-hill-centre-block-ottawa-ontario-canada-44971.htm
benign
10 9
0 9
0 3
0 2
0 1
0 8
0 6
0 5
0 4
0 7
109 88 5 0 0 9 0 2 0 0 0 0 0 0 0 0 1 1 0 0 0 0 0 15 2 0 9 3 1 0 
54 46 0 0 0 1 0 2 0 0 0 0 0 0 0 0 1 1 0 0 0 0 0 15 2 0 0 3 1 0 
53 45 0 0 0 1 0 2 0 0 0 0 0 0 0 0 1 1 0 0 0 0 0 15 2 0 0 3 1 0 
48 40 0 0 0 1 0 2 0 0 0 0 0 0 0 0 1 1 0 0 0 0 0 15 2 0 0 3 1 0 
49 41 0 0 0 1 0 2 0 0 0 0 0 0 0 0 1 1 0 0 0 0 0 15 2 0 0 3 1 0 
50 42 0 0 0 1 0 2 0 0 0 0 0 0 0 0 1 1 0 0 0 0 0 15 2 0 0 3 1 0 
49 41 0 0 0 1 0 2 0 0 0 0 0 0 0 0 1 1 0 0 0 0 0 15 2 0 0 3 1 0 
34 28 0 0 0 0 0 2 0 0 0 0 0 0 0 0 1 1 0 0 0 0 0 15 1 0 0 3 1 0 
49 41 0 0 0 1 0 2 0 0 0 0 0 0 0 0 1 1 0 0 0 0 0 15 2 0 0 3 1 0 
48 40 0 0 0 1 0 2 0 0 0 0 0 0 0 0 1 1 0 0 0 0 0 15 2 0 0 3 1 0 
