https://faculty.darden.virginia.edu/bodilys/estrat/index.htm
phishing
10 9
0 5
0 3
0 8
0 1
0 2
0 4
0 9
8 6
8 7
60 50 0 0 0 0 0 4 0 0 0 0 0 0 0 0 1 1 0 0 0 0 0 27 3 0 7 3 1 0 
63 49 4 0 0 0 0 4 0 0 0 0 0 0 0 0 1 1 0 0 0 0 0 27 3 0 0 3 1 0 
64 54 0 0 0 0 0 4 0 0 0 0 0 0 0 0 1 1 0 0 0 0 0 27 3 0 0 3 1 0 
43 35 0 0 0 0 0 3 0 0 0 0 0 0 0 0 0 1 0 0 0 0 0 27 2 0 0 3 1 0 
66 56 0 0 0 0 0 4 0 0 0 0 0 0 0 0 1 1 0 0 0 0 0 27 3 0 0 3 1 0 
42 35 0 0 0 0 0 3 0 0 0 0 0 0 0 0 0 1 0 0 0 0 0 27 1 0 0 3 1 0 
39 32 0 0 0 0 0 2 0 0 0 0 0 0 0 0 0 1 0 0 0 0 0 15 2 0 0 3 1 0 
27 21 0 0 0 0 0 2 0 0 0 0 0 0 0 1 0 1 0 0 0 0 0 19 1 0 0 3 1 0 
67 52 5 0 0 0 0 4 0 0 0 0 0 0 0 0 1 1 0 0 0 0 0 27 3 0 13 3 1 0 
59 49 0 0 0 0 0 4 0 0 0 0 0 0 0 0 0 1 0 0 0 0 0 27 3 0 0 3 1 0 
