http://www.magicmarcproductions.com/sejeal.jpg
defacement
10 9
5 8
5 1
5 2
5 4
5 9
5 0
5 6
5 3
5 7
59 49 0 0 0 4 0 2 0 0 0 0 0 0 0 1 0 1 0 0 0 0 0 28 1 0 0 3 1 0 
58 46 4 0 0 2 0 2 0 0 0 0 0 0 0 1 0 1 0 0 0 0 0 28 1 0 0 3 1 0 
36 30 0 0 0 0 0 2 0 0 0 0 0 0 0 1 0 1 0 0 0 0 0 28 1 0 0 3 1 0 
68 54 4 0 0 4 0 2 0 0 0 0 0 0 0 1 0 1 0 0 0 0 0 28 1 0 0 3 1 0 
91 68 8 0 0 9 0 2 0 0 0 0 0 0 0 1 0 1 0 0 0 0 0 28 1 0 0 3 1 0 
46 39 0 0 0 0 0 3 0 0 0 0 0 0 0 1 0 1 0 0 0 0 0 28 1 0 10 3 1 0 
77 56 8 0 0 7 0 2 0 0 0 0 0 0 0 1 0 1 0 0 0 0 0 28 1 0 0 3 1 0 
68 53 4 0 0 5 0 2 0 0 0 0 0 0 0 1 0 1 0 0 0 0 0 28 1 0 0 3 1 0 
78 62 4 0 0 6 0 2 0 0 0 0 0 0 0 1 0 1 0 0 0 0 0 28 1 0 0 3 1 0 
102 79 6 0 0 11 0 2 0 0 0 0 0 0 0 1 0 1 0 0 0 0 0 28 1 0 0 3 1 0 
