https://lousyatchess.blogspot.com/
benign
10 9
2 8
2 5
2 9
2 3
2 7
2 1
2 4
2 0
2 6
82 60 6 0 0 7 0 3 0 0 0 0 0 0 0 0 1 1 0 0 0 0 1 25 3 0 0 12 1 0 
73 55 6 0 0 3 0 3 0 0 0 0 0 0 0 0 1 1 0 0 0 0 1 25 3 0 0 12 1 0 
34 28 0 0 0 0 0 2 0 0 0 0 0 0 0 0 1 1 0 0 0 0 1 25 1 0 22 12 1 0 
52 25 20 0 0 0 0 2 0 0 0 0 0 0 0 1 1 1 0 0 0 0 0 15 2 0 0 3 1 0 
66 48 6 0 0 3 0 3 0 0 0 0 0 0 0 0 1 1 0 0 0 0 1 25 3 0 0 12 1 0 
36 28 0 0 0 1 0 3 0 0 0 0 0 0 0 1 1 1 0 0 0 0 0 15 1 0 0 3 1 0 
93 61 18 0 0 1 0 4 0 0 0 0 0 0 0 0 1 1 0 0 0 0 1 17 6 0 0 12 1 0 
93 60 19 0 0 1 0 4 0 0 0 0 0 0 0 0 1 1 0 0 0 0 1 17 6 0 0 12 1 0 
54 38 6 0 0 1 0 3 0 0 0 0 0 0 0 0 1 1 0 0 0 0 1 25 3 0 0 12 1 0 
54 42 0 0 0 0 0 2 0 0 0 0 0 0 0 0 0 1 0 0 0 0 0 16 2 0 0 3 1 0 
