http://www.foehn.es/presentacion-foeehn/3-menus-espectaculo-infantil
defacement
10 9
2 6
6 1
6 0
6 3
6 5
6 8
6 4
6 9
6 7
23 16 0 0 0 0 0 2 0 0 0 0 0 0 0 1 0 1 0 0 0 0 0 12 2 0 0 2 1 0 
23 16 0 0 0 0 0 2 0 0 0 0 0 0 0 1 0 1 0 0 0 0 0 12 2 0 0 2 1 0 
68 56 1 0 0 4 0 2 0 0 0 0 0 0 0 1 0 1 0 0 0 0 0 12 2 0 1 2 1 0 
23 16 0 0 0 0 0 2 0 0 0 0 0 0 0 1 0 1 0 0 0 0 0 12 2 0 0 2 1 0 
40 32 0 0 0 1 0 2 0 0 0 0 0 0 0 1 0 1 0 0 0 0 0 12 2 0 0 2 1 0 
23 16 0 0 0 0 0 2 0 0 0 0 0 0 0 1 0 1 0 0 0 0 0 12 2 0 0 2 1 0 
34 27 0 0 0 1 0 2 0 0 0 0 0 0 0 1 1 1 0 0 0 0 1 25 1 0 9 3 1 0 
23 16 0 0 0 0 0 2 0 0 0 0 0 0 0 1 0 1 0 0 0 0 0 12 2 0 0 2 1 0 
23 16 0 0 0 0 0 2 0 0 0 0 0 0 0 1 0 1 0 0 0 0 0 12 2 0 0 2 1 0 
23 16 0 0 0 0 0 2 0 0 0 0 0 0 0 1 0 1 0 0 0 0 0 12 2 0 0 2 1 0 
