https://digibookspublishing.com/license.exe
malware
10 9
1 6
1 7
1 0
1 2
1 8
1 3
1 5
1 4
9 1
42 36 0 0 0 0 0 1 0 0 0 0 0 0 0 0 1 1 0 0 0 0 0 23 2 0 0 3 1 0 
44 35 1 0 0 2 0 2 0 0 0 0 0 0 0 1 1 1 0 0 0 0 0 18 1 0 8 3 1 0 
42 36 0 0 0 0 0 1 0 0 0 0 0 0 0 0 1 1 0 0 0 0 0 23 2 0 0 3 1 0 
63 55 0 0 0 1 0 1 0 0 0 0 0 0 0 0 1 1 0 0 1 0 0 23 3 0 0 3 1 0 
47 40 0 0 0 1 0 1 0 0 0 0 0 0 0 0 1 1 0 0 0 0 0 23 2 0 0 3 1 0 
59 51 0 0 0 1 0 1 0 0 0 0 0 0 0 0 1 1 0 0 1 0 0 23 3 0 0 3 1 0 
61 53 0 0 0 1 0 1 0 0 0 0 0 0 0 0 1 1 0 0 0 0 0 23 3 0 0 3 1 0 
61 52 0 0 0 2 0 1 0 0 0 0 0 0 0 0 1 1 0 0 0 0 0 23 3 0 0 3 1 0 
51 44 0 0 0 1 0 1 0 0 0 0 0 0 0 0 1 1 0 0 1 0 0 23 2 0 0 3 1 0 
43 37 0 0 0 0 0 2 0 0 0 0 0 0 0 0 1 1 0 0 0 0 0 23 1 0 1 3 1 0 
