http://tinnhanh360.net/chang-trai-my-lam-video-ve-25-mon-nhat-dinh-phai-thu-o-sai-gon.html
benign
10 9
5 3
5 2
5 6
5 4
5 0
5 8
5 1
5 7
9 5
26 17 3 0 0 0 0 1 0 0 0 0 0 0 0 0 0 1 0 0 0 0 0 15 2 0 0 3 1 0 
26 17 3 0 0 0 0 1 0 0 0 0 0 0 0 0 0 1 0 0 0 0 0 15 2 0 0 3 1 0 
26 17 3 0 0 0 0 1 0 0 0 0 0 0 0 0 0 1 0 0 0 0 0 15 2 0 0 3 1 0 
26 17 3 0 0 0 0 1 0 0 0 0 0 0 0 0 0 1 0 0 0 0 0 15 2 0 0 3 1 0 
26 17 3 0 0 0 0 1 0 0 0 0 0 0 0 0 0 1 0 0 0 0 0 15 2 0 0 3 1 0 
34 27 0 0 0 1 0 2 0 0 0 0 0 0 0 1 1 1 0 0 0 0 1 25 1 0 9 3 1 0 
23 15 3 0 0 0 0 1 0 0 0 0 0 0 0 0 0 1 0 0 0 0 0 15 1 0 0 3 1 0 
26 17 3 0 0 0 0 1 0 0 0 0 0 0 0 0 0 1 0 0 0 0 0 15 2 0 0 3 1 0 
26 17 3 0 0 0 0 1 0 0 0 0 0 0 0 0 0 1 0 0 0 0 0 15 2 0 0 3 1 0 
90 65 5 0 0 14 0 2 0 0 0 0 0 0 0 0 0 1 0 0 0 0 0 15 1 0 1 3 1 0 
