http://www.advinno.com/solutions/imaging-a-video
defacement
10 9
9 1
9 3
9 8
9 2
9 6
9 7
9 0
9 4
9 5
31 23 0 0 0 1 0 2 0 0 0 0 0 0 0 1 0 1 0 0 0 0 0 15 2 0 0 3 1 0 
30 23 0 0 0 0 0 2 0 0 0 0 0 0 0 1 0 1 0 0 0 0 0 15 2 0 0 3 1 0 
39 31 0 0 0 1 0 2 0 0 0 0 0 0 0 1 0 1 0 0 0 0 0 15 2 0 0 3 1 0 
32 25 0 0 0 0 0 2 0 0 0 0 0 0 0 1 0 1 0 0 0 0 0 15 2 0 0 3 1 0 
23 17 0 0 0 0 0 2 0 0 0 0 0 0 0 1 0 1 0 0 0 0 0 15 1 0 0 3 1 0 
30 22 0 0 0 1 0 2 0 0 0 0 0 0 0 1 0 1 0 0 0 0 0 15 2 0 0 3 1 0 
28 21 0 0 0 0 0 2 0 0 0 0 0 0 0 1 0 1 0 0 0 0 0 15 2 0 0 3 1 0 
34 26 0 0 0 1 0 2 0 0 0 0 0 0 0 1 0 1 0 0 0 0 0 15 2 0 0 3 1 0 
34 26 0 0 0 1 0 2 0 0 0 0 0 0 0 1 0 1 0 0 1 0 0 15 2 0 0 3 1 0 
48 39 0 0 0 2 0 2 0 0 0 0 0 0 0 1 0 1 0 0 0 0 0 15 2 0 10 3 1 0 
