http://www.construtoraelevacao.com.br/contato
defacement
10 9
0 8
0 5
0 3
0 6
0 7
0 1
0 2
0 4
0 9
45 38 0 0 0 0 0 3 0 0 0 0 0 0 0 1 0 1 0 0 0 0 0 30 1 0 9 6 1 0 
50 42 0 0 0 0 0 3 0 0 0 0 0 0 0 1 1 1 0 0 0 0 0 30 2 0 0 6 1 0 
64 54 0 0 0 1 0 3 0 0 0 0 0 0 0 1 1 1 0 0 0 0 0 30 3 0 0 6 1 0 
38 32 0 0 0 0 0 3 0 0 0 0 0 0 0 1 1 1 0 0 0 0 0 30 0 0 0 6 1 0 
54 45 0 0 0 1 0 3 0 0 0 0 0 0 0 1 1 1 0 0 0 0 0 30 2 0 0 6 1 0 
39 32 0 0 0 0 0 3 0 0 0 0 0 0 0 1 1 1 0 0 0 0 0 30 1 0 0 6 1 0 
50 42 0 0 0 0 0 3 0 0 0 0 0 0 0 1 1 1 0 0 0 0 0 30 2 0 0 6 1 0 
47 39 0 0 0 0 0 3 0 0 0 0 0 0 0 1 1 1 0 0 0 0 0 30 2 0 0 6 1 0 
67 56 0 0 0 2 0 3 0 0 0 0 0 0 0 1 1 1 0 0 0 0 0 30 3 0 0 6 1 0 
50 42 0 0 0 0 0 3 0 0 0 0 0 0 0 1 1 1 0 0 0 0 0 30 2 0 0 6 1 0 
