http://practicaleyes.net/training-and-events/81-company-training/162-brain-balance-whole-mind-thinking.html
defacement
10 9
9 1
9 0
9 4
9 8
9 3
9 5
9 2
9 7
9 6
30 25 0 0 0 0 0 1 0 0 0 0 0 0 0 0 0 1 0 0 0 0 0 17 1 0 0 3 1 0 
82 59 10 0 0 4 0 2 0 0 0 0 0 0 0 0 1 1 0 0 0 0 0 16 4 0 0 3 1 0 
79 66 0 0 0 7 0 1 0 0 0 0 0 0 0 0 0 1 0 0 0 0 0 17 2 0 0 3 1 0 
29 24 0 0 0 0 0 1 0 0 0 0 0 0 0 0 0 1 0 0 0 0 0 17 1 0 0 3 1 0 
25 20 0 0 0 0 0 1 0 0 0 0 0 0 0 0 0 1 0 0 0 0 0 17 1 0 0 3 1 0 
23 18 0 0 0 0 0 1 0 0 0 0 0 0 0 0 1 1 0 0 0 0 1 14 1 0 0 3 1 0 
29 24 0 0 0 0 0 1 0 0 0 0 0 0 0 0 0 1 0 0 0 0 0 17 1 0 0 3 1 0 
34 29 0 0 0 0 0 1 0 0 0 0 0 0 0 0 0 1 0 0 0 0 0 17 1 0 0 3 1 0 
32 27 0 0 0 0 0 1 0 0 0 0 0 0 0 0 0 1 0 0 0 0 0 17 1 0 0 3 1 0 
107 85 5 0 0 9 0 2 0 0 0 0 0 0 0 0 0 1 0 0 0 0 0 17 3 0 25 3 1 0 
