http://www.miedecke.com.au/new-cars/specials
defacement
10 9
9 1
9 6
9 2
9 0
9 5
9 7
9 8
9 3
9 4
50 39 0 0 0 1 0 3 0 0 0 0 0 0 0 1 0 1 0 0 0 0 0 19 4 0 0 6 1 0 
50 39 0 0 0 1 0 3 0 0 0 0 0 0 0 1 0 1 0 0 0 0 0 19 4 0 0 6 1 0 
53 42 0 0 0 1 0 3 0 0 0 0 0 0 0 1 0 1 0 0 0 0 0 19 4 0 0 6 1 0 
49 38 0 0 0 1 0 3 0 0 0 0 0 0 0 1 0 1 0 0 0 0 0 19 4 0 0 6 1 0 
49 38 0 0 0 1 0 3 0 0 0 0 0 0 0 1 0 1 0 0 0 0 0 19 4 0 0 6 1 0 
54 43 0 0 0 1 0 3 0 0 0 0 0 0 0 1 0 1 0 0 0 0 0 19 4 0 0 6 1 0 
51 40 0 0 0 1 0 3 0 0 0 0 0 0 0 1 0 1 0 0 0 0 0 19 4 0 0 6 1 0 
20 14 1 0 0 0 0 0 0 0 0 0 0 0 0 0 0 0 0 0 0 0 0 7 0 0 0 0 0 0 
54 43 0 0 0 1 0 3 0 0 0 0 0 0 0 1 0 1 0 0 0 0 0 19 4 0 0 6 1 0 
44 35 0 0 0 1 0 3 0 0 0 0 0 0 0 1 0 1 0 0 0 0 0 19 2 0 11 6 1 0 
