http://www.bissfest-marburg.de/kochkurse/bissfeste-wuerstchen.pdf
defacement
10 9
5 9
5 8
5 1
5 2
5 4
5 3
5 6
5 0
5 7
53 44 0 0 0 2 0 3 0 0 0 0 0 0 0 1 0 1 0 0 0 0 0 23 1 0 0 2 1 0 
41 33 0 0 0 1 0 3 0 0 0 0 0 0 0 1 0 1 0 0 0 0 0 23 1 0 0 2 1 0 
42 34 0 0 0 1 0 3 0 0 0 0 0 0 0 1 0 1 0 0 0 0 0 23 1 0 0 2 1 0 
51 42 0 0 0 1 0 3 0 0 0 0 0 0 0 1 0 1 0 0 0 0 0 23 2 0 0 2 1 0 
44 36 0 0 0 1 0 3 0 0 0 0 0 0 0 1 0 1 0 0 0 0 0 23 1 0 0 2 1 0 
65 55 0 0 0 2 0 3 0 0 0 0 0 0 0 1 0 1 0 0 0 0 0 23 2 0 9 2 1 0 
44 36 0 0 0 1 0 3 0 0 0 0 0 0 0 1 0 1 0 0 0 0 0 23 1 0 0 2 1 0 
54 44 0 0 0 3 0 3 0 0 0 0 0 0 0 1 0 1 0 0 0 0 0 23 1 0 0 2 1 0 
45 37 0 0 0 1 0 3 0 0 0 0 0 0 0 1 0 1 0 0 0 0 0 23 1 0 0 2 1 0 
42 34 0 0 0 1 0 3 0 0 0 0 0 0 0 1 0 1 0 0 0 0 0 23 1 0 0 2 1 0 
