https://reedsmith.com/
benign
10 9
1 2
1 5
1 9
1 6
1 4
1 7
1 8
1 3
1 0
37 31 0 0 0 0 0 1 0 0 0 0 0 0 0 0 1 1 0 0 0 0 0 13 2 0 0 3 1 0 
22 17 0 0 0 0 0 1 0 0 0 0 0 0 0 0 1 1 0 0 0 0 0 13 1 0 39 3 1 0 
110 85 6 0 0 10 0 1 0 0 0 0 0 0 0 0 1 1 0 0 0 0 0 13 5 0 0 3 1 0 
72 62 0 0 0 2 0 1 0 0 0 0 0 0 0 0 1 1 0 0 0 0 0 13 4 0 0 3 1 0 
62 53 0 0 0 1 0 1 0 0 0 0 0 0 0 0 1 1 0 0 0 0 0 13 4 0 0 3 1 0 
77 66 0 0 0 3 0 1 0 0 0 0 0 0 0 0 1 1 0 0 0 0 0 13 4 0 0 3 1 0 
60 51 0 0 0 1 0 1 0 0 0 0 0 0 0 0 1 1 0 0 0 0 0 13 4 0 0 3 1 0 
24 19 0 0 0 0 0 1 0 0 0 0 0 0 0 0 1 1 0 0 0 0 0 13 1 0 0 3 1 0 
38 32 0 0 0 0 0 1 0 0 0 0 0 0 0 0 1 1 0 0 0 0 0 13 2 0 0 3 1 0 
67 58 0 0 0 1 0 1 0 0 0 0 0 0 0 0 1 1 0 0 1 0 0 13 4 0 0 3 1 0 
