http://www.antonov-vrtec.si/otroke-iskrice/467-angleina
defacement
10 9
0 8
0 4
0 1
0 5
0 3
0 6
0 7
0 2
0 9
55 42 3 0 0 3 0 2 0 0 0 0 0 0 0 1 0 1 0 0 0 0 0 20 2 0 10 2 1 0 
46 37 0 0 0 1 0 2 0 0 0 0 0 0 0 1 1 1 0 0 0 0 0 20 3 0 0 2 1 0 
57 37 8 0 0 2 0 2 0 0 0 0 0 0 0 1 1 1 0 0 0 0 0 20 5 0 0 2 1 0 
38 30 0 0 0 1 0 2 0 0 0 0 0 0 0 1 1 1 0 0 0 0 0 20 2 0 0 2 1 0 
48 38 0 0 0 3 0 2 0 0 0 0 0 0 0 1 1 1 0 0 0 0 0 20 2 0 0 2 1 0 
50 40 0 0 0 3 0 2 0 0 0 0 0 0 0 1 1 1 0 0 0 0 0 20 2 0 0 2 1 0 
45 36 0 0 0 1 0 2 0 0 0 0 0 0 0 1 1 1 0 0 0 0 0 20 3 0 0 2 1 0 
28 22 0 0 0 1 0 2 0 0 0 0 0 0 0 1 1 1 0 0 0 0 0 20 0 0 0 2 1 0 
54 34 8 0 0 2 0 2 0 0 0 0 0 0 0 1 1 1 0 0 0 0 0 20 5 0 0 2 1 0 
42 32 0 0 0 3 0 2 0 0 0 0 0 0 0 1 1 1 0 0 0 0 0 20 2 0 0 2 1 0 
