http://www.creuzadema.net/disclaimer
defacement
10 9
6 5
6 2
6 7
6 1
6 4
6 3
6 0
6 8
6 9
37 30 0 0 0 0 0 2 0 0 0 0 0 0 0 1 0 1 0 0 0 0 0 18 2 0 0 3 1 0 
31 24 0 0 0 0 0 2 0 0 0 0 0 0 0 1 0 1 0 0 0 0 0 18 2 0 0 3 1 0 
25 20 0 0 0 0 0 2 0 0 0 0 0 0 0 1 0 1 0 0 0 0 0 18 0 0 0 3 1 0 
62 51 0 0 0 4 0 2 0 0 0 0 0 0 0 1 0 1 0 0 0 0 0 18 2 0 0 3 1 0 
34 27 0 0 0 0 0 2 0 0 0 0 0 0 0 1 0 1 0 0 0 0 0 18 2 0 0 3 1 0 
37 30 0 0 0 0 0 2 0 0 0 0 0 0 0 1 0 1 0 0 0 0 0 18 2 0 0 3 1 0 
36 30 0 0 0 0 0 2 0 0 0 0 0 0 0 1 0 1 0 0 0 0 0 18 1 0 10 3 1 0 
36 29 0 0 0 0 0 2 0 0 0 0 0 0 0 1 0 1 0 0 0 0 0 18 2 0 0 3 1 0 
33 26 0 0 0 0 0 2 0 0 0 0 0 0 0 1 0 1 0 0 0 0 0 18 2 0 0 3 1 0 
35 27 0 0 0 1 0 2 0 0 0 0 0 0 0 1 0 1 0 0 0 0 0 18 2 0 0 3 1 0 
