http://fotostrana.ru/app/totem?ref=blink555308831f57dz&from=play.feed.passButton&fromType=1
benign
10 9
4 6
4 9
4 7
4 2
4 1
4 5
4 3
4 0
4 8
29 23 0 0 0 0 0 1 0 0 0 0 0 0 0 0 0 1 0 0 0 0 0 13 2 0 0 2 1 0 
33 26 0 0 0 0 0 1 0 0 0 0 0 0 0 0 0 1 0 0 0 0 0 13 3 0 0 2 1 0 
26 20 0 0 0 0 0 1 0 0 0 0 0 0 0 0 0 1 0 0 0 0 0 13 2 0 0 2 1 0 
34 27 0 0 0 0 0 1 0 0 0 0 0 0 0 0 0 1 0 0 1 0 0 13 3 0 0 2 1 0 
91 65 12 0 1 0 3 3 0 0 0 0 0 0 0 0 0 1 0 0 0 0 0 13 2 0 13 2 1 0 
35 28 0 0 0 0 0 1 0 0 0 0 0 0 0 0 0 1 0 0 0 0 0 13 3 0 0 2 1 0 
21 16 0 0 0 0 0 1 0 0 0 0 0 0 0 0 0 1 0 0 0 0 0 13 1 0 0 2 1 0 
30 24 0 0 0 0 0 1 0 0 0 0 0 0 0 0 0 1 0 0 0 0 0 13 2 0 0 2 1 0 
32 25 0 0 0 0 0 1 0 0 0 0 0 0 0 0 0 1 0 0 0 0 0 13 3 0 0 2 1 0 
28 22 0 0 0 0 0 1 0 0 0 0 0 0 0 0 0 1 0 0 0 0 0 13 2 0 0 2 1 0 
