https://allrss.com/wikipedia.php?title=Japan_at_the_1976_Summer_Olympics
benign
10 9
4 2
4 0
4 8
4 7
4 6
4 1
4 5
4 3
4 9
48 40 0 0 0 1 0 1 0 0 0 0 0 0 0 0 1 1 0 0 0 0 0 10 3 0 0 3 1 0 
43 35 0 0 0 1 0 1 0 0 0 0 0 0 0 0 1 1 0 0 0 0 0 10 3 0 0 3 1 0 
32 26 0 0 0 0 0 2 0 0 0 0 0 0 0 0 1 1 0 0 0 0 0 10 1 0 0 3 1 0 
45 37 0 0 0 1 0 1 0 0 0 0 0 0 0 0 1 1 0 0 0 0 0 10 3 0 0 3 1 0 
72 55 4 0 1 0 1 2 0 0 0 0 0 0 0 0 1 1 0 0 0 0 0 10 1 0 11 3 1 0 
18 14 0 0 0 0 0 1 0 0 0 0 0 0 0 0 1 1 0 0 0 0 0 10 0 0 0 3 1 0 
48 20 19 0 0 0 0 2 0 0 0 0 0 0 0 0 1 1 0 0 0 0 0 18 4 0 0 3 1 0 
42 34 0 0 0 1 0 1 0 0 0 0 0 0 0 0 1 1 0 0 0 0 0 10 3 0 0 3 1 0 
44 36 0 0 0 1 0 1 0 0 0 0 0 0 0 0 1 1 0 0 0 0 0 10 3 0 0 3 1 0 
36 29 0 0 0 0 0 1 0 0 0 0 0 0 0 0 1 1 0 0 0 0 0 10 3 0 0 3 1 0 
