https://www.bccoatings.com.au/templates/beez/a.php
benign
10 9
5 7
5 3
5 9
5 2
5 6
5 4
5 8
5 1
5 0
51 43 0 0 0 0 0 3 0 0 0 0 0 0 0 1 1 1 0 0 0 0 0 21 2 0 0 6 1 0 
53 42 1 0 0 3 0 2 0 0 0 0 0 0 0 0 1 1 0 0 0 0 0 25 2 0 0 13 1 0 
59 50 0 0 0 1 0 3 0 0 0 0 0 0 0 1 1 1 0 0 0 0 0 21 2 0 0 6 1 0 
50 42 0 0 0 0 0 3 0 0 0 0 0 0 0 1 1 1 0 0 0 0 0 21 2 0 0 6 1 0 
30 23 0 0 0 0 0 3 0 0 0 0 0 0 0 1 1 1 0 0 0 0 0 21 1 0 0 6 1 0 
50 40 0 0 0 0 0 4 0 0 0 0 0 0 0 1 1 1 0 0 0 0 0 21 3 0 12 6 1 0 
44 36 0 0 0 0 0 3 0 0 0 0 0 0 0 1 1 1 0 0 0 0 0 21 2 0 0 6 1 0 
53 45 0 0 0 0 0 3 0 0 0 0 0 0 0 1 1 1 0 0 0 0 0 21 2 0 0 6 1 0 
60 51 0 0 0 1 0 3 0 0 0 0 0 0 0 1 1 1 0 0 0 0 0 21 2 0 0 6 1 0 
49 41 0 0 0 1 0 2 0 0 0 0 0 0 0 0 1 1 0 0 0 0 0 25 2 0 0 13 1 0 
