http://znsv.baidu.com/customer_search/api/js?sid=14553675342420242144
malware
7 6
6 5
6 4
6 1
6 3
6 2
6 0
56 42 0 0 0 0 1 2 0 2 0 0 0 0 0 0 0 1 0 0 0 0 0 14 3 0 0 3 1 0 
22 16 0 0 0 0 0 2 0 0 0 0 0 0 0 1 0 1 0 0 0 0 0 13 1 0 0 3 1 0 
44 35 0 0 0 0 0 2 0 0 0 0 0 0 0 0 0 1 0 0 0 0 0 14 3 0 0 3 1 0 
49 37 0 0 0 0 0 2 0 0 2 0 0 0 0 0 0 1 0 0 0 0 0 14 3 0 0 3 1 0 
65 52 0 0 0 0 0 3 0 0 2 0 0 0 0 0 0 1 0 0 0 0 0 14 3 0 0 3 1 0 
20 14 0 0 0 0 0 0 0 0 0 0 0 0 0 0 0 0 0 0 0 0 0 7 0 0 0 0 0 0 
69 38 20 0 1 0 1 2 0 0 0 0 0 0 0 0 0 1 0 0 0 0 0 14 3 0 8 3 1 0 
