https://nndb.com/people/319/000023250/
benign
10 9
1 6
1 0
1 4
1 8
1 5
1 9
1 7
1 3
1 2
37 17 12 0 0 0 0 1 0 0 0 0 0 0 0 0 1 1 0 0 0 0 0 8 4 0 0 3 1 0 
38 18 12 0 0 0 0 1 0 0 0 0 0 0 0 0 1 1 0 0 0 0 0 8 4 0 10 3 1 0 
35 15 12 0 0 0 0 1 0 0 0 0 0 0 0 0 1 1 0 0 0 0 0 8 4 0 0 3 1 0 
35 15 12 0 0 0 0 1 0 0 0 0 0 0 0 0 1 1 0 0 0 0 0 8 4 0 0 3 1 0 
37 17 12 0 0 0 0 1 0 0 0 0 0 0 0 0 1 1 0 0 0 0 0 8 4 0 0 3 1 0 
37 17 12 0 0 0 0 1 0 0 0 0 0 0 0 0 1 1 0 0 0 0 0 8 4 0 0 3 1 0 
37 17 12 0 0 0 0 1 0 0 0 0 0 0 0 0 1 1 0 0 0 0 0 8 4 0 0 3 1 0 
37 17 12 0 0 0 0 1 0 0 0 0 0 0 0 0 1 1 0 0 0 0 0 8 4 0 0 3 1 0 
37 17 12 0 0 0 0 1 0 0 0 0 0 0 0 0 1 1 0 0 0 0 0 8 4 0 0 3 1 0 
20 14 0 0 0 0 0 2 0 0 0 0 0 0 0 1 0 1 0 0 0 0 0 12 1 0 0 3 1 0 
