https://people.bath.ac.uk/masrjb/Sources/
phishing
10 9
9 5
9 4
9 2
9 8
9 0
9 7
9 1
9 6
9 3
19 12 3 0 0 0 0 1 0 0 0 0 0 0 0 0 0 1 0 0 0 0 0 12 0 0 0 3 1 0 
22 15 3 0 0 0 0 1 0 0 0 0 0 0 0 0 0 1 0 0 0 0 0 15 0 0 0 0 1 0 
19 15 0 0 0 0 0 1 0 0 0 0 0 0 0 0 0 1 0 0 0 0 0 12 0 0 0 0 1 0 
55 44 0 0 0 1 0 4 0 0 0 0 0 0 0 0 1 1 0 0 0 0 0 17 3 0 0 5 1 0 
19 12 3 0 0 0 0 1 0 0 0 0 0 0 0 0 0 1 0 0 0 0 0 12 0 0 0 3 1 0 
22 15 3 0 0 0 0 1 0 0 0 0 0 0 0 0 0 1 0 0 0 0 0 15 0 0 0 0 1 0 
29 24 0 0 0 0 0 2 0 0 0 0 0 0 0 0 0 1 0 0 0 0 0 22 0 0 0 3 1 0 
57 46 0 0 0 1 0 4 0 0 0 0 0 0 0 0 1 1 0 0 0 0 0 17 3 0 0 5 1 0 
22 15 3 0 0 0 0 1 0 0 0 0 0 0 0 0 0 1 0 0 0 0 0 15 0 0 0 3 1 0 
41 32 0 0 0 0 0 3 0 0 0 0 0 0 0 0 1 1 0 0 0 0 0 17 3 0 9 5 1 0 
