https://rickosborne.org/Knowbuddy/gnutellafaq.html
phishing
10 9
0 2
7 6
7 0
7 8
7 9
7 4
7 3
7 1
7 5
29 23 0 0 0 0 0 2 0 0 0 0 0 0 0 0 0 1 0 0 0 0 0 21 1 0 1 3 1 0 
23 17 0 0 0 0 0 2 0 0 0 0 0 0 0 1 0 1 0 0 1 0 0 15 1 0 0 3 1 0 
54 43 0 0 0 4 0 1 0 0 0 0 0 0 0 0 0 1 0 0 0 0 0 12 3 0 0 3 1 0 
44 35 0 0 0 0 0 3 0 0 0 0 0 0 0 1 0 1 0 0 0 0 1 20 3 0 0 3 1 0 
53 42 0 0 0 0 0 4 0 0 0 0 0 0 0 1 0 1 0 0 0 0 0 17 3 0 0 3 1 0 
47 37 3 0 0 0 0 2 0 0 0 0 0 0 0 0 1 1 0 0 0 0 0 15 2 0 0 3 1 0 
29 23 0 0 0 0 0 2 0 0 0 0 0 0 0 1 0 1 0 0 0 0 0 21 1 0 0 3 1 0 
50 43 0 0 0 0 0 2 0 0 0 0 0 0 0 0 1 1 0 0 0 0 0 15 2 0 60 3 1 0 
48 40 0 0 0 0 0 3 0 0 0 0 0 0 0 0 0 1 0 0 0 0 0 18 2 0 0 10 1 0 
49 41 0 0 0 0 0 3 0 0 0 0 0 0 0 1 0 1 0 0 0 0 1 15 2 0 0 3 1 0 
