https://sports.nationalpost.com/2011/11/06/hickstead-dead-eric-lamaze%e2%80%99s-gold-medal-winning-horse-dies-suddenly/
benign
10 9
0 1
0 4
0 9
0 3
0 7
0 5
0 8
0 2
0 6
119 84 13 0 0 9 0 2 0 3 0 0 0 0 0 0 1 1 0 0 0 0 1 23 5 0 14 3 1 0 
36 29 0 0 0 0 0 2 0 0 0 0 0 0 0 0 1 1 0 0 0 0 1 23 2 0 0 3 1 0 
52 43 0 0 0 0 0 2 0 0 0 0 0 0 0 0 1 1 0 0 0 0 1 23 4 0 0 3 1 0 
57 47 0 0 0 1 0 2 0 0 0 0 0 0 0 0 1 1 0 0 0 0 1 23 4 0 0 3 1 0 
36 27 1 0 0 0 0 2 0 0 0 0 0 0 0 0 1 1 0 0 0 0 1 23 3 0 0 3 1 0 
32 26 0 0 0 0 0 2 0 0 0 0 0 0 0 0 1 1 0 0 0 0 1 23 1 0 0 3 1 0 
43 35 0 0 0 1 0 2 0 0 0 0 0 0 0 0 1 1 0 0 1 0 1 23 2 0 0 3 1 0 
42 35 0 0 0 0 0 2 0 0 0 0 0 0 0 0 1 1 0 0 0 0 1 23 2 0 0 3 1 0 
46 38 0 0 0 0 0 2 0 0 0 0 0 0 0 0 1 1 0 0 0 0 1 23 3 0 0 3 1 0 
42 34 0 0 0 0 0 2 0 0 0 0 0 0 0 0 1 1 0 0 0 0 1 23 3 0 0 3 1 0 
