http://www.raci.it/azienda/la-nostra-storia.html
defacement
10 9
9 8
9 7
9 3
9 6
9 5
9 4
9 2
9 1
9 0
52 41 0 0 0 2 0 3 0 0 0 0 0 0 0 1 0 1 0 0 0 0 0 11 3 0 0 2 1 0 
41 32 0 0 0 1 0 3 0 0 0 0 0 0 0 1 0 1 0 0 0 0 0 11 2 0 0 2 1 0 
42 34 0 0 0 0 0 3 0 0 0 0 0 0 0 1 0 1 0 0 0 0 0 11 2 0 0 2 1 0 
49 39 0 0 0 1 0 3 0 0 0 0 0 0 0 1 0 1 0 0 0 0 0 11 3 0 0 2 1 0 
51 40 0 0 0 2 0 3 0 0 0 0 0 0 0 1 0 1 0 0 0 0 0 11 3 0 0 2 1 0 
19 13 0 0 0 0 0 2 0 0 0 0 0 0 0 1 0 1 0 0 0 0 0 11 1 0 0 2 1 0 
43 35 0 0 0 0 0 3 0 0 0 0 0 0 0 1 0 1 0 0 0 0 0 11 2 0 0 2 1 0 
31 24 0 0 0 0 0 3 0 0 0 0 0 0 0 1 0 1 0 0 0 0 0 11 1 0 0 2 1 0 
59 49 0 0 0 1 0 3 0 0 0 0 0 0 0 1 0 1 0 0 0 0 0 11 3 0 0 2 1 0 
48 38 0 0 0 2 0 3 0 0 0 0 0 0 0 1 0 1 0 0 0 0 0 11 2 0 13 2 1 0 
