https://freehandmusic.com/artist/george-bennard-54333
benign
10 9
2 7
2 4
2 5
2 1
2 6
2 0
2 9
2 8
2 3
32 27 0 0 0 0 0 1 0 0 0 0 0 0 0 0 1 1 0 0 1 0 0 17 1 0 0 3 1 0 
39 33 0 0 0 0 0 1 0 0 0 0 0 0 0 0 1 1 0 0 1 0 0 17 2 0 0 3 1 0 
53 40 5 0 0 2 0 1 0 0 0 0 0 0 0 0 1 1 0 0 1 0 0 17 2 0 14 3 1 0 
33 28 0 0 0 0 0 1 0 0 0 0 0 0 0 0 1 1 0 0 1 0 0 17 1 0 0 3 1 0 
42 36 0 0 0 0 0 1 0 0 0 0 0 0 0 0 1 1 0 0 1 0 0 17 2 0 0 3 1 0 
30 25 0 0 0 0 0 1 0 0 0 0 0 0 0 0 1 1 0 0 1 0 0 17 1 0 0 3 1 0 
26 21 0 0 0 0 0 1 0 0 0 0 0 0 0 0 1 1 0 0 1 0 0 17 1 0 0 3 1 0 
128 93 9 0 0 17 0 2 0 0 0 0 0 0 0 1 1 1 0 0 0 0 0 21 4 0 0 3 1 0 
80 62 6 0 0 6 0 1 0 0 0 0 0 0 0 0 1 1 0 0 1 0 0 17 2 0 0 3 1 0 
51 43 0 0 0 0 0 3 0 0 0 0 0 0 0 1 1 1 0 0 0 0 1 18 2 0 0 3 1 0 
