http://www.tptelecom.it/public/one.stting/inc-style/grece.paypai-id.pro346/myaccount/signin/
phishing
6 5
1 5
5 0
5 4
5 2
5 3
20 14 1 0 0 0 0 0 0 0 0 0 0 0 0 0 0 0 0 0 0 0 0 7 0 0 0 0 0 0 
92 72 3 0 0 2 0 5 0 0 0 0 0 0 0 1 0 1 0 0 1 0 0 16 7 0 2 2 1 0 
41 34 0 0 0 0 0 2 0 0 0 0 0 0 0 1 0 1 0 0 0 0 0 16 2 0 2 2 1 0 
21 14 1 0 0 0 0 0 0 0 0 0 0 0 0 0 0 0 0 0 0 0 0 8 0 0 0 0 0 0 
39 32 0 0 0 0 0 2 0 0 0 0 0 0 0 1 0 1 0 0 0 0 0 16 2 0 2 2 1 0 
31 24 0 0 0 0 0 2 0 0 0 0 0 0 0 0 0 1 0 0 0 0 1 16 2 0 5 3 1 0 
