https://www.magicmgmt.com/core.html
phishing
10 9
8 4
8 5
8 1
8 3
8 0
8 6
8 7
8 2
8 9
39 32 0 0 0 0 0 3 0 0 0 0 0 0 0 1 1 1 0 0 0 0 1 17 1 0 0 3 1 0 
38 31 0 0 0 0 0 3 0 0 0 0 0 0 0 1 1 1 0 0 0 0 1 17 1 0 0 3 1 0 
39 32 0 0 0 0 0 3 0 0 0 0 0 0 0 1 1 1 0 0 0 0 1 17 1 0 0 3 1 0 
36 29 0 0 0 0 0 3 0 0 0 0 0 0 0 1 1 1 0 0 0 0 1 17 1 0 0 3 1 0 
40 33 0 0 0 0 0 3 0 0 0 0 0 0 0 1 1 1 0 0 0 0 1 17 1 0 0 3 1 0 
35 28 0 0 0 0 0 3 0 0 0 0 0 0 0 1 1 1 0 0 0 0 1 17 1 0 0 3 1 0 
40 33 0 0 0 0 0 3 0 0 0 0 0 0 0 1 1 1 0 0 0 0 1 17 1 0 0 3 1 0 
37 30 0 0 0 0 0 3 0 0 0 0 0 0 0 1 1 1 0 0 0 0 1 17 1 0 0 3 1 0 
35 28 0 0 0 0 0 3 0 0 0 0 0 0 0 1 1 1 0 0 0 0 1 17 1 0 14 3 1 0 
38 31 0 0 0 0 0 3 0 0 0 0 0 0 0 1 1 1 0 0 0 0 1 17 1 0 0 3 1 0 
