https://panoptic.com/wiki/aolserver
phishing
10 9
1 3
1 8
1 9
1 6
1 0
1 5
1 7
1 2
1 4
66 56 0 0 0 0 0 1 0 0 0 0 0 0 0 0 1 1 0 0 0 0 0 12 3 0 0 3 1 0 
35 29 0 0 0 0 0 1 0 0 0 0 0 0 0 0 1 1 0 0 0 0 0 12 2 0 12 3 1 0 
53 44 0 0 0 0 0 1 0 0 0 0 0 0 0 0 1 1 0 0 0 0 0 12 3 0 0 3 1 0 
63 53 0 0 0 0 0 1 0 0 0 0 0 0 0 0 1 1 0 0 0 0 0 12 3 0 0 3 1 0 
24 19 0 0 0 0 0 2 0 0 0 0 0 0 0 1 0 1 0 0 0 0 0 17 0 0 0 3 1 0 
54 46 0 0 0 0 0 1 0 0 0 0 0 0 0 0 1 1 0 0 0 0 0 12 3 0 0 3 1 0 
54 46 0 0 0 0 0 1 0 0 0 0 0 0 0 0 1 1 0 0 0 0 0 12 3 0 0 3 1 0 
52 44 0 0 0 0 0 1 0 0 0 0 0 0 0 0 1 1 0 0 0 0 0 12 3 0 0 3 1 0 
57 47 0 0 0 0 0 1 0 0 0 0 0 0 1 0 1 1 0 0 0 0 0 12 3 0 0 3 1 0 
40 33 0 0 0 0 0 1 0 0 0 0 0 0 0 0 1 1 0 0 0 0 0 12 3 0 0 3 1 0 
