http://www.thc-hanau.de/index.php/component/jevents/day.listevents/2013/01/14/-
defacement
10 9
4 1
4 6
4 2
4 0
4 3
4 9
4 7
4 5
4 8
38 30 0 0 0 1 0 1 0 0 0 0 0 0 0 0 1 1 0 0 0 0 0 12 3 0 0 2 1 0 
34 27 0 0 0 0 0 2 0 0 0 0 0 0 0 1 1 1 0 0 0 0 0 16 2 0 0 3 1 0 
30 23 0 0 0 1 0 1 0 0 0 0 0 0 0 0 1 1 0 0 0 0 0 12 2 0 0 2 1 0 
32 24 0 0 0 1 0 1 0 0 0 0 0 0 0 0 1 1 0 0 0 0 0 12 3 0 0 2 1 0 
79 54 8 0 0 2 0 4 0 0 0 0 0 0 0 1 0 1 0 0 0 0 0 16 8 0 11 2 1 0 
36 28 0 0 0 1 0 1 0 0 0 0 0 0 0 0 1 1 0 0 0 0 0 12 3 0 0 2 1 0 
42 33 0 0 0 2 0 1 0 0 0 0 0 0 0 0 1 1 0 0 0 0 0 12 3 0 0 2 1 0 
68 48 4 0 0 10 0 1 0 0 0 0 0 0 0 0 1 1 0 0 0 0 0 12 2 0 0 2 1 0 
26 19 0 0 0 1 0 1 0 0 0 0 0 0 0 0 1 1 0 0 0 0 0 12 2 0 0 2 1 0 
21 15 0 0 0 1 0 1 0 0 0 0 0 0 0 0 1 1 0 0 0 0 0 12 1 0 0 2 1 0 
