http://www.kosmedica-wardenburg.de/x.txt
defacement
10 9
5 0
5 4
5 7
5 9
5 1
5 8
5 2
7 3
7 6
45 37 0 0 0 1 0 2 0 0 0 0 0 0 0 1 0 1 0 0 0 0 0 27 2 0 0 2 1 0 
57 47 0 0 0 3 0 2 0 0 0 0 0 0 0 1 0 1 0 0 0 0 0 27 2 0 0 2 1 0 
39 32 0 0 0 1 0 2 0 0 0 0 0 0 0 0 0 1 0 0 0 0 0 31 1 0 0 2 1 0 
36 29 0 0 0 1 0 2 0 0 0 0 0 0 0 1 1 1 0 0 0 0 0 27 1 0 0 2 1 0 
60 51 0 0 0 2 0 2 0 0 0 0 0 0 0 1 0 1 0 0 0 0 0 27 2 0 0 2 1 0 
40 32 0 0 0 1 0 3 0 0 0 0 0 0 0 1 0 1 0 0 0 0 0 27 1 0 10 2 1 0 
58 48 0 0 0 3 0 2 0 0 0 0 0 0 0 1 1 1 0 0 0 0 0 27 2 0 0 2 1 0 
35 28 0 0 0 1 0 2 0 0 0 0 0 0 0 1 0 1 0 0 0 0 0 27 1 0 4 2 1 0 
25 19 0 0 0 0 0 2 0 0 0 0 0 0 0 0 1 1 0 0 0 0 0 16 1 0 0 3 1 0 
43 35 0 0 0 1 0 2 0 0 0 0 0 0 0 1 0 1 0 0 0 0 0 27 2 0 0 2 1 0 
