https://urbanlegends.about.com/library/blmsaol.htm
phishing
10 9
7 0
7 8
7 6
7 9
7 2
7 4
7 5
7 1
7 3
31 25 0 0 0 0 0 2 0 0 0 0 0 0 0 0 1 1 0 0 0 0 1 22 1 0 0 3 1 0 
45 29 7 0 0 3 0 2 0 0 0 0 0 0 0 1 1 1 0 0 0 0 1 17 1 0 0 3 1 0 
45 30 7 0 0 2 0 2 0 0 0 0 0 0 0 1 1 1 0 0 0 0 1 17 1 0 0 3 1 0 
39 25 7 0 0 1 0 2 0 0 0 0 0 0 0 1 1 1 0 0 0 0 1 17 1 0 0 3 1 0 
50 34 7 0 0 3 0 2 0 0 0 0 0 0 0 1 1 1 0 0 0 0 1 17 1 0 0 3 1 0 
40 26 7 0 0 1 0 2 0 0 0 0 0 0 0 1 1 1 0 0 0 0 1 17 1 0 0 3 1 0 
51 35 7 0 0 3 0 2 0 0 0 0 0 0 0 1 1 1 0 0 0 0 1 17 1 0 0 3 1 0 
50 42 0 0 0 0 0 3 0 0 0 0 0 0 0 0 1 1 0 0 0 0 1 22 2 0 9 3 1 0 
47 33 7 0 0 1 0 2 0 0 0 0 0 0 0 1 1 1 0 0 0 0 1 17 1 0 0 3 1 0 
49 34 7 0 0 2 0 2 0 0 0 0 0 0 0 1 1 1 0 0 0 0 1 17 1 0 0 3 1 0 
