https://barlowgenealogy.com/Arts/WmBilly.html
benign
10 9
1 9
1 0
4 5
4 1
5 3
5 2
5 8
5 6
5 7
54 45 0 0 0 2 0 1 0 0 0 0 0 0 0 0 1 1 0 0 0 0 0 19 3 0 0 3 1 0 
32 25 0 0 0 0 0 1 0 0 0 0 0 0 0 0 1 1 0 0 0 0 0 8 3 0 2 3 1 0 
93 63 11 0 0 1 0 2 0 3 0 0 0 0 0 0 1 1 0 0 0 0 0 15 9 0 0 3 1 0 
47 40 0 0 0 0 0 2 0 0 0 0 0 0 0 0 1 1 0 0 0 0 0 19 2 0 0 3 1 0 
45 38 0 0 0 0 0 2 0 0 0 0 0 0 0 0 1 1 0 0 0 0 0 19 2 0 4 3 1 0 
42 33 1 0 0 0 0 3 0 0 0 0 0 0 0 1 1 1 0 0 1 0 0 12 2 0 12 3 1 0 
57 49 0 0 0 0 0 2 0 0 0 0 0 0 0 0 1 1 0 0 0 0 0 19 3 0 0 3 1 0 
55 47 0 0 0 0 0 2 0 0 0 0 0 0 0 0 1 1 0 0 0 0 0 19 3 0 0 3 1 0 
48 39 0 0 0 2 0 1 0 0 0 0 0 0 0 0 1 1 0 0 0 0 0 19 3 0 0 3 1 0 
31 25 0 0 0 0 0 1 0 0 0 0 0 0 0 0 1 1 0 0 0 0 0 19 2 0 0 3 1 0 
