https://montrealgazette.com/entertainment/Photos+Montreal+Comiccon/5419643/story.html
benign
10 9
5 4
5 3
5 2
5 7
5 6
5 8
5 0
5 1
5 9
51 42 0 0 0 2 0 2 0 0 0 0 0 0 0 0 1 1 0 0 1 0 0 16 2 0 0 3 1 0 
38 32 0 0 0 0 0 1 0 0 0 0 0 0 0 0 1 1 0 0 0 0 0 19 2 0 0 3 1 0 
39 32 0 0 0 1 0 1 0 0 0 0 0 0 0 0 1 1 0 0 1 0 0 19 2 0 0 3 1 0 
53 44 0 0 0 1 0 1 0 0 0 0 0 0 0 0 1 1 0 0 0 0 0 19 4 0 0 3 1 0 
40 34 0 0 0 0 0 1 0 0 0 0 0 0 0 0 1 1 0 0 0 0 0 19 2 0 0 3 1 0 
85 67 7 0 0 0 0 2 0 0 2 0 0 0 0 0 1 1 0 0 0 0 0 19 4 0 14 3 1 0 
42 35 0 0 0 0 0 1 0 0 0 0 0 0 0 0 1 1 0 0 0 0 0 19 3 0 0 3 1 0 
72 60 0 0 0 3 0 1 0 0 0 0 0 0 0 0 1 1 0 0 0 0 0 19 5 0 0 3 1 0 
32 26 0 0 0 0 0 1 0 0 0 0 0 0 0 0 1 1 0 0 0 0 0 19 2 0 0 3 1 0 
28 23 0 0 0 0 0 1 0 0 0 0 0 0 0 0 1 1 0 0 0 0 0 19 1 0 0 3 1 0 
