http://www.fredhopper.com/products/index.html
defacement
10 9
8 3
8 9
8 4
8 7
8 1
8 6
8 5
8 2
8 0
27 20 0 0 0 0 0 2 0 0 0 0 0 0 0 1 1 1 0 0 0 0 1 15 2 0 0 3 1 0 
65 56 0 0 0 1 0 2 0 0 0 0 0 0 0 1 0 1 0 0 0 0 0 18 3 0 0 3 1 0 
68 58 0 0 0 2 0 2 0 0 0 0 0 0 0 1 0 1 0 0 0 0 0 18 3 0 0 3 1 0 
27 20 0 0 0 0 0 2 0 0 0 0 0 0 0 1 1 1 0 0 0 0 1 15 2 0 0 3 1 0 
62 53 0 0 0 1 0 2 0 0 0 0 0 0 0 1 0 1 0 0 0 0 0 18 3 0 0 3 1 0 
47 38 0 0 0 1 0 2 0 0 0 0 0 0 0 1 0 1 0 0 0 0 0 18 3 0 0 3 1 0 
28 22 0 0 0 0 0 2 0 0 0 0 0 0 0 0 1 1 0 0 0 0 1 19 1 0 0 3 1 0 
49 40 0 0 0 1 0 2 0 0 0 0 0 0 0 1 0 1 0 0 0 0 0 18 3 0 0 3 1 0 
45 37 0 0 0 0 0 3 0 0 0 0 0 0 0 1 0 1 0 0 0 0 0 18 2 0 10 3 1 0 
23 18 0 0 0 0 0 2 0 0 0 0 0 0 0 1 1 1 0 0 0 0 1 15 0 0 0 3 1 0 
