http://techcrunch.com/2015/04/17/crunchweek-yahoofoursquare-etsys-ipo-goes-boom-and-slack-raises-another-chunk-of-capital/
benign
10 9
8 2
8 7
8 0
8 4
8 5
8 6
8 3
8 1
8 9
29 24 0 0 0 0 0 1 0 0 0 0 0 0 0 0 1 1 0 0 0 0 0 11 1 0 0 3 1 0 
45 37 0 0 0 1 0 1 0 0 0 0 0 0 0 0 1 1 0 0 0 0 0 14 3 0 0 3 1 0 
75 52 8 0 0 6 0 1 0 0 0 0 0 0 0 0 1 1 0 0 0 0 0 14 5 0 0 3 1 0 
30 24 0 0 0 0 0 1 0 0 0 0 0 0 0 0 1 1 0 0 0 0 0 14 2 0 0 3 1 0 
33 28 0 0 0 0 0 1 0 0 0 0 0 0 0 0 1 1 0 0 0 0 0 11 1 0 0 3 1 0 
112 76 12 0 0 15 0 1 0 0 0 0 0 0 0 0 1 1 0 0 0 0 0 14 5 0 0 3 1 0 
24 19 0 0 0 0 0 1 0 0 0 0 0 0 0 0 1 1 0 0 0 0 0 11 1 0 0 3 1 0 
67 38 20 0 0 0 0 3 0 0 0 0 0 0 0 0 0 1 0 0 0 0 0 14 3 0 0 3 1 0 
122 93 8 0 0 12 0 1 0 0 0 0 0 0 0 0 0 1 0 0 0 0 0 14 5 0 9 3 1 0 
41 33 0 0 0 1 0 1 0 0 0 0 0 0 0 0 1 1 0 0 0 0 0 14 3 0 0 3 1 0 
