https://www.thunderguy.com/semicolon/
phishing
10 9
9 1
9 3
9 5
9 4
9 0
9 2
9 8
9 7
9 6
66 46 8 0 0 2 0 1 0 0 0 0 0 0 0 0 1 1 0 0 0 0 0 14 6 0 0 3 1 0 
33 27 0 0 0 0 0 1 0 0 0 0 0 0 0 0 1 1 0 0 0 0 0 14 2 0 0 3 1 0 
38 31 0 0 0 0 0 1 0 0 0 0 0 0 0 0 1 1 0 0 0 0 0 14 3 0 0 3 1 0 
63 46 4 0 0 4 0 2 0 0 0 0 0 0 0 1 0 1 0 0 0 0 0 19 4 0 0 3 1 0 
63 39 12 0 0 2 0 1 0 0 0 0 0 0 0 0 1 1 0 0 0 0 0 14 6 0 0 3 1 0 
65 45 8 0 0 2 0 1 0 0 0 0 0 0 0 0 1 1 0 0 0 0 0 14 6 0 0 3 1 0 
41 34 0 0 0 0 0 1 0 0 0 0 0 0 0 0 1 1 0 0 0 0 0 14 3 0 0 3 1 0 
59 36 10 0 0 0 1 2 0 0 0 0 0 0 0 1 0 1 0 0 0 0 0 14 4 0 0 3 1 0 
39 32 0 0 0 0 0 1 0 0 0 0 0 0 0 0 1 1 0 0 0 0 0 14 3 0 0 3 1 0 
37 30 0 0 0 0 0 2 0 0 0 0 0 0 0 1 1 1 0 0 0 0 0 18 2 0 15 3 1 0 
