https://theaquarian.com/2009/04/22/shoreworld-secret-syde-larry-%e2%80%9cbozo%e2%80%9d-blasco/
benign
10 9
2 9
2 1
2 4
2 0
2 6
2 3
2 8
2 5
2 7
93 67 8 0 0 8 0 2 0 0 0 0 0 0 0 1 1 1 0 0 0 0 0 19 5 0 0 3 1 0 
46 38 0 0 0 0 0 2 0 0 0 0 0 0 0 1 1 1 0 0 0 0 0 19 3 0 0 3 1 0 
94 58 16 0 0 5 0 1 0 6 0 0 0 0 0 0 1 1 0 0 0 0 0 15 5 0 16 3 1 0 
30 25 0 0 0 0 0 2 0 0 0 0 0 0 0 1 1 1 0 0 0 0 0 22 0 0 0 3 1 0 
54 44 0 0 0 2 0 2 0 0 0 0 0 0 0 1 1 1 0 0 0 0 0 19 3 0 0 3 1 0 
72 48 8 0 0 6 0 2 0 0 0 0 0 0 0 1 1 1 0 0 0 0 0 19 5 0 0 3 1 0 
27 22 0 0 0 0 0 2 0 0 0 0 0 0 0 1 1 1 0 0 0 0 0 19 0 0 0 3 1 0 
51 42 0 0 0 0 0 2 0 0 0 0 0 0 0 1 1 1 0 0 0 0 0 19 4 0 0 3 1 0 
97 65 8 0 0 14 0 2 0 0 0 0 0 0 0 1 1 1 0 0 0 0 0 19 5 0 0 3 1 0 
77 53 8 0 0 6 0 2 0 0 0 0 0 0 0 1 1 1 0 0 0 0 0 19 5 0 0 3 1 0 
