http://hotlinegsm.com/products/mobile-and-tablet/apple-iphone-4s-detail
malware
10 9
7 8
8 3
8 2
8 5
8 9
8 4
8 1
8 0
8 6
25 19 0 0 0 0 0 1 0 0 0 0 0 0 0 0 0 1 0 0 0 0 0 14 2 0 0 3 1 0 
25 19 0 0 0 0 0 1 0 0 0 0 0 0 0 0 0 1 0 0 0 0 0 14 2 0 0 3 1 0 
25 19 0 0 0 0 0 1 0 0 0 0 0 0 0 0 0 1 0 0 0 0 0 14 2 0 0 3 1 0 
25 19 0 0 0 0 0 1 0 0 0 0 0 0 0 0 0 1 0 0 0 0 0 14 2 0 0 3 1 0 
25 19 0 0 0 0 0 1 0 0 0 0 0 0 0 0 0 1 0 0 0 0 0 14 2 0 0 3 1 0 
49 40 0 0 0 2 0 1 0 0 0 0 0 0 0 0 0 1 0 0 0 0 0 14 3 0 0 3 1 0 
25 19 0 0 0 0 0 1 0 0 0 0 0 0 0 0 0 1 0 0 0 0 0 14 2 0 0 3 1 0 
71 58 1 0 0 5 0 1 0 0 0 0 0 0 0 0 0 1 0 0 0 0 0 14 3 0 1 3 1 0 
34 27 0 0 0 1 0 2 0 0 0 0 0 0 0 1 1 1 0 0 0 0 1 25 1 0 9 3 1 0 
25 19 0 0 0 0 0 1 0 0 0 0 0 0 0 0 0 1 0 0 0 0 0 14 2 0 0 3 1 0 
