https://www.skytopia.com/games/c64/c64.html
phishing
10 9
6 3
6 5
6 0
6 8
6 9
6 1
6 2
6 7
6 4
30 24 0 0 0 0 0 2 0 0 0 0 0 0 0 1 1 1 0 0 0 0 0 16 1 0 0 3 1 0 
46 38 0 0 0 0 0 3 0 0 0 0 0 0 0 1 1 1 0 0 0 0 0 16 2 0 0 3 1 0 
52 42 1 0 0 0 0 3 0 0 0 0 0 0 0 1 1 1 0 0 0 0 0 16 2 0 0 3 1 0 
54 44 1 0 0 0 0 3 0 0 0 0 0 0 0 1 1 1 0 0 0 0 0 16 2 0 0 3 1 0 
23 15 2 0 0 0 0 3 0 0 0 0 0 0 0 1 0 1 0 0 0 0 0 16 0 0 0 3 1 0 
47 38 1 0 0 0 0 3 0 0 0 0 0 0 0 1 1 1 0 0 0 0 0 16 2 0 0 3 1 0 
43 30 4 0 0 0 0 3 0 0 0 0 0 0 0 1 1 1 0 0 0 0 0 16 3 0 20 3 1 0 
51 37 4 0 0 1 0 3 0 0 0 0 0 0 0 1 1 1 0 0 0 0 0 16 3 0 0 3 1 0 
45 33 3 0 0 0 0 3 0 0 0 0 0 0 0 1 0 1 0 0 0 0 0 17 2 0 0 3 1 0 
43 32 2 0 0 0 0 3 0 0 0 0 0 0 0 1 0 1 0 0 0 0 0 14 3 0 0 2 1 0 
