https://evri.com/person/bronfman-family-0xba7f1
benign
10 9
2 5
2 4
2 3
2 8
2 6
2 1
2 7
2 0
2 9
31 25 0 0 0 0 0 2 0 0 0 0 0 0 0 0 1 1 0 0 0 0 0 22 1 0 0 3 1 0 
48 37 0 0 0 5 0 1 0 0 0 0 0 0 0 0 1 1 0 0 0 0 0 8 2 0 0 3 1 0 
47 36 3 0 0 2 0 1 0 0 0 0 0 0 0 0 1 1 0 0 0 0 0 8 2 0 16 3 1 0 
42 32 0 0 0 4 0 1 0 0 0 0 0 0 0 0 1 1 0 0 0 0 0 8 2 0 0 3 1 0 
35 27 0 0 0 2 0 2 0 0 0 0 0 0 0 1 1 1 0 0 0 0 0 12 1 0 0 3 1 0 
25 19 0 0 0 0 0 2 0 0 0 0 0 0 0 1 1 1 0 0 0 0 0 12 1 0 0 3 1 0 
42 32 0 0 0 4 0 1 0 0 0 0 0 0 0 0 1 1 0 0 0 0 0 8 2 0 0 3 1 0 
17 12 0 0 0 0 0 1 0 0 0 0 0 0 0 0 1 1 0 0 0 0 0 8 1 0 0 3 1 0 
36 28 0 0 0 2 0 2 0 0 0 0 0 0 0 1 1 1 0 0 0 0 0 12 1 0 0 3 1 0 
50 40 0 0 0 4 0 1 0 0 0 0 0 0 0 0 1 1 0 0 0 0 0 8 2 0 0 3 1 0 
