http://www.antonov-vrtec.si/novice/464-boinica-v-otroki-risbi
defacement
10 9
4 5
4 3
4 8
4 0
4 2
4 6
4 7
4 1
4 9
46 37 0 0 0 1 0 2 0 0 0 0 0 0 0 1 1 1 0 0 0 0 0 20 3 0 0 2 1 0 
57 37 8 0 0 2 0 2 0 0 0 0 0 0 0 1 1 1 0 0 0 0 0 20 5 0 0 2 1 0 
38 30 0 0 0 1 0 2 0 0 0 0 0 0 0 1 1 1 0 0 0 0 0 20 2 0 0 2 1 0 
48 38 0 0 0 3 0 2 0 0 0 0 0 0 0 1 1 1 0 0 0 0 0 20 2 0 0 2 1 0 
61 46 3 0 0 5 0 2 0 0 0 0 0 0 0 1 0 1 0 0 0 0 0 20 2 0 10 2 1 0 
50 40 0 0 0 3 0 2 0 0 0 0 0 0 0 1 1 1 0 0 0 0 0 20 2 0 0 2 1 0 
45 36 0 0 0 1 0 2 0 0 0 0 0 0 0 1 1 1 0 0 0 0 0 20 3 0 0 2 1 0 
28 22 0 0 0 1 0 2 0 0 0 0 0 0 0 1 1 1 0 0 0 0 0 20 0 0 0 2 1 0 
54 34 8 0 0 2 0 2 0 0 0 0 0 0 0 1 1 1 0 0 0 0 0 20 5 0 0 2 1 0 
42 32 0 0 0 3 0 2 0 0 0 0 0 0 0 1 1 1 0 0 0 0 0 20 2 0 0 2 1 0 
