https://civilwar.org/battlefields/raymond.html
benign
10 9
6 5
6 9
6 1
6 2
6 0
6 8
6 7
6 4
8 3
58 45 4 0 0 3 0 1 0 0 0 0 0 0 0 0 1 1 0 0 0 0 0 12 2 0 0 3 1 0 
44 36 0 0 0 2 0 1 0 0 0 0 0 0 0 0 1 1 0 0 0 0 0 12 2 0 0 3 1 0 
33 27 0 0 0 1 0 1 0 0 0 0 0 0 0 0 1 1 0 0 0 0 0 12 1 0 0 3 1 0 
21 16 0 0 0 0 0 1 0 0 0 0 0 0 0 0 1 1 0 0 0 0 0 12 1 0 0 3 1 0 
55 46 0 0 0 3 0 2 0 0 0 0 0 0 0 1 1 1 0 0 0 0 0 20 1 0 0 3 1 0 
56 47 0 0 0 2 0 1 0 0 0 0 0 0 0 0 1 1 0 0 0 0 0 12 3 0 0 3 1 0 
46 39 0 0 0 0 0 2 0 0 0 0 0 0 0 0 1 1 0 0 0 0 0 12 2 0 10 3 1 0 
29 24 0 1 0 0 0 1 0 0 0 0 0 0 0 0 0 0 0 0 0 0 0 20 0 0 0 3 1 0 
29 23 0 0 0 0 0 2 0 0 0 0 0 0 0 1 1 1 0 0 0 0 0 20 1 0 2 3 1 0 
49 41 0 0 0 3 0 1 0 0 0 0 0 0 0 0 1 1 0 0 0 0 0 12 1 0 0 3 1 0 
