https://therainmakersmessageboard.yuku.com/
benign
10 9
7 1
7 5
7 4
7 8
7 3
7 9
7 2
7 0
7 6
20 14 1 0 0 0 0 0 0 0 0 0 0 0 0 0 0 0 0 0 0 0 0 7 0 0 0 0 0 0 
64 56 0 0 0 0 0 2 0 0 0 0 0 0 0 0 1 1 0 0 0 0 0 34 1 0 0 3 1 0 
58 51 0 0 0 0 0 2 0 0 0 0 0 0 0 0 1 1 0 0 0 0 0 34 1 0 0 3 1 0 
40 24 9 0 0 0 0 2 0 0 0 0 0 0 0 0 1 1 0 0 0 0 0 16 2 0 0 3 1 0 
48 42 0 0 0 0 0 2 0 0 0 0 0 0 0 0 1 1 0 0 1 0 0 34 1 0 0 3 1 0 
51 45 0 0 0 0 0 2 0 0 0 0 0 0 0 0 1 1 0 0 0 0 0 34 1 0 0 3 1 0 
55 49 0 0 0 0 0 2 0 0 0 0 0 0 0 0 1 1 0 0 0 0 0 34 1 0 0 3 1 0 
43 37 0 0 0 0 0 2 0 0 0 0 0 0 0 0 1 1 0 0 0 0 0 34 1 0 90 3 1 0 
50 44 0 0 0 0 0 2 0 0 0 0 0 0 0 0 1 1 0 0 0 0 0 34 1 0 0 3 1 0 
58 51 0 0 0 0 0 2 0 0 0 0 0 0 0 0 1 1 0 0 0 0 0 34 1 0 0 3 1 0 
