http://www.perthshire-caravans.co.uk/stock-list/caravans/new/920-bailey-unicorn-cadiz
defacement
10 9
9 8
9 5
9 7
9 3
9 2
9 6
9 4
9 1
9 0
43 34 0 0 0 1 0 3 0 0 0 0 0 0 0 1 0 1 0 0 0 0 0 29 2 0 0 5 1 0 
41 34 0 0 0 1 0 1 0 0 0 0 0 0 0 0 1 1 0 0 0 0 0 23 2 0 0 3 1 0 
17 3 11 0 0 0 0 0 0 0 0 0 0 0 0 0 0 0 0 0 0 0 0 11 0 0 0 0 1 0 
31 26 0 0 0 1 0 1 0 0 0 0 0 0 0 0 1 1 0 0 0 0 0 23 0 0 0 3 1 0 
37 30 0 0 0 1 0 1 0 0 0 0 0 0 0 0 1 1 0 0 0 0 0 23 2 0 0 3 1 0 
44 36 0 0 0 2 0 1 0 0 0 0 0 0 0 0 1 1 0 0 0 0 0 23 2 0 0 3 1 0 
44 37 0 0 0 1 0 1 0 0 0 0 0 0 0 0 1 1 0 0 0 0 0 23 2 0 0 3 1 0 
42 35 0 0 0 1 0 1 0 0 0 0 0 0 0 0 1 1 0 0 0 0 0 23 2 0 0 3 1 0 
38 31 0 0 0 1 0 1 0 0 0 0 0 0 0 0 1 1 0 0 0 0 0 23 2 0 0 3 1 0 
85 67 3 0 0 5 0 3 0 0 0 0 0 0 0 1 0 1 0 0 0 0 0 29 4 0 9 5 1 0 
