https://www.elf.org/doodle/
phishing
10 9
0 5
0 6
0 1
0 4
0 8
0 7
0 2
0 9
0 3
27 20 0 0 0 0 0 2 0 0 0 0 0 0 0 1 1 1 0 0 0 0 0 11 2 0 9 3 1 0 
39 31 1 0 0 0 0 3 0 0 0 0 0 0 0 1 0 1 0 0 0 0 0 18 1 0 0 2 1 0 
42 33 1 0 0 0 0 3 0 0 0 0 0 0 0 1 0 1 0 0 0 0 0 18 2 0 0 2 1 0 
49 40 0 0 0 0 0 3 0 0 0 0 0 0 0 1 1 1 0 0 0 0 0 11 3 0 0 3 1 0 
41 33 0 0 0 0 0 3 0 0 0 0 0 0 0 1 1 1 0 0 0 0 0 11 2 0 0 3 1 0 
35 27 0 0 0 0 0 3 0 0 0 0 0 0 0 1 1 1 0 0 0 0 0 11 2 0 0 3 1 0 
41 31 2 0 0 0 0 3 0 0 0 0 0 0 0 1 1 1 0 0 0 0 0 11 2 0 0 3 1 0 
39 31 0 0 0 0 0 3 0 0 0 0 0 0 0 1 1 1 0 0 0 0 0 11 2 0 0 3 1 0 
46 37 0 0 0 0 0 3 0 0 0 0 0 0 0 1 1 1 0 0 0 0 0 11 3 0 0 3 1 0 
49 40 0 0 0 0 0 3 0 0 0 0 0 0 0 1 1 1 0 0 0 0 0 11 3 0 0 3 1 0 
