http://www.holyapostlesbn.org/calendar/jscalendar/details/2012_12_24/137.html
defacement
10 9
0 2
0 9
0 8
0 7
0 1
0 5
0 3
0 4
0 6
77 53 11 0 0 0 0 3 0 0 0 0 0 0 0 1 0 1 0 0 0 0 0 22 5 0 12 3 1 0 
30 24 0 0 0 0 0 2 0 0 0 0 0 0 0 1 0 1 0 0 0 0 0 22 1 0 0 3 1 0 
59 50 0 0 0 2 0 2 0 0 0 0 0 0 0 1 0 1 0 0 0 0 0 22 2 0 0 3 1 0 
62 51 0 0 0 4 0 2 0 0 0 0 0 0 0 1 0 1 0 0 0 0 0 22 2 0 0 3 1 0 
62 53 0 0 0 2 0 2 0 0 0 0 0 0 0 1 0 1 0 0 1 0 0 22 2 0 0 3 1 0 
51 42 0 0 0 2 0 2 0 0 0 0 0 0 0 1 0 1 0 0 0 0 0 22 2 0 0 3 1 0 
60 51 0 0 0 2 0 2 0 0 0 0 0 0 0 1 0 1 0 0 0 0 0 22 2 0 0 3 1 0 
55 46 0 0 0 2 0 2 0 0 0 0 0 0 0 1 0 1 0 0 0 0 0 22 2 0 0 3 1 0 
48 40 0 0 0 1 0 2 0 0 0 0 0 0 0 1 0 1 0 0 0 0 0 22 2 0 0 3 1 0 
60 51 0 0 0 2 0 2 0 0 0 0 0 0 0 1 0 1 0 0 0 0 0 22 2 0 0 3 1 0 
