http://www.connexion3.gr/el/news/29-neo-site-3aim
defacement
10 9
2 1
2 5
2 8
2 7
2 9
2 3
2 0
2 4
2 6
43 34 1 0 0 0 0 2 0 0 0 0 0 0 0 1 1 1 0 0 0 0 0 16 3 0 0 3 1 0 
27 21 1 1 0 0 0 1 0 0 0 0 0 0 0 0 0 0 0 0 0 0 0 18 0 0 0 2 1 0 
49 34 4 0 0 3 0 2 0 0 0 0 0 0 0 1 0 1 0 0 0 0 0 17 3 0 11 2 1 0 
31 24 1 0 0 0 0 1 0 0 0 0 0 0 0 0 1 1 0 0 1 0 0 13 2 0 0 2 1 0 
29 21 1 0 0 1 0 1 0 0 0 0 0 0 0 0 1 1 0 0 0 0 0 13 2 0 0 2 1 0 
39 30 1 0 0 0 0 3 0 0 0 0 0 0 0 1 1 1 0 0 0 0 0 16 2 0 0 3 1 0 
32 25 1 0 0 0 0 1 0 0 0 0 0 0 0 0 1 1 0 0 0 0 0 13 2 0 0 2 1 0 
31 23 1 0 0 1 0 1 0 0 0 0 0 0 0 0 1 1 0 0 0 0 0 13 2 0 0 2 1 0 
26 19 1 0 0 0 0 1 0 0 0 0 0 0 0 0 0 1 0 0 0 0 0 13 2 0 0 2 1 0 
22 16 1 0 0 0 0 1 0 0 0 0 0 0 0 0 1 1 0 0 0 0 0 13 1 0 0 2 1 0 
