https://deromebil.se
phishing
10 9
2 8
2 6
2 9
2 4
2 7
2 3
2 0
2 1
2 5
15 3 9 0 0 0 0 0 0 0 0 0 0 0 0 0 0 0 0 0 0 0 0 9 0 0 0 0 1 0 
37 31 1 0 0 0 0 1 0 0 0 0 0 0 0 0 1 1 0 0 0 0 0 12 1 0 0 2 1 0 
20 16 0 0 0 0 0 1 0 0 0 0 0 0 0 0 1 1 0 0 0 0 0 12 0 0 16 2 1 0 
26 21 0 1 0 0 0 1 0 0 0 0 0 0 0 0 0 0 0 0 0 0 0 17 0 0 0 2 1 0 
29 24 0 0 0 0 0 1 0 0 0 0 0 0 0 0 1 1 0 0 1 0 0 12 1 0 0 2 1 0 
27 21 0 0 0 1 0 1 0 0 0 0 0 0 0 0 1 1 0 0 0 0 0 12 1 0 0 2 1 0 
96 78 1 0 0 5 0 4 0 0 0 0 0 0 0 0 1 1 0 0 0 0 0 22 5 0 0 3 1 0 
30 25 0 0 0 0 0 1 0 0 0 0 0 0 0 0 1 1 0 0 0 0 0 12 1 0 0 2 1 0 
28 23 0 0 0 0 0 1 0 0 0 0 0 0 0 0 1 1 0 0 0 0 0 12 1 0 0 2 1 0 
21 16 0 0 0 0 0 1 0 0 0 0 0 0 0 0 1 1 0 0 0 0 0 12 1 0 0 2 1 0 
