http://pastehtml.com/view/bfn5sjmqn.html
phishing
10 9
0 9
2 3
5 8
5 1
5 4
7 5
7 6
7 0
7 2
25 20 0 0 0 0 0 1 0 0 0 0 0 0 0 0 0 1 0 0 0 0 0 13 1 0 3 3 1 0 
26 20 0 0 0 0 0 1 0 0 0 0 0 0 0 0 1 1 0 0 0 0 0 10 2 0 0 3 1 0 
40 32 1 0 0 0 0 2 0 0 0 0 0 0 0 0 0 1 0 0 0 0 0 13 2 0 5 3 1 0 
41 33 1 0 0 0 0 2 0 0 0 0 0 0 0 0 1 1 0 0 0 0 0 13 2 0 0 3 1 0 
34 27 0 0 0 0 0 1 0 0 0 0 0 0 0 0 1 1 0 0 0 0 0 10 3 0 0 3 1 0 
37 31 0 0 0 0 0 2 0 0 0 0 0 0 0 0 0 1 0 0 0 0 0 29 1 0 3 3 1 0 
26 21 0 0 0 0 0 1 0 0 0 0 0 0 0 0 0 1 0 0 0 0 0 13 1 0 0 3 1 0 
40 32 1 0 0 0 0 2 0 0 0 0 0 0 0 0 0 1 0 0 0 0 0 13 2 0 5 3 1 0 
21 16 0 0 0 0 0 1 0 0 0 0 0 0 0 0 0 1 0 0 0 0 0 13 1 0 11 3 1 0 
34 28 0 0 0 0 0 1 0 0 0 0 0 0 0 0 0 1 0 0 0 0 0 13 2 0 0 3 1 0 
