http://wpengine.com/2015/02/05/ensure-smooth-migration-wordpress-site-success-check-upcoming-webinars/
benign
10 9
0 1
0 6
0 2
0 8
0 9
0 5
0 3
0 4
0 7
102 77 8 0 0 8 0 1 0 0 0 0 0 0 0 0 0 1 0 0 0 0 0 12 5 0 14 3 1 0 
26 20 0 0 0 0 0 1 0 0 0 0 0 0 0 0 0 1 0 0 0 0 0 12 2 0 0 3 1 0 
21 16 0 0 0 0 0 1 0 0 0 0 0 0 0 0 1 1 0 0 0 0 0 12 1 0 0 3 1 0 
23 18 0 0 0 0 0 2 0 0 0 0 0 0 0 0 1 1 0 0 0 0 0 15 0 0 0 3 1 0 
32 26 0 0 0 0 0 1 0 0 0 0 0 0 0 0 0 1 0 0 0 0 0 12 2 0 0 3 1 0 
38 31 0 0 0 1 0 1 0 0 0 0 0 0 0 0 0 1 0 0 0 0 0 12 2 0 0 3 1 0 
27 22 0 0 0 0 0 1 0 0 0 0 0 0 0 0 0 1 0 0 0 0 0 12 1 0 0 3 1 0 
28 21 0 0 0 1 0 1 0 0 0 0 0 0 0 0 0 1 0 0 0 0 0 12 2 0 0 3 1 0 
24 18 0 0 0 0 0 1 0 0 0 0 0 0 0 0 0 1 0 0 0 0 0 12 2 0 0 3 1 0 
26 21 0 0 0 0 0 1 0 0 0 0 0 0 0 0 1 1 0 0 0 0 0 12 1 0 0 3 1 0 
