https://www.cs.ualberta.ca/research/research-areas/artificial-intelligence
phishing
10 9
6 7
6 0
6 4
6 5
6 2
6 1
6 8
6 9
6 3
32 25 0 0 0 0 0 3 0 0 0 0 0 0 0 1 1 1 0 0 0 0 0 23 1 0 0 2 1 0 
34 28 0 0 0 0 0 2 0 0 0 0 0 0 0 0 1 1 0 0 0 0 0 16 1 0 0 2 1 0 
38 30 0 0 0 0 0 3 0 0 0 0 0 0 0 0 1 1 0 0 0 0 0 22 2 0 0 2 1 0 
42 34 0 0 0 0 0 3 0 0 0 0 0 0 0 1 1 1 0 0 0 0 0 15 2 0 0 2 1 0 
25 19 0 0 0 0 0 2 0 0 0 0 0 0 0 0 1 1 0 0 0 0 0 16 1 0 0 2 1 0 
28 22 0 0 0 0 0 2 0 0 0 0 0 0 0 1 1 1 0 0 0 0 0 15 1 0 0 2 1 0 
74 63 0 0 0 2 0 3 0 0 0 0 0 0 0 1 1 1 0 0 0 0 0 18 3 0 10 2 1 0 
35 28 0 0 0 0 0 3 0 0 0 0 0 0 0 1 1 1 0 0 0 0 0 26 1 0 0 2 1 0 
37 29 0 0 0 0 0 4 0 0 0 0 0 0 0 1 1 1 0 0 0 0 0 18 1 0 0 2 1 0 
34 27 0 0 0 0 0 3 0 0 0 0 0 0 0 1 1 1 0 0 0 0 0 15 1 0 0 2 1 0 
