https://everydayhealth.com/specialists/cardio/mosca/qa/natures_cure/index.aspx
benign
10 9
0 4
0 3
0 1
0 5
0 8
0 6
0 9
0 2
0 7
78 66 0 0 0 0 0 2 0 0 0 0 0 0 0 0 1 1 0 0 0 0 0 18 6 0 9 3 1 0 
48 40 0 0 0 0 0 2 0 0 0 0 0 0 0 1 1 1 0 0 0 0 0 22 3 0 0 3 1 0 
105 88 0 0 0 9 0 2 0 0 0 0 0 0 0 1 1 1 0 0 0 0 0 22 3 0 0 3 1 0 
27 22 0 0 0 0 0 1 0 0 0 0 0 0 0 0 1 1 0 0 0 0 0 18 1 0 0 3 1 0 
51 42 0 0 0 1 0 2 0 0 0 0 0 0 0 1 1 1 0 0 0 0 0 22 3 0 0 3 1 0 
52 43 0 0 0 1 0 2 0 0 0 0 0 0 0 1 1 1 0 0 0 0 0 22 3 0 0 3 1 0 
41 33 0 0 0 0 0 2 0 0 0 0 0 0 0 1 1 1 0 0 0 0 0 22 3 0 0 3 1 0 
43 36 0 0 0 0 0 2 0 0 0 0 0 0 0 1 1 1 0 0 0 0 0 22 2 0 0 3 1 0 
44 36 0 0 0 0 0 2 0 0 0 0 0 0 0 1 1 1 0 0 0 0 0 22 3 0 0 3 1 0 
42 35 0 0 0 0 0 2 0 0 0 0 0 0 0 1 1 1 0 0 0 0 0 22 2 0 0 3 1 0 
