https://www.claws-and-paws.com/spam-l/
phishing
10 9
3 7
3 1
3 6
3 5
3 8
3 2
3 9
3 0
3 4
31 24 0 0 0 0 0 2 0 0 0 0 0 0 0 1 1 1 0 0 0 0 0 13 2 0 0 3 1 0 
28 21 0 0 0 0 0 2 0 0 0 0 0 0 0 1 1 1 0 0 0 0 0 13 2 0 0 3 1 0 
33 26 0 0 0 0 0 2 0 0 0 0 0 0 0 1 1 1 0 0 0 0 0 13 2 0 0 3 1 0 
38 28 0 0 0 3 0 2 0 0 0 0 0 0 0 1 1 1 0 0 0 0 0 22 2 0 10 3 1 0 
21 15 0 0 0 0 0 2 0 0 0 0 0 0 0 0 1 1 0 0 0 0 0 12 1 0 0 3 1 0 
30 23 0 0 0 0 0 2 0 0 0 0 0 0 0 1 1 1 0 0 0 0 0 13 2 0 0 3 1 0 
22 16 0 0 0 0 0 2 0 0 0 0 0 0 0 1 1 1 0 0 0 0 0 13 1 0 0 3 1 0 
36 28 0 0 0 1 0 2 0 0 0 0 0 0 0 1 1 1 0 0 0 0 0 13 2 0 0 3 1 0 
37 29 0 0 0 1 0 2 0 0 0 0 0 0 0 1 1 1 0 0 0 0 0 13 2 0 0 3 1 0 
35 27 0 0 0 0 0 2 0 0 0 0 0 0 0 1 1 1 0 0 0 0 0 13 3 0 0 3 1 0 
