https://www.suesses-online.com/Obrigatorio/acessando/Inter/acessar.php
phishing
10 9
3 1
3 6
3 2
3 0
3 5
3 4
3 9
3 8
3 7
38 31 0 0 0 1 0 2 0 0 0 0 0 0 0 1 1 1 0 0 0 0 0 22 1 0 0 3 1 0 
51 43 0 0 0 1 0 3 0 0 0 0 0 0 0 1 1 1 0 0 0 0 0 22 1 0 0 3 1 0 
47 40 0 0 0 0 0 2 0 0 0 0 0 0 0 1 1 1 0 0 0 0 0 16 2 0 0 2 1 0 
70 59 0 0 0 1 0 3 0 0 0 0 0 0 0 1 1 1 0 0 0 0 0 22 4 0 12 3 1 0 
40 32 0 0 0 1 0 3 0 0 0 0 0 0 0 1 1 1 0 0 1 0 0 22 1 0 0 3 1 0 
46 40 0 0 0 0 0 2 0 0 0 0 0 0 0 1 1 1 0 0 0 0 0 16 1 0 0 3 1 0 
56 46 2 0 0 1 0 2 0 0 0 0 0 0 0 1 1 1 0 0 0 0 0 15 2 0 0 3 1 0 
39 31 0 0 0 1 0 3 0 0 0 0 0 0 0 1 1 1 0 0 0 0 0 22 1 0 0 3 1 0 
34 29 0 0 0 0 0 1 0 0 0 0 0 0 0 0 1 1 0 0 0 0 0 25 1 0 0 3 1 0 
48 41 0 0 0 0 0 2 0 0 0 0 0 0 0 1 1 1 0 0 0 0 0 17 2 0 0 3 1 0 
