https://imdb.com/name/nm0000101/
benign
10 9
8 9
8 3
8 5
8 0
8 4
8 6
8 1
8 7
8 2
34 27 0 0 0 0 0 1 0 0 0 0 0 0 0 0 1 1 0 0 0 0 0 8 3 0 0 3 1 0 
30 23 0 0 0 0 0 2 0 0 0 0 0 0 0 1 1 1 0 0 0 0 0 12 2 0 0 3 1 0 
27 21 0 0 0 0 0 1 0 0 0 0 0 0 0 0 1 1 0 0 0 0 0 8 2 0 0 3 1 0 
28 21 0 0 0 0 0 1 0 0 0 0 0 0 0 0 1 1 0 0 0 0 0 8 3 0 0 3 1 0 
33 26 0 0 0 0 0 1 0 0 0 0 0 0 0 0 1 1 0 0 0 0 0 8 3 0 0 3 1 0 
31 24 0 0 0 0 0 1 0 0 0 0 0 0 0 0 1 1 0 0 0 0 0 8 3 0 0 3 1 0 
17 12 0 0 0 0 0 1 0 0 0 0 0 0 0 0 1 1 0 0 0 0 0 8 1 0 0 3 1 0 
32 25 0 0 0 0 0 1 0 0 0 0 0 0 0 0 1 1 0 0 0 0 0 8 3 0 0 3 1 0 
32 18 7 0 0 0 0 1 0 0 0 0 0 0 0 0 1 1 0 0 0 0 0 8 3 0 9 3 1 0 
27 20 0 0 0 0 0 1 0 0 0 0 0 0 0 0 1 1 0 0 0 0 0 8 3 0 0 3 1 0 
