https://doctoradopensamientocomplejo.org
phishing
10 9
3 1
3 7
3 2
3 4
3 0
3 8
3 9
3 5
3 6
131 112 0 0 0 12 0 2 0 0 0 0 0 0 0 0 1 1 0 0 0 0 0 24 2 0 0 6 1 0 
33 27 0 0 0 0 0 2 0 0 0 0 0 0 0 0 1 1 0 0 0 0 0 24 1 0 0 6 1 0 
64 56 0 0 0 3 0 1 0 0 0 0 0 0 0 0 1 1 0 0 0 0 0 31 1 0 0 3 1 0 
40 36 0 0 0 0 0 1 0 0 0 0 0 0 0 0 1 1 0 0 0 0 0 32 0 0 16 3 1 0 
49 43 0 0 0 0 0 2 0 0 0 0 0 0 0 0 1 1 0 0 0 0 0 31 1 0 0 3 1 0 
59 51 0 0 0 1 0 2 0 0 0 0 0 0 0 1 1 1 0 0 0 0 0 36 2 0 0 3 1 0 
45 39 0 0 0 0 0 2 0 0 0 0 0 0 0 1 1 1 0 0 0 0 0 36 1 0 0 3 1 0 
65 58 0 0 0 2 0 1 0 0 0 0 0 0 0 0 1 1 0 0 0 0 0 31 1 0 0 3 1 0 
67 57 0 0 0 3 0 2 0 0 0 0 0 0 0 0 1 1 0 0 0 0 0 24 2 0 0 6 1 0 
41 34 0 0 0 0 0 2 0 0 0 0 0 0 0 0 1 1 0 0 0 0 0 24 2 0 0 6 1 0 
