http://acp-atlanta.org/2012chinatrip/2012chinatrip.html
defacement
10 9
2 5
5 7
5 4
5 3
5 6
5 9
5 1
5 0
5 8
57 43 4 0 0 1 0 2 0 0 0 0 0 0 0 0 0 1 0 0 0 0 0 15 4 0 0 3 1 0 
57 43 4 0 0 1 0 2 0 0 0 0 0 0 0 0 0 1 0 0 0 0 0 15 4 0 0 3 1 0 
55 39 8 0 0 1 0 2 0 0 0 0 0 0 0 0 0 1 0 0 0 0 0 15 2 0 1 3 1 0 
57 43 4 0 0 1 0 2 0 0 0 0 0 0 0 0 0 1 0 0 0 0 0 15 4 0 0 3 1 0 
57 43 4 0 0 1 0 2 0 0 0 0 0 0 0 0 0 1 0 0 0 0 0 15 4 0 0 3 1 0 
23 17 0 0 0 1 0 1 0 0 0 0 0 0 0 0 0 1 0 0 0 0 0 15 1 0 10 3 1 0 
57 43 4 0 0 1 0 2 0 0 0 0 0 0 0 0 0 1 0 0 0 0 0 15 4 0 0 3 1 0 
43 34 0 0 0 1 0 2 0 0 0 0 0 0 0 0 0 1 0 0 0 0 0 15 3 0 0 3 1 0 
43 34 0 0 0 1 0 2 0 0 0 0 0 0 0 0 0 1 0 0 0 0 0 15 3 0 0 3 1 0 
57 43 4 0 0 1 0 2 0 0 0 0 0 0 0 0 0 1 0 0 0 0 0 15 4 0 0 3 1 0 
