https://dawhois.com/site/ckac.com.html
benign
10 9
1 7
1 6
1 4
1 9
1 5
1 0
1 2
1 8
1 3
33 26 0 0 0 0 0 2 0 0 0 0 0 0 0 0 1 1 0 0 0 0 0 11 2 0 0 3 1 0 
38 30 0 0 0 0 0 3 0 0 0 0 0 0 0 0 1 1 0 0 0 0 0 11 2 0 15 3 1 0 
31 25 0 0 0 0 0 1 0 0 0 0 0 0 0 0 1 1 0 0 0 0 0 11 2 0 0 3 1 0 
30 23 0 0 0 0 0 1 0 0 0 0 0 0 0 0 1 1 0 0 0 0 0 11 2 0 0 3 1 0 
36 29 0 0 0 0 0 2 0 0 0 0 0 0 0 0 1 1 0 0 0 0 0 11 2 0 0 3 1 0 
34 27 0 0 0 0 0 2 0 0 0 0 0 0 0 0 1 1 0 0 0 0 0 11 2 0 0 3 1 0 
37 29 0 0 0 0 0 3 0 0 0 0 0 0 0 1 1 1 0 0 0 0 0 11 2 0 0 3 1 0 
29 23 0 0 0 0 0 1 0 0 0 0 0 0 0 0 1 1 0 0 0 0 0 11 2 0 0 3 1 0 
34 25 0 0 0 0 0 1 0 0 0 0 0 0 0 0 1 1 0 0 0 0 0 11 2 0 0 3 1 0 
20 15 0 0 0 0 0 1 0 0 0 0 0 0 0 0 1 1 0 0 0 0 0 11 1 0 0 3 1 0 
