https://moderndrummer.com/site/2011/09/bruce-gary-controlled-bombast-with-the-knack/
benign
10 9
2 5
2 4
2 3
2 9
2 1
2 8
2 6
2 0
2 7
41 33 0 0 0 0 0 2 0 0 0 0 0 0 0 1 1 1 0 0 0 0 0 17 2 0 0 3 1 0 
40 33 0 0 0 0 0 2 0 0 0 0 0 0 0 1 1 1 0 0 0 0 0 21 2 0 0 3 1 0 
84 63 6 0 0 6 0 1 0 0 0 0 0 0 0 0 1 1 0 0 0 0 0 17 5 0 10 3 1 0 
36 29 0 0 0 1 0 2 0 0 0 0 0 0 0 1 1 1 0 0 0 0 0 21 1 0 0 3 1 0 
38 32 0 0 0 0 0 2 0 0 0 0 0 0 0 1 1 1 0 0 0 0 0 16 1 0 0 3 1 0 
34 28 0 0 0 0 0 1 0 0 0 0 0 0 0 0 1 1 0 0 0 0 0 11 1 0 0 3 1 0 
56 41 7 0 0 0 0 2 0 0 0 0 0 0 0 1 1 1 0 0 0 0 0 15 2 0 0 3 1 0 
38 31 0 0 0 0 0 2 0 0 0 0 0 0 0 1 1 1 0 0 0 0 0 21 2 0 0 3 1 0 
62 52 0 0 0 3 0 2 0 0 0 0 0 0 0 1 1 1 0 0 0 0 0 21 2 0 0 3 1 0 
49 40 0 0 0 2 0 2 0 0 0 0 0 0 0 1 1 1 0 0 0 0 0 21 2 0 0 3 1 0 
