https://grlarquitectura.com
malware
10 9
1 0
1 9
1 4
1 2
2 5
2 3
2 8
2 6
6 7
50 42 0 0 0 1 0 2 0 0 0 0 0 0 0 0 1 1 0 0 0 0 0 19 2 0 12 3 1 0 
27 23 0 0 0 0 0 1 0 0 0 0 0 0 0 0 1 1 0 0 0 0 0 19 0 0 10 3 1 0 
53 45 0 0 0 1 0 2 0 0 0 0 0 0 0 0 1 1 0 0 0 0 0 19 2 0 13 3 1 0 
40 34 0 0 0 0 0 2 0 0 0 0 0 0 0 0 1 1 0 0 0 0 0 19 1 0 0 3 1 0 
48 40 0 0 0 1 0 2 0 0 0 0 0 0 0 0 1 1 0 0 0 0 0 19 2 0 12 3 1 0 
42 36 0 0 0 0 0 2 0 0 0 0 0 0 0 0 1 1 0 0 0 0 0 19 1 0 0 3 1 0 
45 39 0 0 0 0 0 2 0 0 0 0 0 0 0 0 1 1 0 0 0 0 0 19 1 0 1 3 1 0 
31 24 0 0 0 0 0 1 0 0 0 0 0 0 0 0 0 0 0 0 0 0 0 18 0 0 0 0 0 0 
42 36 0 0 0 0 0 2 0 0 0 0 0 0 0 0 1 1 0 0 0 0 0 19 1 0 0 3 1 0 
50 42 0 0 0 1 0 2 0 0 0 0 0 0 0 0 1 1 0 0 0 0 0 19 2 0 11 3 1 0 
