http://sodmalwa.pl/PRT1221D2.pdf.jar
malware
8 7
5 6
5 7
5 1
5 4
5 2
5 3
5 0
38 31 0 0 0 0 0 2 0 0 0 0 0 0 0 1 1 1 0 0 0 0 0 18 2 0 0 2 1 0 
34 27 0 0 0 0 0 2 0 0 0 0 0 0 0 1 1 1 0 0 0 0 0 18 2 0 0 2 1 0 
27 21 0 0 0 0 0 2 0 0 0 0 0 0 0 1 1 1 0 0 0 0 0 18 1 0 0 2 1 0 
39 31 0 0 0 0 0 2 0 0 0 0 0 0 0 1 1 1 0 0 0 0 0 18 3 0 0 2 1 0 
93 78 0 0 0 0 0 3 0 0 0 0 0 0 0 1 1 1 0 0 0 0 0 18 5 0 0 2 1 0 
36 24 5 0 0 0 0 3 0 0 0 0 0 0 0 0 0 1 0 0 0 0 0 11 1 0 8 2 1 0 
34 27 0 0 0 0 0 2 0 0 0 0 0 0 0 1 1 1 0 0 0 0 0 18 2 0 0 2 1 0 
28 22 0 0 0 0 0 2 0 0 0 0 0 0 0 0 1 1 0 0 0 0 0 19 1 0 0 2 1 0 
