https://www.wired.com/wired/archive/people/marvin_minsky/
phishing
10 9
7 2
7 0
7 9
7 6
7 3
7 4
7 5
7 1
7 8
40 32 0 0 0 0 0 2 0 0 0 0 0 0 0 1 1 1 0 0 0 0 0 13 3 0 0 3 1 0 
39 31 0 0 0 0 0 2 0 0 0 0 0 0 0 1 1 1 0 0 0 0 0 13 3 0 0 3 1 0 
39 31 0 0 0 0 0 2 0 0 0 0 0 0 0 1 1 1 0 0 0 0 0 13 3 0 0 3 1 0 
46 38 0 0 0 0 0 2 0 0 0 0 0 0 0 1 1 1 0 0 0 0 0 13 3 0 0 3 1 0 
40 32 0 0 0 0 0 2 0 0 0 0 0 0 0 1 1 1 0 0 0 0 0 13 3 0 0 3 1 0 
22 16 0 0 0 0 0 2 0 0 0 0 0 0 0 1 1 1 0 0 0 0 0 13 1 0 0 3 1 0 
36 28 0 0 0 0 0 2 0 0 0 0 0 0 0 1 1 1 0 0 0 0 0 13 3 0 0 3 1 0 
57 46 0 0 0 0 0 2 0 0 0 0 0 0 0 1 1 1 0 0 0 0 0 13 5 0 10 3 1 0 
37 29 0 0 0 0 0 2 0 0 0 0 0 0 0 1 1 1 0 0 0 0 0 13 3 0 0 3 1 0 
37 29 0 0 0 0 0 2 0 0 0 0 0 0 0 1 1 1 0 0 0 0 0 13 3 0 0 3 1 0 
