https://www.landvision.com.hk/includes/js/_notes/seguridadbanreservas123/banreservas/fportal/default.php
benign
10 9
4 5
4 2
4 3
4 6
4 1
4 0
4 9
4 8
4 7
38 29 0 0 0 1 0 3 0 0 0 0 0 0 0 1 1 1 0 0 0 0 0 21 2 0 0 6 1 0 
38 29 0 0 0 1 0 3 0 0 0 0 0 0 0 1 1 1 0 0 0 0 0 21 2 0 0 6 1 0 
30 23 0 0 0 0 0 3 0 0 0 0 0 0 0 1 1 1 0 0 0 0 0 21 1 0 0 6 1 0 
20 14 1 0 0 0 0 0 0 0 0 0 0 0 0 0 0 0 0 0 0 0 0 7 0 0 0 0 0 0 
104 86 3 0 0 0 0 4 0 0 0 0 0 0 0 1 1 1 0 0 0 0 0 21 7 0 9 6 1 0 
112 92 3 0 0 1 0 4 0 0 0 0 0 0 0 1 1 1 0 0 0 0 0 21 8 0 0 6 1 0 
55 43 0 0 0 4 0 3 0 0 0 0 0 0 0 1 1 1 0 0 0 0 0 21 2 0 0 6 1 0 
48 39 0 0 0 2 0 3 0 0 0 0 0 0 0 1 1 1 0 0 0 0 0 21 1 0 0 6 1 0 
112 92 3 0 0 1 0 4 0 0 0 0 0 0 0 1 1 1 0 0 0 0 0 21 8 0 0 6 1 0 
39 32 0 0 0 0 0 3 0 0 0 0 0 0 0 1 1 1 0 0 0 0 0 21 1 0 0 6 1 0 
