https://universidad.uflo.edu.ar
phishing
10 9
3 8
3 2
3 5
3 7
3 0
3 6
3 1
3 4
3 9
48 39 0 0 0 0 0 4 0 0 0 0 0 0 0 0 1 1 0 0 0 0 0 23 1 0 0 6 1 0 
58 42 4 0 0 0 0 4 0 0 0 0 0 0 0 0 1 1 0 0 0 0 0 15 2 0 0 6 1 0 
27 20 0 0 0 0 0 3 0 0 0 0 0 0 0 0 1 1 0 0 0 0 0 18 1 0 0 6 1 0 
31 25 0 0 0 0 0 3 0 0 0 0 0 0 0 0 1 1 0 0 0 0 0 23 0 0 14 6 1 0 
36 28 0 0 0 0 0 4 0 0 0 0 0 0 0 1 1 1 0 0 0 0 0 15 1 0 0 6 1 0 
43 35 0 0 0 0 0 4 0 0 0 0 0 0 0 0 1 1 0 0 0 0 0 23 1 0 0 6 1 0 
29 23 0 0 0 0 0 2 0 0 0 0 0 0 0 0 1 1 0 0 0 0 0 16 1 0 0 3 1 0 
32 24 0 0 0 0 0 4 0 0 0 0 0 0 0 1 1 1 0 0 0 0 0 15 1 0 0 6 1 0 
41 33 0 0 0 0 0 4 0 0 0 0 0 0 0 0 1 1 0 0 0 0 0 23 1 0 0 6 1 0 
59 46 0 0 0 5 0 4 0 0 0 0 0 0 0 1 1 1 0 0 0 0 0 15 1 0 0 6 1 0 
