http://www.odatebussan.net/g_magewappa.html
defacement
10 9
0 6
6 7
6 2
6 4
6 8
6 1
6 9
6 5
6 3
43 35 0 0 0 0 0 3 0 0 0 0 0 0 0 1 0 1 0 0 0 0 0 19 1 0 1 3 1 0 
30 23 0 0 0 0 0 2 0 0 0 0 0 0 0 1 0 1 0 0 0 0 0 19 2 0 0 3 1 0 
30 23 0 0 0 0 0 2 0 0 0 0 0 0 0 1 0 1 0 0 0 0 0 19 2 0 0 3 1 0 
27 21 0 0 0 0 0 2 0 0 0 0 0 0 0 1 0 1 0 0 0 0 0 19 1 0 0 3 1 0 
30 23 0 0 0 0 0 2 0 0 0 0 0 0 0 1 0 1 0 0 0 0 0 19 2 0 0 3 1 0 
30 23 0 0 0 0 0 2 0 0 0 0 0 0 0 1 0 1 0 0 0 0 0 19 2 0 0 3 1 0 
34 27 0 0 0 1 0 2 0 0 0 0 0 0 0 1 1 1 0 0 0 0 1 25 1 0 9 3 1 0 
30 23 0 0 0 0 0 2 0 0 0 0 0 0 0 1 0 1 0 0 0 0 0 19 2 0 0 3 1 0 
30 23 0 0 0 0 0 2 0 0 0 0 0 0 0 1 0 1 0 0 0 0 0 19 2 0 0 3 1 0 
30 23 0 0 0 0 0 2 0 0 0 0 0 0 0 1 0 1 0 0 0 0 0 19 2 0 0 3 1 0 
