http://boughtitsoldit.com/component/mailto/index.html?tmpl=component&link=c8aad91f769a1f26145919971a859e30b396518a
defacement
10 9
1 8
1 3
1 0
1 7
1 4
1 6
1 5
9 2
9 1
53 45 0 0 0 1 0 1 0 0 0 0 0 0 0 0 0 1 0 0 1 0 1 18 3 0 0 3 1 0 
44 35 1 0 0 2 0 2 0 0 0 0 0 0 0 1 1 1 0 0 0 0 0 18 1 0 8 3 1 0 
68 44 12 0 0 3 0 2 0 0 0 0 0 0 0 0 1 1 0 0 0 0 0 22 4 0 0 3 1 0 
36 30 0 0 0 0 0 1 0 0 0 0 0 0 0 0 0 1 0 0 0 0 1 18 2 0 0 3 1 0 
36 30 0 0 0 0 0 1 0 0 0 0 0 0 0 0 0 1 0 0 0 0 1 18 2 0 0 3 1 0 
57 49 0 0 0 1 0 1 0 0 0 0 0 0 0 0 0 1 0 0 1 0 1 18 3 0 0 3 1 0 
55 47 0 0 0 1 0 1 0 0 0 0 0 0 0 0 0 1 0 0 0 0 1 18 3 0 0 3 1 0 
55 46 0 0 0 2 0 1 0 0 0 0 0 0 0 0 0 1 0 0 0 0 1 18 3 0 0 3 1 0 
41 34 0 0 0 1 0 1 0 0 0 0 0 0 0 0 0 1 0 0 0 0 1 18 2 0 0 3 1 0 
114 73 29 0 1 0 2 2 0 0 0 0 0 0 0 0 0 1 0 0 0 0 1 18 3 0 5 3 1 0 
