https://artists.letssingit.com/rui-da-silva-lyrics-touch-me-hprkw4d
benign
10 9
6 7
6 8
6 3
6 1
6 5
6 0
6 9
6 2
6 4
42 33 1 0 0 0 0 2 0 0 0 0 0 0 0 1 1 1 0 0 0 0 1 18 3 0 0 3 1 0 
41 32 1 0 0 1 0 2 0 0 0 0 0 0 0 0 1 1 0 0 0 0 1 20 2 0 0 3 1 0 
37 29 1 0 0 0 0 2 0 0 0 0 0 0 0 0 1 1 0 0 0 0 1 20 2 0 0 3 1 0 
39 33 0 0 0 0 0 2 0 0 0 0 0 0 0 0 1 1 0 0 0 0 1 20 1 0 0 3 1 0 
31 25 0 0 0 0 0 2 0 0 0 0 0 0 0 1 1 1 0 0 0 0 1 18 1 0 0 3 1 0 
46 37 1 0 0 1 0 2 0 0 0 0 0 0 0 0 1 1 0 0 0 0 1 20 2 0 0 3 1 0 
67 54 1 0 0 6 0 2 0 0 0 0 0 0 0 0 1 1 0 0 0 0 1 22 1 0 10 3 1 0 
27 21 0 0 0 0 0 2 0 0 0 0 0 0 0 1 1 1 0 0 0 0 1 18 1 0 0 3 1 0 
35 28 0 0 0 0 0 2 0 0 0 0 0 0 0 1 1 1 0 0 0 0 1 18 1 0 0 3 1 0 
37 31 0 0 0 0 0 2 0 0 0 0 0 0 0 0 1 1 0 0 0 0 1 20 1 0 0 3 1 0 
