https://logo-lambang-emblem.blogspot.com/
benign
10 9
0 2
0 1
0 4
0 6
0 5
0 7
0 9
0 3
0 8
41 33 0 0 0 2 0 2 0 0 0 0 0 0 0 0 1 1 0 0 0 0 1 32 1 0 10 12 1 0 
52 41 1 0 0 2 0 2 0 0 0 0 0 0 0 0 1 1 0 0 0 0 1 32 1 0 0 12 1 0 
52 41 1 0 0 2 0 2 0 0 0 0 0 0 0 0 1 1 0 0 0 0 1 32 1 0 0 12 1 0 
66 53 2 0 0 2 0 2 0 1 0 0 0 0 0 0 1 1 0 0 0 0 1 32 3 0 0 12 1 0 
80 67 2 0 0 2 0 2 0 1 0 0 0 0 0 0 1 1 0 0 0 0 1 32 3 0 0 12 1 0 
52 41 1 0 0 2 0 2 0 0 0 0 0 0 0 0 1 1 0 0 0 0 1 32 1 0 0 12 1 0 
61 51 0 0 0 2 0 2 0 0 0 0 0 0 0 0 1 1 0 0 0 0 1 32 3 0 0 12 1 0 
52 41 1 0 0 2 0 2 0 0 0 0 0 0 0 0 1 1 0 0 0 0 1 32 1 0 0 12 1 0 
65 52 2 0 0 2 0 2 0 1 0 0 0 0 0 0 1 1 0 0 0 0 1 32 3 0 0 12 1 0 
52 41 1 0 0 2 0 2 0 0 0 0 0 0 0 0 1 1 0 0 0 0 1 32 1 0 0 12 1 0 
