https://ajswindowsgutters.com/
benign
10 9
0 4
0 5
0 6
0 2
0 8
0 1
0 3
0 7
0 9
30 25 0 0 0 0 0 1 0 0 0 0 0 0 0 0 1 1 0 0 0 0 0 21 1 0 17 3 1 0 
56 47 0 0 0 2 0 1 0 0 0 0 0 0 0 0 1 1 0 0 0 0 0 21 3 0 0 3 1 0 
54 46 0 0 0 2 0 1 0 0 0 0 0 0 0 0 1 1 0 0 0 0 0 21 2 0 0 3 1 0 
38 32 0 0 0 0 0 1 0 0 0 0 0 0 0 0 1 1 0 0 0 0 0 21 2 0 0 3 1 0 
38 32 0 0 0 0 0 1 0 0 0 0 0 0 0 0 1 1 0 0 0 0 0 21 2 0 0 3 1 0 
39 32 0 0 0 1 0 1 0 0 0 0 0 0 0 0 1 1 0 0 0 0 0 21 2 0 0 3 1 0 
49 42 0 0 0 1 0 1 0 0 0 0 0 0 0 0 1 1 0 0 1 0 0 21 2 0 0 3 1 0 
35 29 0 0 0 0 0 1 0 0 0 0 0 0 0 0 1 1 0 0 0 0 0 21 2 0 0 3 1 0 
47 40 0 0 0 1 0 1 0 0 0 0 0 0 0 0 1 1 0 0 0 0 0 21 2 0 0 3 1 0 
51 43 0 0 0 2 0 1 0 0 0 0 0 0 0 0 1 1 0 0 0 0 0 21 2 0 0 3 1 0 
