https://montrealthroughgooglemapsstreetview.blogspot.com/2010/05/metro-de-montreal-line-2-orange-ligne-1.html
benign
10 9
8 5
8 4
8 7
8 0
8 3
8 6
8 1
8 9
8 2
73 56 6 0 0 1 0 3 0 0 0 0 0 0 0 0 0 1 0 0 0 0 1 20 4 0 0 3 1 0 
70 53 6 0 0 1 0 3 0 0 0 0 0 0 0 0 0 1 0 0 0 0 1 20 4 0 0 3 1 0 
73 56 6 0 0 1 0 3 0 0 0 0 0 0 0 0 0 1 0 0 0 0 1 20 4 0 0 3 1 0 
68 51 6 0 0 1 0 3 0 0 0 0 0 0 0 0 0 1 0 0 0 0 1 20 4 0 0 3 1 0 
72 55 6 0 0 1 0 3 0 0 0 0 0 0 0 0 0 1 0 0 0 0 1 20 4 0 0 3 1 0 
72 55 6 0 0 1 0 3 0 0 0 0 0 0 0 0 0 1 0 0 0 0 1 20 4 0 0 3 1 0 
57 51 0 0 0 0 0 2 0 0 0 0 0 0 0 0 1 1 0 0 0 0 1 48 1 0 0 12 1 0 
79 62 6 0 0 1 0 3 0 0 0 0 0 0 0 0 0 1 0 0 0 0 1 20 4 0 0 3 1 0 
109 85 8 0 0 7 0 3 0 0 0 0 0 0 0 0 1 1 0 0 0 0 1 48 3 0 10 12 1 0 
68 52 6 0 0 1 0 2 0 0 0 0 0 0 0 0 0 1 0 0 0 0 1 20 4 0 0 3 1 0 
