http://www.axelschweizer.de/links/2-links-zu-befreundeten-websites/35-rainer-rodin-liedermacher.html
defacement
10 9
7 2
7 4
7 8
7 5
7 6
7 1
7 9
7 0
7 3
28 22 0 0 0 0 0 2 0 0 0 0 0 0 0 1 0 1 0 0 0 0 0 20 1 0 0 2 1 0 
55 46 0 0 0 3 0 2 0 0 0 0 0 0 0 1 0 1 0 0 0 0 0 20 1 0 0 2 1 0 
35 29 0 0 0 0 0 2 0 0 0 0 0 0 0 1 0 1 0 0 0 0 0 20 1 0 0 2 1 0 
37 31 0 0 0 0 0 2 0 0 0 0 0 0 0 1 0 1 0 0 0 0 0 20 1 0 0 2 1 0 
49 42 0 0 0 1 0 2 0 0 0 0 0 0 0 1 0 1 0 0 0 0 0 20 1 0 0 2 1 0 
37 31 0 0 0 0 0 2 0 0 0 0 0 0 0 1 0 1 0 0 0 0 0 20 1 0 0 2 1 0 
35 29 0 0 0 0 0 2 0 0 0 0 0 0 0 1 0 1 0 0 0 0 0 20 1 0 0 2 1 0 
100 81 3 0 0 7 0 3 0 0 0 0 0 0 0 1 0 1 0 0 0 0 0 20 3 0 11 2 1 0 
42 35 0 0 0 1 0 2 0 0 0 0 0 0 0 1 0 1 0 0 0 0 0 20 1 0 0 2 1 0 
35 29 0 0 0 0 0 2 0 0 0 0 0 0 0 1 0 1 0 0 0 0 0 20 1 0 0 2 1 0 
