http://www.aquamarinadivingtenerife.com/fr/decouvrez-tenerife.html
defacement
10 9
2 3
2 8
2 9
2 7
2 0
2 6
2 4
2 5
2 1
85 72 0 0 0 6 0 1 0 0 0 0 0 0 0 0 1 1 0 0 0 0 0 15 3 0 0 3 1 0 
51 41 0 0 0 4 0 1 0 0 0 0 0 0 0 0 1 1 0 0 0 0 0 15 2 0 0 3 1 0 
66 57 0 0 0 1 0 3 0 0 0 0 0 0 0 1 0 1 0 0 0 0 0 32 2 0 20 3 1 0 
43 34 0 0 0 3 0 1 0 0 0 0 0 0 0 0 1 1 0 0 0 0 0 15 2 0 0 3 1 0 
84 71 0 0 0 6 0 1 0 0 0 0 0 0 0 0 1 1 0 0 0 0 0 15 3 0 0 3 1 0 
24 18 0 0 0 1 0 1 0 0 0 0 0 0 0 0 1 1 0 0 0 0 0 15 1 0 0 3 1 0 
46 37 0 0 0 3 0 1 0 0 0 0 0 0 0 0 1 1 0 0 0 0 0 15 2 0 0 3 1 0 
45 37 0 0 0 2 0 1 0 0 0 0 0 0 0 0 1 1 0 0 0 0 0 15 2 0 0 3 1 0 
53 43 0 0 0 4 0 1 0 0 0 0 0 0 0 0 1 1 0 0 0 0 0 15 2 0 0 3 1 0 
58 47 0 0 0 5 0 1 0 0 0 0 0 0 0 0 1 1 0 0 0 0 0 15 2 0 0 3 1 0 
