https://www.sun.com/software/solstice/netclient/nfs-client.html
phishing
10 9
7 8
7 4
7 1
7 5
7 0
7 3
7 2
7 6
7 9
47 39 0 0 0 0 0 2 0 0 0 0 0 0 0 1 1 1 0 0 0 0 0 14 3 0 0 3 1 0 
46 38 0 0 0 0 0 2 0 0 0 0 0 0 0 1 1 1 0 0 0 0 0 14 3 0 0 3 1 0 
23 17 0 0 0 0 0 2 0 0 0 0 0 0 0 1 1 1 0 0 0 0 0 14 1 0 0 3 1 0 
28 20 0 0 0 0 0 0 0 0 0 0 0 0 0 0 0 0 0 0 0 0 0 15 0 0 0 0 0 0 
35 25 1 0 0 2 0 2 0 0 0 0 0 0 0 1 1 1 0 0 0 0 0 11 2 0 0 3 1 0 
38 29 0 0 0 1 0 3 0 0 0 0 0 0 0 1 1 1 0 0 0 0 0 11 2 0 0 3 1 0 
47 38 0 0 0 0 0 3 0 0 0 0 0 0 0 1 1 1 0 0 0 0 0 11 3 0 0 3 1 0 
63 52 0 0 0 1 0 3 0 0 0 0 0 0 0 1 1 1 0 0 0 0 0 11 4 0 10 3 1 0 
64 54 0 0 0 1 0 3 0 0 0 0 0 0 0 0 1 1 0 0 1 0 0 18 3 0 0 3 1 0 
38 30 0 0 0 0 0 2 0 0 0 0 0 0 0 1 1 1 0 0 0 0 0 11 3 0 0 3 1 0 
