https://amazon.com/s?ie=UTF8&keywords=Frank%20Sinatra%20My%20Way&rh=n%3A163856011%2Ck%3AFrank%20Sinatra%20My%20Way&page=1
benign
10 9
1 2
1 4
1 8
5 7
5 1
5 6
6 9
6 0
6 3
32 24 0 0 0 0 1 2 0 0 0 0 0 0 0 1 1 1 0 0 0 0 0 14 1 0 0 3 1 0 
34 23 3 0 0 0 1 1 0 0 0 0 0 0 0 0 1 1 0 0 0 0 0 10 1 0 3 3 1 0 
67 54 0 0 0 0 1 3 0 0 0 0 0 0 0 1 1 1 0 0 0 0 0 14 5 0 3 3 1 0 
48 37 0 0 0 0 1 3 0 0 0 0 0 0 0 1 1 1 0 0 0 0 0 17 1 0 0 6 1 0 
20 15 0 0 0 0 0 1 0 0 0 0 0 0 0 0 1 1 0 0 0 0 0 10 1 0 0 3 1 0 
121 73 26 0 1 0 4 1 0 9 0 0 0 0 0 0 1 1 0 0 0 0 0 10 1 0 3 3 1 0 
44 32 3 0 0 0 1 1 0 0 0 0 0 0 0 0 1 1 0 0 0 0 0 10 2 0 3 3 1 0 
34 23 3 0 0 0 1 1 0 0 0 0 0 0 0 0 1 1 0 0 0 0 0 10 1 0 3 3 1 0 
71 58 0 0 0 0 1 3 0 0 0 0 0 0 0 1 1 1 0 0 0 0 0 14 5 0 3 3 1 0 
48 37 0 0 0 0 1 3 0 0 0 0 0 0 0 1 1 1 0 0 0 0 0 17 1 0 0 6 1 0 
