http://www.thenewspaper.ca/the-news/item/1082-abortion-talk-still-kicking
defacement
10 9
5 8
5 6
5 7
5 1
5 4
5 3
5 2
5 0
5 9
24 19 0 0 0 0 0 1 0 0 0 0 0 0 0 0 1 1 0 0 0 0 0 15 1 0 0 2 1 0 
32 26 0 0 0 0 0 1 0 0 0 0 0 0 0 0 1 1 0 0 0 0 0 15 2 0 0 2 1 0 
44 36 0 0 0 2 0 1 0 0 0 0 0 0 0 0 1 1 0 0 0 0 0 15 2 0 0 2 1 0 
38 31 0 0 0 0 0 1 0 0 0 0 0 0 0 0 1 1 0 0 0 0 0 15 3 0 0 2 1 0 
41 34 0 0 0 0 0 1 0 0 0 0 0 0 0 0 1 1 0 0 0 0 0 15 3 0 0 2 1 0 
73 56 4 0 0 5 0 2 0 0 0 0 0 0 0 1 0 1 0 0 0 0 0 19 3 0 22 2 1 0 
38 31 0 0 0 0 0 1 0 0 0 0 0 0 0 0 1 1 0 0 0 0 0 15 3 0 0 2 1 0 
43 36 0 0 0 0 0 1 0 0 0 0 0 0 0 0 1 1 0 0 0 0 0 15 3 0 0 2 1 0 
33 26 0 0 0 1 0 1 0 0 0 0 0 0 0 0 1 1 0 0 0 0 0 15 2 0 0 2 1 0 
106 78 8 0 0 11 0 1 0 0 0 0 0 0 0 0 1 1 0 0 0 0 0 15 5 0 0 2 1 0 
