http://www.hogardenazaret.com/index.php/organigrama
defacement
10 9
2 6
2 7
2 1
2 3
2 0
2 9
2 4
2 5
2 8
42 35 0 0 0 0 0 1 0 0 0 0 0 0 0 0 1 1 0 0 0 0 0 18 3 0 0 3 1 0 
53 44 0 0 0 2 0 1 0 0 0 0 0 0 0 0 1 1 0 0 0 0 0 18 3 0 0 3 1 0 
51 43 0 0 0 0 0 3 0 0 0 0 0 0 0 1 0 1 0 0 0 0 1 22 2 0 11 3 1 0 
57 48 0 0 0 2 0 1 0 0 0 0 0 0 0 0 1 1 0 0 0 0 0 18 3 0 0 3 1 0 
41 34 0 0 0 0 0 1 0 0 0 0 0 0 0 0 1 1 0 0 0 0 0 18 3 0 0 3 1 0 
54 45 0 0 0 2 0 1 0 0 0 0 0 0 0 0 1 1 0 0 0 0 0 18 3 0 0 3 1 0 
35 29 0 0 0 0 0 1 0 0 0 0 0 0 0 0 1 1 0 0 0 0 0 18 2 0 0 3 1 0 
41 34 0 0 0 1 0 1 0 0 0 0 0 0 0 0 1 1 0 0 0 0 0 18 2 0 0 3 1 0 
27 22 0 0 0 0 0 1 0 0 0 0 0 0 0 0 1 1 0 0 0 0 0 18 1 0 0 3 1 0 
51 44 0 0 0 1 0 1 0 0 0 0 0 0 0 0 1 1 0 0 0 0 0 18 2 0 0 3 1 0 
