https://whois.domaintools.com/loto-quebec.net
benign
10 9
3 4
3 1
3 5
3 2
3 6
3 9
3 7
3 8
3 0
30 24 0 0 0 0 0 2 0 0 0 0 0 0 0 0 1 1 0 0 0 0 0 21 1 0 0 3 1 0 
44 37 0 0 0 0 0 2 0 0 0 0 0 0 0 0 1 1 0 0 0 0 0 24 2 0 0 3 1 0 
28 22 0 0 0 0 0 2 0 0 0 0 0 0 0 1 1 1 0 0 0 0 0 19 1 0 0 3 1 0 
45 37 0 0 0 1 0 3 0 0 0 0 0 0 0 0 1 1 0 0 0 0 0 21 1 0 12 3 1 0 
56 47 0 0 0 1 0 2 0 0 0 0 0 0 0 0 1 1 0 0 0 0 0 24 3 0 0 3 1 0 
51 42 0 0 0 2 0 2 0 0 0 0 0 0 0 0 1 1 0 0 0 0 0 24 2 0 0 3 1 0 
32 27 0 0 0 0 0 2 0 0 0 0 0 0 0 0 1 1 0 0 0 0 0 24 0 0 0 3 1 0 
37 31 0 0 0 0 0 2 0 0 0 0 0 0 0 0 1 1 0 0 0 0 0 28 1 0 0 3 1 0 
61 52 0 0 0 1 0 2 0 0 0 0 0 0 0 0 1 1 0 0 0 0 0 24 3 0 0 3 1 0 
56 47 0 0 0 1 0 2 0 0 0 0 0 0 0 0 1 1 0 0 0 0 0 24 3 0 0 3 1 0 
