http://www.rathgaelgym.org/component/content/section/8
defacement
10 9
3 0
3 5
3 9
3 8
3 7
3 6
3 1
3 4
3 2
28 22 0 0 0 0 0 2 0 0 0 0 0 0 0 1 1 1 0 0 0 0 0 19 1 0 0 3 1 0 
50 42 0 0 0 1 0 2 0 0 0 0 0 0 0 1 1 1 0 0 0 0 0 19 2 0 0 3 1 0 
48 40 0 0 0 1 0 2 0 0 0 0 0 0 0 1 1 1 0 0 0 0 0 19 2 0 0 3 1 0 
54 44 1 0 0 0 0 2 0 0 0 0 0 0 0 1 0 1 0 0 0 0 0 19 4 0 12 3 1 0 
40 33 0 0 0 0 0 2 0 0 0 0 0 0 0 1 1 1 0 0 0 0 0 19 2 0 0 3 1 0 
37 29 0 0 0 1 0 2 0 0 0 0 0 0 0 1 1 1 0 0 0 0 0 19 2 0 0 3 1 0 
38 30 0 0 0 1 0 2 0 0 0 0 0 0 0 1 1 1 0 0 0 0 0 19 2 0 0 3 1 0 
36 27 1 0 0 1 0 2 0 0 0 0 0 0 0 1 1 1 0 0 0 0 0 19 2 0 0 3 1 0 
41 34 0 0 0 0 0 2 0 0 0 0 0 0 0 1 1 1 0 0 0 0 0 19 2 0 0 3 1 0 
38 31 0 0 0 0 0 2 0 0 0 0 0 0 0 1 1 1 0 0 0 0 0 19 2 0 0 3 1 0 
