https://songkick.com/festivals/67171-heavy-mtl/id/8553846-heavy-mtl-2011
benign
10 9
2 9
2 8
2 1
2 0
2 6
2 7
2 3
2 4
2 5
21 16 0 0 0 0 0 1 0 0 0 0 0 0 0 0 1 1 0 0 0 0 0 12 1 0 0 3 1 0 
65 46 8 0 0 5 0 1 0 0 0 0 0 0 0 0 1 1 0 0 0 0 0 12 2 0 0 3 1 0 
72 43 16 0 0 5 0 1 0 0 0 0 0 0 0 0 1 1 0 0 0 0 0 12 4 0 11 3 1 0 
53 36 8 0 0 3 0 1 0 0 0 0 0 0 0 0 1 1 0 0 0 0 0 12 2 0 0 3 1 0 
54 40 5 0 0 3 0 1 0 0 0 0 0 0 0 0 1 1 0 0 0 0 0 12 2 0 0 3 1 0 
70 50 8 0 0 6 0 1 0 0 0 0 0 0 0 0 1 1 0 0 0 0 0 12 2 0 0 3 1 0 
62 44 8 0 0 4 0 1 0 0 0 0 0 0 0 0 1 1 0 0 0 0 0 12 2 0 0 3 1 0 
41 34 0 0 0 2 0 1 0 0 0 0 0 0 0 0 1 1 0 0 0 0 0 12 1 0 0 3 1 0 
66 47 8 0 0 5 0 1 0 0 0 0 0 0 0 0 1 1 0 0 0 0 0 12 2 0 0 3 1 0 
65 45 8 0 0 6 0 1 0 0 0 0 0 0 0 0 1 1 0 0 0 0 0 12 2 0 0 3 1 0 
