http://hotlinegsm.com/products/mobile-and-tablet/sony-ericsson-xperia-neo-v-detail
malware
10 9
1 7
7 4
7 5
7 9
7 0
7 6
7 8
7 2
7 3
25 19 0 0 0 0 0 1 0 0 0 0 0 0 0 0 0 1 0 0 0 0 0 14 2 0 0 3 1 0 
82 68 0 0 0 7 0 1 0 0 0 0 0 0 0 0 0 1 0 0 0 0 0 14 3 0 1 3 1 0 
25 19 0 0 0 0 0 1 0 0 0 0 0 0 0 0 0 1 0 0 0 0 0 14 2 0 0 3 1 0 
49 40 0 0 0 2 0 1 0 0 0 0 0 0 0 0 0 1 0 0 0 0 0 14 3 0 0 3 1 0 
25 19 0 0 0 0 0 1 0 0 0 0 0 0 0 0 0 1 0 0 0 0 0 14 2 0 0 3 1 0 
25 19 0 0 0 0 0 1 0 0 0 0 0 0 0 0 0 1 0 0 0 0 0 14 2 0 0 3 1 0 
25 19 0 0 0 0 0 1 0 0 0 0 0 0 0 0 0 1 0 0 0 0 0 14 2 0 0 3 1 0 
34 27 0 0 0 1 0 2 0 0 0 0 0 0 0 1 1 1 0 0 0 0 1 25 1 0 9 3 1 0 
25 19 0 0 0 0 0 1 0 0 0 0 0 0 0 0 0 1 0 0 0 0 0 14 2 0 0 3 1 0 
25 19 0 0 0 0 0 1 0 0 0 0 0 0 0 0 0 1 0 0 0 0 0 14 2 0 0 3 1 0 
