http://104.248.95.243/YEETbins.sh
malware
10 9
0 5
0 1
0 2
0 4
3 7
3 6
3 9
3 0
3 8
34 27 0 0 0 0 0 3 0 0 0 0 0 0 0 0 1 1 0 0 0 0 0 14 1 0 5 3 1 0 
38 17 11 0 0 2 0 3 0 0 0 0 0 0 0 0 0 1 1 0 0 0 0 14 2 0 0 0 1 0 
39 19 11 0 0 0 0 3 0 0 0 0 0 0 0 0 0 1 1 0 0 0 0 14 3 0 0 0 1 0 
33 14 11 0 0 0 0 4 0 0 0 0 0 0 0 0 0 1 1 0 0 0 0 14 1 0 10 0 1 0 
28 9 11 0 0 0 0 3 0 0 0 0 0 0 0 0 0 1 1 0 1 0 0 14 2 0 0 0 1 0 
39 18 11 0 0 0 0 3 0 0 0 0 0 0 0 0 0 1 1 0 0 0 0 14 3 0 0 0 1 0 
38 32 0 0 0 0 0 1 0 0 0 0 0 0 0 0 1 1 0 0 0 0 0 12 2 0 0 3 1 0 
33 26 0 0 0 0 0 1 0 0 0 0 0 0 0 0 1 1 0 0 0 0 0 13 1 0 0 3 1 0 
21 17 0 0 0 0 0 1 0 0 0 0 0 0 0 0 1 1 0 0 0 0 0 13 0 0 0 5 1 0 
58 40 6 0 0 2 0 2 0 0 0 0 0 0 0 0 1 1 0 0 0 0 0 13 5 0 0 5 1 0 
