https://www.anta.net/irc/survival.shtml
phishing
10 9
2 6
2 8
2 1
2 9
2 5
2 3
2 0
2 4
2 7
33 25 0 0 0 1 0 2 0 0 0 0 0 0 0 1 1 1 0 0 0 0 0 12 2 0 0 3 1 0 
20 15 0 0 0 0 0 2 0 0 0 0 0 0 0 1 1 1 0 0 0 0 0 12 0 0 0 3 1 0 
39 31 0 0 0 0 0 3 0 0 0 0 0 0 0 1 1 1 0 0 0 0 0 12 2 0 12 3 1 0 
54 45 0 0 0 2 0 2 0 0 0 0 0 0 0 1 1 1 0 0 0 0 0 12 2 0 0 3 1 0 
42 32 0 0 0 3 0 2 0 0 0 0 0 0 0 1 1 1 0 0 0 0 0 12 2 0 0 3 1 0 
42 32 0 0 0 3 0 2 0 0 0 0 0 0 0 1 1 1 0 0 0 0 0 12 2 0 0 3 1 0 
40 30 0 0 0 3 0 2 0 0 0 0 0 0 0 1 1 1 0 0 0 0 0 12 2 0 0 3 1 0 
43 33 0 0 0 3 0 2 0 0 0 0 0 0 0 1 1 1 0 0 0 0 0 12 2 0 0 3 1 0 
39 29 0 0 0 3 0 2 0 0 0 0 0 0 0 1 1 1 0 0 0 0 0 12 2 0 0 3 1 0 
42 32 0 0 0 3 0 2 0 0 0 0 0 0 0 1 1 1 0 0 0 0 0 12 2 0 0 3 1 0 
