https://www.ecall.ch/index_en.htm
phishing
10 9
2 1
2 4
2 9
2 7
2 0
2 3
2 5
2 6
2 8
28 22 0 0 0 1 0 1 0 0 0 0 0 0 0 0 1 1 0 0 0 0 0 19 1 0 0 3 1 0 
82 71 0 0 0 4 0 1 0 0 0 0 0 0 0 0 1 1 0 0 1 0 0 19 3 0 0 3 1 0 
33 25 0 0 0 0 0 3 0 0 0 0 0 0 0 1 1 1 0 0 0 0 0 12 1 0 10 2 1 0 
40 32 0 0 0 2 0 1 0 0 0 0 0 0 0 0 1 1 0 0 0 0 0 19 2 0 0 3 1 0 
74 64 0 0 0 3 0 1 0 0 0 0 0 0 0 0 1 1 0 0 0 0 0 19 3 0 0 3 1 0 
47 39 0 0 0 2 0 1 0 0 0 0 0 0 0 0 1 1 0 0 0 0 0 19 2 0 0 3 1 0 
61 52 0 0 0 2 0 1 0 0 0 0 0 0 0 0 1 1 0 0 0 0 0 19 3 0 0 3 1 0 
61 52 0 0 0 2 0 1 0 0 0 0 0 0 0 0 1 1 0 0 0 0 0 19 3 0 0 3 1 0 
69 58 0 0 0 4 0 1 0 0 0 0 0 0 0 0 1 1 0 0 0 0 0 19 3 0 0 3 1 0 
61 51 0 0 0 3 0 1 0 0 0 0 0 0 0 0 1 1 0 0 0 0 0 19 3 0 0 3 1 0 
