https://bbgerman.com/
benign
10 9
6 8
6 2
6 9
6 3
6 0
6 7
6 5
6 4
6 1
44 35 1 0 0 0 0 2 0 0 1 0 0 0 0 0 1 1 0 0 0 0 0 15 2 0 0 3 1 0 
40 35 0 1 0 0 0 1 0 0 0 0 0 0 0 0 0 0 0 0 0 0 0 31 0 0 0 3 1 0 
14 10 0 0 0 0 0 0 0 0 0 0 0 0 0 0 0 0 0 0 0 0 0 1 0 0 0 0 1 0 
40 32 1 0 0 0 0 2 0 0 0 0 0 0 0 1 1 1 0 0 0 0 0 16 2 0 0 3 1 0 
94 81 1 0 0 4 0 2 0 0 0 0 0 0 0 0 1 1 0 0 0 0 0 25 3 0 0 3 1 0 
35 30 0 0 0 0 0 1 0 0 0 0 0 0 0 0 1 1 0 0 0 0 0 11 1 0 0 3 1 0 
21 16 0 0 0 0 0 1 0 0 0 0 0 0 0 0 1 1 0 0 0 0 0 12 1 0 9 3 1 0 
40 33 0 0 0 0 0 2 0 0 0 0 0 0 0 1 1 1 0 0 0 0 1 17 2 0 0 3 1 0 
39 31 1 0 0 0 0 2 0 0 0 0 0 0 0 1 1 1 0 0 0 0 0 15 2 0 0 3 1 0 
52 45 0 0 0 0 0 2 0 0 0 0 0 0 0 1 1 1 0 0 0 0 0 16 2 0 0 3 1 0 
