https://precisiongraphics.us
phishing
10 9
3 4
3 8
3 6
3 0
3 7
3 9
3 2
3 5
3 1
35 29 0 0 0 0 0 1 0 0 0 0 0 0 0 0 1 1 0 0 0 0 0 20 2 0 0 2 1 0 
51 43 0 0 0 1 0 1 0 0 0 0 0 0 0 0 1 1 0 0 1 0 0 20 3 0 0 2 1 0 
38 32 0 0 0 0 0 1 0 0 0 0 0 0 0 0 1 1 0 0 1 0 0 20 2 0 0 2 1 0 
28 24 0 0 0 0 0 1 0 0 0 0 0 0 0 0 1 1 0 0 0 0 0 20 0 0 10 2 1 0 
61 52 0 0 0 2 0 1 0 0 0 0 0 0 0 0 1 1 0 0 1 0 0 20 3 0 0 2 1 0 
53 45 0 0 0 1 0 1 0 0 0 0 0 0 0 0 1 1 0 0 1 0 0 20 3 0 0 2 1 0 
29 24 0 0 0 0 0 1 0 0 0 0 0 0 0 0 1 1 0 0 0 0 0 20 1 0 0 2 1 0 
50 42 0 0 0 1 0 1 0 0 0 0 0 0 0 0 1 1 0 0 1 0 0 20 3 0 0 2 1 0 
65 56 0 0 0 2 0 1 0 0 0 0 0 0 0 0 1 1 0 0 1 0 0 20 3 0 0 2 1 0 
55 47 0 0 0 1 0 1 0 0 0 0 0 0 0 0 1 1 0 0 1 0 0 20 3 0 0 2 1 0 
