http://classics4life.com/index.html
defacement
10 9
2 5
2 1
2 6
2 4
2 0
2 9
2 7
2 8
2 3
86 71 1 0 0 7 0 2 0 0 0 0 0 0 0 1 1 1 0 0 0 0 0 21 2 0 0 3 1 0 
20 14 1 0 0 0 0 0 0 0 0 0 0 0 0 0 0 0 0 0 0 0 0 7 0 0 0 0 0 0 
35 28 1 0 0 0 0 2 0 0 0 0 0 0 0 0 0 1 0 0 0 0 0 17 1 0 11 3 1 0 
30 23 1 0 0 0 0 2 0 0 0 0 0 0 0 1 1 1 0 0 0 0 0 21 1 0 0 3 1 0 
39 30 1 0 0 1 0 2 0 0 0 0 0 0 0 1 1 1 0 0 0 0 0 21 2 0 0 3 1 0 
63 52 1 0 0 2 0 2 0 0 0 0 0 0 0 1 1 1 0 0 0 0 0 21 3 0 0 3 1 0 
47 37 1 0 0 2 0 2 0 0 0 0 0 0 0 1 1 1 0 0 0 0 0 21 2 0 0 3 1 0 
29 23 1 0 0 0 0 2 0 0 0 0 0 0 0 1 1 1 0 0 0 0 0 21 0 0 0 3 1 0 
41 32 1 0 0 1 0 2 0 0 0 0 0 0 0 1 1 1 0 0 0 0 0 21 2 0 0 3 1 0 
53 44 1 0 0 0 0 2 0 0 0 0 0 0 0 1 1 1 0 0 0 0 0 21 3 0 0 3 1 0 
