https://yelp.com/biz/trattoria-corso-berkeley
benign
10 9
1 0
1 5
1 2
1 6
1 8
1 7
1 3
1 9
1 4
62 48 4 0 0 0 0 1 0 0 0 0 0 0 0 0 1 1 0 0 0 0 0 8 3 0 0 3 1 0 
45 37 0 0 0 2 0 1 0 0 0 0 0 0 0 0 1 1 0 0 0 0 0 8 2 0 24 3 1 0 
23 18 0 0 0 0 0 1 0 0 0 0 0 0 0 0 1 1 0 0 0 0 0 8 1 0 0 3 1 0 
17 12 0 0 0 0 0 1 0 0 0 0 0 0 0 0 1 1 0 0 0 0 0 8 1 0 0 3 1 0 
50 38 4 0 0 0 0 1 0 0 0 0 0 0 0 0 1 1 0 0 0 0 0 8 2 0 0 3 1 0 
22 17 0 0 0 0 0 1 0 0 0 0 0 0 0 0 1 1 0 0 1 0 0 8 1 0 0 3 1 0 
30 23 0 0 0 0 0 2 0 0 0 0 0 0 0 1 1 1 0 0 0 0 0 12 1 0 0 3 1 0 
23 18 0 0 0 0 0 1 0 0 0 0 0 0 0 0 1 1 0 0 0 0 0 8 1 0 0 3 1 0 
56 44 4 0 0 0 0 1 0 0 0 0 0 0 0 0 1 1 0 0 0 0 0 8 3 0 0 3 1 0 
29 24 0 0 0 0 0 1 0 0 0 0 0 0 0 0 1 1 0 0 0 0 0 8 1 0 0 3 1 0 
