https://worldyouthsummit.org/zile/login.php?cmd=login_submit&amp;id=15ac76e4f2956ff6cb5f1d4239b9e8fe15ac76e4f2956ff6cb5f1d4239b9e8fe&amp;session=15ac76e4f2956ff6cb5f1d4239b9e8fe15ac76e4f2956ff6cb5f1d4239b9e8fe
phishing
10 9
9 4
9 6
9 8
9 1
9 3
9 0
9 5
9 2
9 7
35 30 0 0 0 0 0 1 0 0 0 0 0 0 0 0 1 1 0 0 0 0 0 20 1 0 0 3 1 0 
43 36 0 0 0 0 0 2 0 0 0 0 0 0 0 0 1 1 0 0 1 0 0 20 2 0 0 3 1 0 
26 21 0 0 0 0 0 1 0 0 0 0 0 0 0 0 1 1 0 0 0 0 0 11 1 0 0 3 1 0 
48 40 0 0 0 2 0 1 0 0 0 0 0 0 0 0 1 1 0 0 0 0 0 20 2 0 0 3 1 0 
43 35 2 0 0 0 0 2 0 0 0 0 0 0 0 1 1 1 0 0 0 0 0 16 1 0 0 3 1 0 
21 16 0 0 0 1 0 1 0 0 0 0 0 0 0 0 1 1 0 0 0 0 0 13 0 0 0 3 1 0 
29 24 0 0 0 0 0 1 0 0 0 0 0 0 0 0 1 1 0 0 0 0 0 20 1 0 0 3 1 0 
51 42 0 0 0 2 0 2 0 0 0 0 0 0 0 1 1 1 0 0 0 0 0 16 2 0 0 3 1 0 
41 33 0 0 0 0 0 2 0 0 0 0 0 0 0 1 1 1 0 0 1 0 0 17 3 0 0 3 1 0 
209 121 72 0 1 0 3 2 0 0 0 0 0 0 0 0 1 1 0 0 1 0 0 20 2 0 10 3 1 0 
