http://www.multimediaweb.eu/it/solutions/siti-web/richiesta-modifiche.html
defacement
10 9
7 5
7 1
7 8
7 2
7 9
7 4
7 0
7 6
7 3
43 33 1 0 0 2 0 2 0 0 0 0 0 0 0 1 1 1 0 0 0 0 0 20 2 0 0 2 1 0 
33 28 0 0 0 0 0 1 0 0 0 0 0 0 0 0 1 1 0 0 0 0 0 11 1 0 0 3 1 0 
45 38 0 0 0 0 0 2 0 0 0 0 0 0 0 1 1 1 0 0 0 0 0 16 2 0 0 3 1 0 
48 41 0 0 0 0 0 2 0 0 0 0 0 0 0 1 1 1 0 0 0 0 0 15 2 0 0 3 1 0 
29 23 0 0 0 0 0 2 0 0 0 0 0 0 0 1 1 1 0 0 0 0 0 20 1 0 0 2 1 0 
44 36 0 0 0 1 0 2 0 0 0 0 0 0 0 1 1 1 0 0 0 0 0 20 2 0 0 2 1 0 
56 38 7 0 0 1 0 2 0 0 0 0 0 0 0 1 1 1 0 0 0 0 0 16 5 0 0 3 1 0 
74 62 0 0 0 2 0 3 0 0 0 0 0 0 0 1 0 1 0 0 0 0 0 20 4 0 12 2 1 0 
37 30 0 0 0 0 0 2 0 0 0 0 0 0 0 1 1 1 0 0 0 0 0 20 2 0 0 2 1 0 
40 33 0 0 0 0 0 2 0 0 0 0 0 0 0 1 1 1 0 0 0 0 0 17 2 0 0 3 1 0 
