https://www.tarunz.org/~vassilii/pub/#pilot
phishing
10 9
9 7
9 8
9 1
9 3
9 4
9 0
9 6
9 5
9 2
47 38 0 1 0 0 0 3 0 0 0 0 0 0 0 0 0 1 0 0 0 0 0 15 1 0 0 3 1 0 
43 35 0 0 0 0 0 3 0 0 0 0 0 0 0 1 0 1 0 0 1 0 0 15 2 0 0 3 1 0 
23 17 0 0 0 0 0 2 0 0 0 0 0 0 0 1 0 1 0 0 0 0 0 15 1 0 0 3 1 0 
28 23 0 1 0 0 0 1 0 0 0 0 0 0 0 0 0 0 0 0 0 0 0 19 0 0 0 3 1 0 
25 19 0 0 0 0 0 2 0 0 0 0 0 0 0 1 0 1 0 0 0 0 0 17 1 0 0 3 1 0 
33 25 0 0 0 0 0 2 0 0 0 0 0 0 0 1 1 1 0 0 0 0 0 14 2 0 0 3 1 0 
26 20 0 0 0 0 0 2 0 0 0 0 0 0 0 1 0 1 0 0 0 0 0 18 1 0 0 3 1 0 
26 20 0 0 0 1 0 1 0 0 0 0 0 0 0 0 0 1 0 0 0 0 0 18 1 0 0 3 1 0 
21 16 0 0 0 0 0 2 0 0 0 0 0 0 0 1 0 1 0 0 0 0 0 14 0 0 0 3 1 0 
43 33 0 0 0 0 0 2 1 0 0 0 0 0 0 1 1 1 0 0 0 0 0 14 3 0 9 3 1 0 
