https://csueastbay.edu/ALP/
benign
10 9
1 9
1 2
1 0
1 7
1 3
1 4
1 8
1 5
1 6
26 20 0 0 0 0 0 2 0 0 0 0 0 0 0 0 1 1 0 0 0 0 0 17 1 0 0 3 1 0 
27 21 0 0 0 0 0 1 0 0 0 0 0 0 0 0 1 1 0 0 0 0 0 14 2 0 12 3 1 0 
46 38 0 0 0 0 0 2 0 0 0 0 0 0 0 1 1 1 0 0 0 0 0 18 3 0 0 3 1 0 
33 27 0 0 0 0 0 2 0 0 0 0 0 0 0 0 1 1 0 0 0 0 0 14 1 0 0 3 1 0 
31 25 0 0 0 0 0 2 0 0 0 0 0 0 0 0 1 1 0 0 0 0 0 22 1 0 0 3 1 0 
30 25 0 0 0 0 0 2 0 0 0 0 0 0 0 0 1 1 0 0 0 0 0 22 0 0 0 3 1 0 
14 10 0 0 0 0 0 0 0 0 0 0 0 0 0 0 0 0 0 0 0 0 0 1 0 0 0 0 1 0 
35 28 0 0 0 0 0 2 0 0 0 0 0 0 0 1 1 1 0 0 0 0 0 18 2 0 0 3 1 0 
43 35 0 0 0 0 0 3 0 0 0 0 0 0 0 1 1 1 0 0 0 0 0 18 2 0 0 3 1 0 
44 36 0 0 0 0 0 3 0 0 0 0 0 0 0 1 1 1 0 0 0 0 0 18 2 0 0 3 1 0 
