http://avesis.nl/gerealiseerde-projecten/19-nieuwe-onderwijsformule-koppelt-denken-aan-doen-bij-het-praedinius-gymnasium.html
defacement
10 9
7 0
7 1
7 3
7 5
7 6
7 9
7 8
7 4
7 2
38 31 0 0 0 0 0 2 0 0 0 0 0 0 0 1 1 1 0 0 1 0 0 21 2 0 0 2 1 0 
39 31 0 0 0 1 0 2 0 0 0 0 0 0 0 1 1 1 0 0 0 0 0 21 2 0 0 2 1 0 
35 29 0 0 0 0 0 1 0 0 0 0 0 0 0 0 1 1 0 0 0 0 0 11 1 0 0 3 1 0 
30 24 0 0 0 0 0 2 0 0 0 0 0 0 0 1 1 1 0 0 0 0 0 21 1 0 0 2 1 0 
49 40 0 0 0 1 0 2 0 0 0 0 0 0 0 1 1 1 0 0 0 0 0 21 3 0 0 2 1 0 
29 24 0 0 0 0 0 2 0 0 0 0 0 0 0 1 1 1 0 0 0 0 0 21 0 0 0 2 1 0 
37 31 0 0 0 0 0 2 0 0 0 0 0 0 0 1 1 1 0 0 0 0 0 21 1 0 0 2 1 0 
125 105 2 0 0 11 0 2 0 0 0 0 0 0 0 0 0 1 0 0 0 0 0 9 2 0 9 2 1 0 
49 40 0 0 0 1 0 2 0 0 0 0 0 0 0 1 1 1 0 0 0 0 0 16 3 0 0 3 1 0 
40 33 0 0 0 0 0 2 0 0 0 0 0 0 0 1 1 1 0 0 0 0 0 21 2 0 0 2 1 0 
