http://www.fitnessequipmentworldok.com/treadmills
defacement
10 9
3 2
3 4
3 0
3 5
3 1
3 7
3 6
9 8
9 3
46 40 0 0 0 0 0 2 0 0 0 0 0 0 0 1 0 1 0 0 0 0 0 31 1 0 0 3 1 0 
50 43 0 0 0 1 0 2 0 0 0 0 0 0 0 1 0 1 0 0 0 0 0 31 1 0 0 3 1 0 
39 33 0 0 0 0 0 2 0 0 0 0 0 0 0 1 0 1 0 0 0 0 0 31 1 0 0 3 1 0 
42 36 0 0 0 1 0 1 0 0 0 0 0 0 0 0 0 1 0 0 0 0 0 19 1 0 8 3 1 0 
44 38 0 0 0 0 0 2 0 0 0 0 0 0 0 1 0 1 0 0 1 0 0 31 1 0 0 3 1 0 
50 43 0 0 0 1 0 2 0 0 0 0 0 0 0 1 0 1 0 0 0 0 0 31 1 0 0 3 1 0 
45 39 0 0 0 0 0 2 0 0 0 0 0 0 0 1 0 1 0 0 0 0 0 31 1 0 0 3 1 0 
51 44 0 0 0 1 0 2 0 0 0 0 0 0 0 1 0 1 0 0 0 0 0 31 1 0 0 3 1 0 
21 14 1 0 0 0 0 0 0 0 0 0 0 0 0 0 0 0 0 0 0 0 0 8 0 0 0 0 0 0 
49 43 0 0 0 0 0 2 0 0 0 0 0 0 0 1 0 1 0 0 0 0 0 31 1 0 2 3 1 0 
