http://www.auctionyourart.com/events.html
defacement
10 9
4 7
4 0
4 8
4 3
4 1
4 2
4 6
4 5
9 4
54 44 0 0 0 3 0 3 0 0 0 0 0 0 0 1 0 1 0 0 0 0 1 22 1 0 0 3 1 0 
85 70 3 0 0 3 0 2 0 0 0 0 0 0 0 1 1 1 0 0 0 0 0 29 4 0 0 3 1 0 
44 36 0 0 0 0 0 2 0 0 0 0 0 0 0 1 1 1 0 0 0 0 0 15 3 0 0 3 1 0 
56 46 0 0 0 2 0 2 0 0 0 0 0 0 0 1 0 1 0 0 0 0 1 22 3 0 0 3 1 0 
30 24 0 0 0 0 0 2 0 0 0 0 0 0 0 1 0 1 0 0 0 0 1 22 1 0 10 3 1 0 
58 49 0 0 0 2 0 3 0 0 0 0 0 0 0 1 0 1 0 0 0 0 1 22 1 0 0 3 1 0 
47 31 7 0 0 0 0 2 0 0 0 0 0 0 0 1 1 1 0 0 0 0 0 16 4 0 0 3 1 0 
35 30 0 0 0 0 0 1 0 0 0 0 0 0 0 0 1 1 0 0 0 0 0 11 1 0 0 3 1 0 
70 59 0 0 0 0 0 6 0 0 0 0 0 0 0 1 1 1 0 0 0 0 0 16 2 0 0 3 1 0 
41 34 0 0 0 0 0 3 0 0 0 0 0 0 0 1 0 1 0 0 0 0 1 22 1 0 1 3 1 0 
