https://juegosdemesamodernos.com/zares/iurese/ioures/uires/iresad/cres/home
phishing
10 9
4 2
4 9
4 1
4 7
4 3
4 6
4 8
4 0
4 5
71 59 0 0 0 2 0 2 0 0 0 0 0 0 0 0 1 1 0 0 0 0 0 16 5 0 0 3 1 0 
45 38 0 0 0 1 0 2 0 0 0 0 0 0 0 0 1 1 0 0 1 0 0 24 1 0 0 3 1 0 
41 35 0 0 0 0 0 1 0 0 0 0 0 0 0 0 1 1 0 0 0 0 0 24 2 0 0 3 1 0 
33 26 0 0 0 0 0 2 0 0 0 0 0 0 0 0 1 1 0 0 0 0 0 16 2 0 0 3 1 0 
75 64 0 0 0 0 0 1 0 0 0 0 0 0 0 0 1 1 0 0 0 0 0 24 7 0 10 3 1 0 
52 45 0 0 0 0 0 1 0 0 0 0 0 0 0 0 1 1 0 0 0 0 0 24 3 0 0 3 1 0 
32 28 0 0 0 0 0 1 0 0 0 0 0 0 0 0 1 1 0 0 0 0 0 24 0 0 0 3 1 0 
25 19 0 0 0 0 0 2 0 0 0 0 0 0 0 0 1 1 0 0 0 0 0 16 1 0 0 3 1 0 
43 37 0 0 0 0 0 1 0 0 0 0 0 0 0 0 1 1 0 0 0 0 0 24 2 0 0 3 1 0 
36 30 0 0 0 0 0 1 0 0 0 0 0 0 0 0 1 1 0 0 0 0 0 13 2 0 0 3 1 0 
