https://www.freetechbooks.com/perl-f5.html
phishing
10 9
1 5
1 8
1 9
1 6
1 4
1 2
1 3
1 7
1 0
29 24 0 0 0 0 0 2 0 0 0 0 0 0 0 1 1 1 0 0 1 0 0 21 0 0 0 3 1 0 
42 33 1 0 0 1 0 3 0 0 0 0 0 0 0 1 1 1 0 0 1 0 0 21 1 0 10 3 1 0 
40 34 0 0 0 0 0 2 0 0 0 0 0 0 0 1 1 1 0 0 1 0 0 21 1 0 0 3 1 0 
36 30 0 0 0 0 0 2 0 0 0 0 0 0 0 1 1 1 0 0 1 0 0 21 1 0 0 3 1 0 
37 31 0 0 0 0 0 2 0 0 0 0 0 0 0 1 1 1 0 0 1 0 0 21 1 0 0 3 1 0 
35 29 0 0 0 0 0 2 0 0 0 0 0 0 0 1 1 1 0 0 1 0 0 21 1 0 0 3 1 0 
40 34 0 0 0 0 0 2 0 0 0 0 0 0 0 1 1 1 0 0 1 0 0 21 1 0 0 3 1 0 
38 32 0 0 0 0 0 2 0 0 0 0 0 0 0 1 1 1 0 0 1 0 0 21 1 0 0 3 1 0 
42 36 0 0 0 0 0 2 0 0 0 0 0 0 0 0 1 1 0 0 1 0 0 20 1 0 0 3 1 0 
37 31 0 0 0 0 0 2 0 0 0 0 0 0 0 1 1 1 0 0 1 0 0 21 1 0 0 3 1 0 
