https://www.lboro.ac.uk/research/esri/
phishing
10 9
6 0
6 5
6 7
6 8
6 2
6 1
6 9
6 3
6 4
33 25 0 0 0 0 0 3 0 0 0 0 0 0 0 1 1 1 0 0 0 0 0 15 2 0 0 5 1 0 
30 22 0 0 0 0 0 3 0 0 0 0 0 0 0 1 1 1 0 0 0 0 0 15 2 0 0 5 1 0 
30 22 0 0 0 0 0 3 0 0 0 0 0 0 0 1 1 1 0 0 0 0 0 15 2 0 0 5 1 0 
31 23 0 0 0 0 0 3 0 0 0 0 0 0 0 1 1 1 0 0 0 0 0 15 2 0 0 5 1 0 
36 27 0 0 0 1 0 3 0 0 0 0 0 0 0 1 1 1 0 0 0 0 0 15 2 0 0 5 1 0 
41 31 0 0 0 0 0 3 0 0 0 0 0 0 0 1 1 1 0 0 1 0 0 15 4 0 0 5 1 0 
38 29 0 0 0 0 0 3 0 0 0 0 0 0 0 1 1 1 0 0 0 0 0 15 3 0 14 5 1 0 
33 25 0 0 0 0 0 3 0 0 0 0 0 0 0 1 1 1 0 0 0 0 0 15 2 0 0 5 1 0 
24 17 0 0 0 0 0 3 0 0 0 0 0 0 0 1 1 1 0 0 0 0 0 15 1 0 0 5 1 0 
30 22 0 0 0 0 0 3 0 0 0 0 0 0 0 1 1 1 0 0 0 0 0 15 2 0 0 5 1 0 
