https://iznikaktuel.com/wp-content/themes/Avenue/cache/.www.paypal.co.uk/login/
benign
10 9
5 7
5 4
5 1
5 8
5 0
5 2
5 3
5 6
5 9
64 54 0 0 0 4 0 1 0 0 0 0 0 0 0 0 1 1 0 0 0 0 0 15 2 0 0 3 1 0 
58 48 0 0 0 4 0 1 0 0 0 0 0 0 0 0 1 1 0 0 0 0 0 15 2 0 0 3 1 0 
76 64 0 0 0 6 0 1 0 0 0 0 0 0 0 0 1 1 0 0 0 0 0 15 2 0 0 3 1 0 
70 59 0 0 0 5 0 1 0 0 0 0 0 0 0 0 1 1 0 0 0 0 0 15 2 0 0 3 1 0 
90 74 0 0 0 10 0 1 0 0 0 0 0 0 0 0 1 1 0 0 0 0 0 15 2 0 0 3 1 0 
79 63 0 0 0 1 0 5 0 0 0 0 0 0 0 1 1 1 0 0 1 0 0 15 7 0 9 3 1 0 
70 58 1 0 0 5 0 1 0 0 0 0 0 0 0 0 1 1 0 0 0 0 0 15 2 0 0 3 1 0 
71 60 0 0 0 5 0 1 0 0 0 0 0 0 0 0 1 1 0 0 0 0 0 15 2 0 0 3 1 0 
55 46 0 0 0 3 0 1 0 0 0 0 0 0 0 0 1 1 0 0 0 0 0 15 2 0 0 3 1 0 
70 61 0 0 0 3 0 1 0 0 0 0 0 0 0 0 1 1 0 0 0 0 0 15 2 0 0 3 1 0 
