https://dwiattorneynearme.com
phishing
10 9
7 2
7 9
7 4
7 5
7 3
7 6
7 1
7 0
7 8
40 34 0 0 0 0 0 2 0 0 0 0 0 0 0 0 1 1 0 0 0 0 0 21 1 0 0 3 1 0 
40 34 0 0 0 0 0 2 0 0 0 0 0 0 0 0 1 1 0 0 0 0 0 21 1 0 0 3 1 0 
47 41 0 0 0 0 0 2 0 0 0 0 0 0 0 0 1 1 0 0 0 0 0 21 1 0 0 3 1 0 
43 37 0 0 0 0 0 2 0 0 0 0 0 0 0 0 1 1 0 0 0 0 0 21 1 0 0 3 1 0 
44 38 0 0 0 0 0 2 0 0 0 0 0 0 0 0 1 1 0 0 0 0 0 21 1 0 0 3 1 0 
40 34 0 0 0 0 0 2 0 0 0 0 0 0 0 0 1 1 0 0 0 0 0 21 1 0 0 3 1 0 
43 37 0 0 0 0 0 2 0 0 0 0 0 0 0 0 1 1 0 0 0 0 0 21 1 0 0 3 1 0 
29 25 0 0 0 0 0 1 0 0 0 0 0 0 0 0 1 1 0 0 0 0 0 21 0 0 11 3 1 0 
40 34 0 0 0 0 0 2 0 0 0 0 0 0 0 0 1 1 0 0 0 0 0 21 1 0 0 3 1 0 
45 39 0 0 0 0 0 2 0 0 0 0 0 0 0 0 1 1 0 0 0 0 0 21 1 0 0 3 1 0 
