https://www.cs.utah.edu/~mcdirmid/ghost/
phishing
10 9
0 9
0 6
0 8
0 2
0 3
0 5
0 4
0 7
0 1
40 30 0 0 0 0 0 3 0 0 0 0 0 0 0 1 1 1 0 0 0 0 0 15 3 0 11 3 1 0 
25 18 0 0 0 0 0 3 0 0 0 0 0 0 0 0 1 1 0 0 0 0 0 16 1 0 0 3 1 0 
34 26 0 0 0 0 0 3 0 0 0 0 0 0 0 1 1 1 0 0 0 0 0 15 2 0 0 3 1 0 
35 26 0 0 0 1 0 3 0 0 0 0 0 0 0 1 1 1 0 0 0 0 0 19 2 0 0 3 1 0 
47 35 0 0 0 3 0 3 0 0 0 0 0 0 0 1 1 1 0 0 0 0 0 19 3 0 0 3 1 0 
24 17 0 0 0 0 0 3 0 0 0 0 0 0 0 1 1 1 0 0 0 0 0 15 1 0 0 3 1 0 
60 49 0 0 0 2 0 3 0 0 0 0 0 0 0 1 1 1 0 0 0 0 0 19 3 0 0 3 1 0 
37 27 0 0 0 2 0 3 0 0 0 0 0 0 0 1 1 1 0 0 0 0 0 19 2 0 0 3 1 0 
48 37 0 0 0 2 0 3 0 0 0 0 0 0 0 1 1 1 0 0 0 0 0 19 3 0 0 3 1 0 
33 25 0 0 0 0 0 3 0 0 0 0 0 0 0 1 1 1 0 0 0 0 0 15 2 0 0 3 1 0 
