http://www.istracentrum.sk/fotogalerie/category/65-detsk-faiangov-karneval-2011
defacement
10 9
9 1
9 5
9 8
9 3
9 2
9 6
9 4
9 0
9 7
47 34 4 0 0 1 0 2 0 0 0 0 0 0 0 1 1 1 0 0 0 0 0 19 3 0 0 2 1 0 
45 32 4 0 0 1 0 2 0 0 0 0 0 0 0 1 1 1 0 0 0 0 0 19 3 0 0 2 1 0 
47 34 4 0 0 1 0 2 0 0 0 0 0 0 0 1 1 1 0 0 0 0 0 19 3 0 0 2 1 0 
28 22 0 0 0 0 0 2 0 0 0 0 0 0 0 1 1 1 0 0 0 0 0 19 1 0 0 2 1 0 
38 29 1 0 0 1 0 2 0 0 0 0 0 0 0 1 1 1 0 0 0 0 0 19 2 0 0 2 1 0 
36 29 0 0 0 0 0 2 0 0 0 0 0 0 0 1 1 1 0 0 0 0 0 19 2 0 0 2 1 0 
49 36 4 0 0 1 0 2 0 0 0 0 0 0 0 1 1 1 0 0 0 0 0 19 3 0 0 2 1 0 
52 42 0 0 0 3 0 2 0 0 0 0 0 0 0 1 1 1 0 0 0 0 0 19 2 0 0 2 1 0 
27 22 0 0 0 0 0 2 0 0 0 0 0 0 0 1 1 1 0 0 0 0 0 19 0 0 0 2 1 0 
79 61 6 0 0 4 0 2 0 0 0 0 0 0 0 1 0 1 0 0 0 0 0 19 3 0 11 2 1 0 
