http://9779.info/%E5%8A%A8%E7%89%A9%E7%93%9C%E5%AD%90%20%E8%B4%B4%E7%94%BB/
malware
10 9
4 7
7 9
7 3
7 2
7 6
7 8
7 5
7 1
7 0
22 16 0 0 0 0 0 2 0 0 0 0 0 0 0 0 0 1 0 0 0 0 0 14 1 0 0 3 1 0 
24 18 0 0 0 0 0 2 0 0 0 0 0 0 0 0 1 1 0 0 0 0 0 15 1 0 0 3 1 0 
25 19 0 0 0 0 0 2 0 0 0 0 0 0 0 0 1 1 0 0 0 0 0 16 1 0 0 3 1 0 
21 16 0 0 0 0 0 2 0 0 0 0 0 0 0 0 1 1 0 0 0 0 0 13 0 0 0 3 1 0 
75 24 26 0 0 0 0 1 0 19 0 0 0 0 0 0 0 1 0 0 0 0 0 9 2 0 1 4 1 0 
19 13 0 0 0 0 0 2 0 0 0 0 0 0 0 0 0 1 0 0 0 0 0 11 1 0 0 3 1 0 
23 17 0 0 0 0 0 2 0 0 0 0 0 0 0 0 0 1 0 0 0 0 0 15 1 0 0 3 1 0 
38 24 6 0 0 0 0 3 0 0 0 0 0 0 0 0 0 1 0 0 0 0 0 15 2 0 0 3 1 0 
21 15 0 0 0 0 0 2 0 0 0 0 0 0 0 1 0 1 0 0 0 0 0 13 1 0 0 3 1 0 
22 16 0 0 0 0 0 2 0 0 0 0 0 0 0 1 1 1 0 0 0 0 0 13 1 0 8 3 1 0 
