https://www.tldp.org/HOWTO/Handspring-Visor/index.html
phishing
10 9
0 7
0 3
0 4
0 5
0 6
0 2
0 1
0 8
6 9
54 44 0 0 0 1 0 3 0 0 0 0 0 0 0 1 1 1 0 0 0 0 0 12 3 0 35 3 1 0 
56 46 0 0 0 1 0 3 0 0 0 0 0 0 0 1 1 1 0 0 0 0 0 12 3 0 0 3 1 0 
61 51 0 0 0 1 0 3 0 0 0 0 0 0 0 1 1 1 0 0 0 0 0 12 3 0 0 3 1 0 
55 45 0 0 0 1 0 3 0 0 0 0 0 0 0 1 1 1 0 0 0 0 0 12 3 0 0 3 1 0 
64 54 0 0 0 1 0 3 0 0 0 0 0 0 0 1 1 1 0 0 0 0 0 12 3 0 0 3 1 0 
42 36 0 1 0 1 0 1 0 0 0 0 0 0 0 0 0 0 0 0 0 0 0 33 0 0 0 3 1 0 
55 45 0 0 0 1 0 3 0 0 0 0 0 0 0 1 1 1 0 0 0 0 0 12 3 0 6 3 1 0 
59 49 0 0 0 1 0 3 0 0 0 0 0 0 0 1 1 1 0 0 0 0 0 12 3 0 0 3 1 0 
61 51 0 0 0 1 0 3 0 0 0 0 0 0 0 1 1 1 0 0 0 0 0 12 3 0 0 3 1 0 
52 42 0 0 0 0 0 2 0 0 0 0 0 0 0 1 0 1 0 0 0 0 0 24 4 0 0 3 1 0 
