https://pageinsider.com/wmbs590.com
benign
10 9
2 8
2 4
2 5
2 0
2 9
2 6
2 7
2 3
2 1
24 19 0 0 0 0 0 1 0 0 0 0 0 0 0 0 1 1 0 0 0 0 0 15 1 0 0 3 1 0 
42 36 0 0 0 0 0 2 0 0 0 0 0 0 0 0 1 1 0 0 0 0 0 15 1 0 0 3 1 0 
35 26 3 0 0 0 0 2 0 0 0 0 0 0 0 0 1 1 0 0 0 0 0 15 1 0 45 3 1 0 
32 25 0 0 0 0 0 2 0 0 0 0 0 0 0 1 1 1 0 0 0 0 0 15 2 0 0 3 1 0 
54 28 16 0 0 1 0 2 0 0 0 0 0 0 0 0 1 1 0 0 0 0 0 26 4 0 0 3 1 0 
41 35 0 0 0 0 0 2 0 0 0 0 0 0 0 0 1 1 0 0 0 0 0 15 1 0 0 3 1 0 
44 38 0 0 0 0 0 2 0 0 0 0 0 0 0 0 1 1 0 0 0 0 0 15 1 0 0 3 1 0 
40 34 0 0 0 0 0 2 0 0 0 0 0 0 0 0 1 1 0 0 0 0 0 15 1 0 0 3 1 0 
48 37 3 0 0 1 0 2 0 0 0 0 0 0 0 0 1 1 0 0 0 0 0 15 2 0 0 3 1 0 
52 45 0 0 0 0 0 3 0 0 0 0 0 0 0 0 1 1 0 0 0 0 1 15 1 0 0 3 1 0 
