https://www.seiren.com/english/index.html
phishing
10 9
5 1
5 4
5 3
5 2
5 6
5 0
5 8
5 7
5 9
50 41 0 0 0 0 0 3 0 0 0 0 0 0 0 1 1 1 0 0 0 0 0 14 3 0 0 3 1 0 
56 47 0 0 0 0 0 3 0 0 0 0 0 0 0 1 1 1 0 0 0 0 0 14 3 0 0 3 1 0 
49 40 0 0 0 0 0 3 0 0 0 0 0 0 0 1 1 1 0 0 0 0 0 14 3 0 0 3 1 0 
59 49 0 0 0 0 0 3 0 0 0 0 0 0 0 1 1 1 0 0 0 0 0 14 4 0 0 3 1 0 
53 44 0 0 0 0 0 3 0 0 0 0 0 0 0 1 1 1 0 0 0 0 0 14 3 0 0 3 1 0 
41 33 0 0 0 0 0 3 0 0 0 0 0 0 0 1 1 1 0 0 0 0 0 14 2 0 19 3 1 0 
48 39 0 0 0 0 0 3 0 0 0 0 0 0 0 1 1 1 0 0 0 0 0 14 3 0 0 3 1 0 
36 29 0 0 0 0 0 3 0 0 0 0 0 0 0 1 1 1 0 0 0 0 0 14 1 0 0 3 1 0 
50 41 0 0 0 0 0 3 0 0 0 0 0 0 0 1 1 1 0 0 0 0 0 14 3 0 0 3 1 0 
48 39 0 0 0 0 0 3 0 0 0 0 0 0 0 1 1 1 0 0 0 0 0 14 3 0 0 3 1 0 
