https://ginadwithsaints.blogspot.com/
benign
10 9
8 7
8 3
8 4
8 1
8 2
8 5
8 6
8 0
8 9
35 27 0 0 0 1 0 3 0 0 0 0 0 0 0 1 1 1 0 0 0 0 0 15 1 0 0 3 1 0 
78 56 9 0 0 4 0 3 0 0 0 0 0 0 0 0 1 1 0 0 0 0 1 28 3 0 0 12 1 0 
58 48 0 0 0 3 0 2 0 0 0 0 0 0 0 0 0 1 0 0 0 0 0 15 2 0 0 3 1 0 
131 81 27 0 0 3 0 6 0 5 0 0 0 0 0 0 1 1 0 0 0 0 1 17 6 0 0 12 1 0 
36 28 0 0 0 1 0 3 0 0 0 0 0 0 0 1 1 1 0 0 0 0 0 15 1 0 0 3 1 0 
52 25 20 0 0 0 0 2 0 0 0 0 0 0 0 1 1 1 0 0 0 0 0 15 2 0 0 3 1 0 
82 59 9 0 0 5 0 3 0 0 0 0 0 0 0 0 1 1 0 0 0 0 1 28 3 0 0 12 1 0 
131 79 29 0 0 3 0 6 0 5 0 0 0 0 0 0 1 1 0 0 0 0 1 17 6 0 0 12 1 0 
37 31 0 0 0 0 0 2 0 0 0 0 0 0 0 0 1 1 0 0 0 0 1 28 1 0 27 12 1 0 
71 50 9 0 0 3 0 3 0 0 0 0 0 0 0 0 1 1 0 0 0 0 1 28 3 0 0 12 1 0 
