https://law.columbia.edu/media_inquiries/news_events/2005_older/2005/february/farnsworth
benign
10 9
3 8
3 5
3 2
3 9
3 0
3 6
3 1
3 4
3 7
39 31 0 0 0 1 0 3 0 0 0 0 0 0 0 0 1 1 0 0 0 0 0 30 1 0 0 3 1 0 
31 25 0 0 0 0 0 2 0 0 0 0 0 0 0 0 1 1 0 0 0 0 0 16 1 0 0 3 1 0 
45 37 0 0 0 2 0 2 0 0 0 0 0 0 0 0 1 1 0 0 0 0 0 16 1 0 0 3 1 0 
88 66 8 0 0 0 0 2 0 0 0 0 0 0 0 0 1 1 0 0 0 0 0 16 6 0 11 3 1 0 
25 19 0 0 0 0 0 2 0 0 0 0 0 0 0 0 1 1 0 0 0 0 0 16 1 0 0 3 1 0 
41 34 0 0 0 1 0 2 0 0 0 0 0 0 0 0 1 1 0 0 0 0 0 16 1 0 0 3 1 0 
43 35 0 0 0 1 0 3 0 0 0 0 0 0 0 0 1 1 0 0 0 0 0 34 1 0 0 3 1 0 
44 36 0 0 0 2 0 2 0 0 0 0 0 0 0 0 1 1 0 0 0 0 0 16 1 0 0 3 1 0 
34 28 0 0 0 0 0 2 0 0 0 0 0 0 0 0 1 1 0 0 0 0 0 16 1 0 0 3 1 0 
29 23 0 0 0 0 0 2 0 0 0 0 0 0 0 0 1 1 0 0 0 0 0 16 1 0 0 3 1 0 
