http://www.bissfest-marburg.de/component/mailto/index.html?tmpl=component&link=aHR0cDovL3d3dy5iaXNzZmVzdC1tYXJidXJnLmRlL2NhdGVyaW5nLW1hcmJ1cmcvZmluZ2VyZm9vZC1pbi1tYXJidXJnLmh0bWw=
defacement
10 9
8 1
8 3
8 4
8 5
8 0
8 6
8 9
8 7
8 2
53 44 0 0 0 2 0 3 0 0 0 0 0 0 0 1 0 1 0 0 0 0 0 23 1 0 0 2 1 0 
41 33 0 0 0 1 0 3 0 0 0 0 0 0 0 1 0 1 0 0 0 0 0 23 1 0 0 2 1 0 
42 34 0 0 0 1 0 3 0 0 0 0 0 0 0 1 0 1 0 0 0 0 0 23 1 0 0 2 1 0 
44 36 0 0 0 1 0 3 0 0 0 0 0 0 0 1 0 1 0 0 0 0 0 23 1 0 0 2 1 0 
58 48 0 0 0 1 0 3 0 0 0 0 0 0 0 1 0 1 0 0 0 0 0 23 3 0 0 2 1 0 
44 36 0 0 0 1 0 3 0 0 0 0 0 0 0 1 0 1 0 0 0 0 0 23 1 0 0 2 1 0 
54 44 0 0 0 3 0 3 0 0 0 0 0 0 0 1 0 1 0 0 0 0 0 23 1 0 0 2 1 0 
45 37 0 0 0 1 0 3 0 0 0 0 0 0 0 1 0 1 0 0 0 0 0 23 1 0 0 2 1 0 
179 150 14 0 1 1 3 3 0 0 0 0 0 0 0 1 0 1 0 0 0 0 0 23 3 0 9 2 1 0 
42 34 0 0 0 1 0 3 0 0 0 0 0 0 0 1 0 1 0 0 0 0 0 23 1 0 0 2 1 0 
