http://www.leondabytheyarra.com.au/disclaimer.html
defacement
10 9
6 7
6 5
6 0
6 3
6 8
6 9
6 4
6 2
6 1
31 26 0 0 0 0 0 2 0 0 0 0 0 0 0 0 1 1 0 0 0 0 0 23 0 0 0 6 1 0 
56 47 0 0 0 1 0 2 0 0 0 0 0 0 0 0 1 1 0 0 0 0 0 23 3 0 0 6 1 0 
39 32 0 0 0 0 0 2 0 0 0 0 0 0 0 0 1 1 0 0 0 0 0 23 2 0 0 6 1 0 
47 40 0 0 0 0 0 2 0 0 0 0 0 0 0 0 1 1 0 0 0 0 0 26 2 0 0 6 1 0 
44 36 0 0 0 1 0 2 0 0 0 0 0 0 0 0 1 1 0 0 0 0 0 26 2 0 0 6 1 0 
38 31 0 0 0 0 0 2 0 0 0 0 0 0 0 0 1 1 0 0 0 0 0 23 2 0 0 6 1 0 
50 42 0 0 0 0 0 4 0 0 0 0 0 0 0 1 0 1 0 0 0 0 0 27 1 0 11 6 1 0 
37 30 0 0 0 0 0 2 0 0 0 0 0 0 0 0 0 1 0 0 0 0 0 23 2 0 0 6 1 0 
55 46 0 0 0 1 0 2 0 0 0 0 0 0 0 0 1 1 0 0 0 0 0 23 3 0 0 6 1 0 
48 40 0 0 0 0 0 2 0 0 0 0 0 0 0 0 1 1 0 0 0 0 0 23 3 0 0 6 1 0 
