https://www.ii.uib.no/algo2004/esa2004/
phishing
10 9
1 8
8 4
8 3
8 7
8 5
8 2
8 0
8 9
8 6
32 24 0 0 0 0 0 3 0 0 0 0 0 0 0 1 1 1 0 0 0 0 0 13 2 0 0 2 1 0 
39 22 8 0 0 0 0 3 0 0 0 0 0 0 0 1 1 1 0 0 0 0 0 13 3 0 1 2 1 0 
24 17 0 0 0 0 0 3 0 0 0 0 0 0 0 1 1 1 0 0 0 0 0 13 1 0 0 2 1 0 
27 19 0 0 0 0 0 3 0 0 0 0 0 0 0 1 1 1 0 0 0 0 0 13 2 0 0 2 1 0 
27 19 0 0 0 0 0 3 0 0 0 0 0 0 0 1 1 1 0 0 0 0 0 13 2 0 0 2 1 0 
35 27 0 0 0 0 0 3 0 0 0 0 0 0 0 1 1 1 0 0 0 0 0 13 2 0 0 2 1 0 
35 27 0 0 0 0 0 3 0 0 0 0 0 0 0 1 1 1 0 0 0 0 0 13 2 0 0 2 1 0 
34 26 0 0 0 0 0 3 0 0 0 0 0 0 0 1 1 1 0 0 0 0 0 13 2 0 0 2 1 0 
40 32 0 0 0 0 0 2 0 0 0 0 0 0 0 1 0 1 0 0 0 0 0 10 3 0 10 2 1 0 
34 26 0 0 0 0 0 3 0 0 0 0 0 0 0 1 1 1 0 0 0 0 0 13 2 0 0 2 1 0 
