http://nypost.com/2015/05/13/cavs-bruiser-perkins-has-fight-with-wife-on-side-of-the-road/
benign
10 9
5 8
5 9
5 4
5 2
5 1
5 0
5 6
5 3
5 7
23 17 0 0 0 0 0 1 0 0 0 0 0 0 0 0 1 1 0 0 0 0 1 10 2 0 0 3 1 0 
25 19 0 0 0 0 0 1 0 0 0 0 0 0 0 0 1 1 0 0 0 0 1 10 2 0 0 3 1 0 
20 15 0 0 0 0 0 1 0 0 0 0 0 0 0 0 1 1 0 0 0 0 1 11 1 0 0 3 1 0 
23 17 0 0 0 0 0 1 0 0 0 0 0 0 0 0 1 1 0 0 0 0 1 10 2 0 0 3 1 0 
36 29 0 0 0 1 0 1 0 0 0 0 0 0 0 0 1 1 0 0 0 0 1 10 2 0 0 3 1 0 
90 62 8 0 0 11 0 1 0 0 0 0 0 0 0 0 0 1 0 0 0 0 1 10 5 0 10 3 1 0 
24 18 0 0 0 0 0 1 0 0 0 0 0 0 0 0 1 1 0 0 0 0 1 10 2 0 0 3 1 0 
23 17 0 0 0 0 0 1 0 0 0 0 0 0 0 0 1 1 0 0 0 0 1 10 2 0 0 3 1 0 
26 20 0 0 0 0 0 1 0 0 0 0 0 0 0 0 1 1 0 0 0 0 1 10 2 0 0 3 1 0 
23 17 0 0 0 0 0 1 0 0 0 0 0 0 0 0 1 1 0 0 0 0 1 10 2 0 0 3 1 0 
