http://nguyentandung.org/ha-vien-my-thong-qua-du-luat-dung-chuong-trinh-nghe-len-dien-thoai.html
benign
10 9
4 5
4 2
4 9
4 8
4 0
4 3
4 6
4 1
4 7
37 29 3 0 0 0 0 1 0 0 0 0 0 0 0 0 1 1 0 0 0 0 0 20 1 0 0 3 1 0 
29 23 0 0 0 0 0 2 0 0 0 0 0 0 0 0 1 1 0 0 0 0 0 16 1 0 0 3 1 0 
31 26 0 0 0 0 0 1 0 0 0 0 0 0 0 0 1 1 0 0 0 0 0 13 1 0 0 3 1 0 
41 31 3 0 0 0 0 1 0 0 0 0 0 0 0 0 1 1 0 0 0 0 0 20 3 0 0 3 1 0 
96 77 0 0 0 13 0 2 0 0 0 0 0 0 0 0 0 1 0 0 0 0 0 17 1 0 21 3 1 0 
45 36 3 0 0 0 0 1 0 0 0 0 0 0 0 0 1 1 0 0 0 0 0 20 2 0 0 3 1 0 
41 32 3 0 0 0 0 1 0 0 0 0 0 0 0 0 1 1 0 0 0 0 0 20 2 0 0 3 1 0 
28 24 0 0 0 0 0 1 0 0 0 0 0 0 0 0 1 1 0 0 0 0 0 20 0 0 0 3 1 0 
29 21 3 0 0 0 0 1 0 0 0 0 0 0 0 0 1 1 0 0 0 0 0 20 1 0 0 3 1 0 
27 19 3 0 0 0 0 1 0 0 0 0 0 0 0 0 1 1 0 0 0 0 1 6 1 0 0 2 1 0 
