http://jcmt.nl/nl/diensten/10-reisbegeleiding
defacement
10 9
3 5
3 4
3 9
3 8
3 1
9 0
9 7
9 2
9 6
34 27 0 0 0 0 0 2 0 0 0 0 0 0 0 1 1 1 0 0 0 0 1 11 2 0 0 3 1 0 
38 29 0 0 0 2 0 2 0 0 0 0 0 0 0 1 1 1 0 0 0 0 1 11 2 0 0 3 1 0 
24 18 0 0 0 0 0 2 0 0 0 0 0 0 0 1 1 1 0 0 0 0 1 11 1 0 0 3 1 0 
45 35 2 0 0 1 0 1 0 0 0 0 0 0 0 0 0 1 0 0 0 0 0 7 3 0 13 2 1 0 
19 14 0 0 0 0 0 2 0 0 0 0 0 0 0 1 1 1 0 0 0 0 1 11 0 0 0 3 1 0 
28 22 0 0 0 0 0 2 0 0 0 0 0 0 0 0 1 1 0 0 1 0 1 13 1 0 0 3 1 0 
23 18 0 0 0 0 0 2 0 0 0 0 0 0 0 1 1 1 0 0 0 0 1 15 0 0 0 3 1 0 
37 30 0 0 0 0 0 2 0 0 0 0 0 0 0 1 1 1 0 0 0 0 1 11 2 0 0 3 1 0 
33 26 0 0 0 0 0 2 0 0 0 0 0 0 0 1 1 1 0 0 0 0 1 11 2 0 0 3 1 0 
20 14 0 0 0 0 0 2 0 0 0 0 0 0 0 1 1 1 0 0 0 0 1 11 1 0 5 3 1 0 
