https://ballymenaprimary.org/index.php
benign
10 9
5 9
5 8
5 1
5 4
5 7
5 0
5 3
5 6
5 2
41 34 0 0 0 1 0 1 0 0 0 0 0 0 0 0 1 1 0 0 0 0 0 20 2 0 0 3 1 0 
227 90 66 0 0 2 0 1 0 63 0 0 0 0 0 0 1 1 0 0 0 0 0 20 2 0 0 3 1 0 
22 14 3 0 0 0 0 1 0 0 0 0 0 0 0 0 1 1 0 0 0 0 0 13 1 0 0 3 1 0 
225 80 73 0 0 3 0 1 0 63 0 0 0 0 0 0 1 1 0 0 0 0 0 20 2 0 0 3 1 0 
19 13 1 0 0 0 0 1 0 0 0 0 0 0 0 0 1 1 0 0 0 0 0 10 1 0 0 3 1 0 
38 32 0 0 0 0 0 2 0 0 0 0 0 0 0 0 1 1 0 0 0 0 0 20 1 0 17 3 1 0 
221 80 70 0 0 2 0 1 0 63 0 0 0 0 0 0 1 1 0 0 0 0 0 20 2 0 0 3 1 0 
22 16 1 0 0 0 0 1 0 0 0 0 0 0 0 0 1 1 0 0 0 0 1 13 1 0 0 3 1 0 
29 24 0 0 0 0 0 1 0 0 0 0 0 0 0 0 1 1 0 0 0 0 0 20 1 0 0 3 1 0 
49 42 0 0 0 0 0 1 0 0 0 0 0 0 0 0 1 1 0 0 0 0 0 20 3 0 0 3 1 0 
