http://www.pubyun.com/wiki/lib/exe/js.php?tseed=f1f16e8c6142fab8553f2b9cfe045961
malware
10 9
1 9
1 6
9 7
9 0
9 8
9 3
9 2
9 5
9 4
48 38 1 0 0 1 0 2 0 0 0 0 0 0 0 0 0 1 0 0 0 0 0 13 3 0 0 3 1 0 
80 48 20 0 1 0 1 3 0 0 0 0 0 0 0 1 0 1 0 0 0 0 0 14 4 0 3 3 1 0 
37 29 1 0 0 0 0 2 0 0 0 0 0 0 0 0 0 1 0 0 0 0 0 16 2 0 0 3 1 0 
15 11 0 0 0 0 0 1 0 0 0 0 0 0 0 0 1 1 0 0 0 0 0 7 0 0 0 3 1 0 
54 41 2 0 0 1 0 3 0 0 0 0 0 0 0 0 1 1 0 0 0 0 0 19 4 0 0 3 1 0 
46 36 0 0 0 0 0 3 0 0 0 0 0 0 0 1 0 1 0 0 0 0 0 14 2 0 0 3 1 0 
41 31 0 0 0 0 0 3 0 0 0 0 0 0 0 1 0 1 0 0 0 0 0 14 4 0 3 3 1 0 
32 25 0 0 0 0 0 2 0 0 0 0 0 0 0 1 0 1 0 0 0 0 0 14 2 0 0 3 1 0 
31 25 0 0 0 0 0 2 0 0 0 0 0 0 0 1 1 1 0 0 0 0 0 16 1 0 0 3 1 0 
50 36 0 0 0 0 0 3 0 0 2 0 0 0 0 1 0 1 0 0 0 0 0 14 4 0 17 3 1 0 
