http://www.dancestudio.co.za/news/newsletters
defacement
10 9
8 1
8 5
8 0
8 4
8 6
8 3
8 9
8 7
8 2
35 27 0 0 0 1 0 2 0 0 0 0 0 0 0 0 1 1 0 0 0 0 0 17 2 0 0 5 1 0 
34 27 0 0 0 0 0 2 0 0 0 0 0 0 0 0 1 1 0 0 0 0 0 17 2 0 0 5 1 0 
31 24 0 0 0 0 0 2 0 0 0 0 0 0 0 0 1 1 0 0 0 0 0 17 2 0 0 5 1 0 
33 26 0 0 0 0 0 2 0 0 0 0 0 0 0 0 1 1 0 0 0 0 0 17 2 0 0 5 1 0 
35 27 0 0 0 1 0 2 0 0 0 0 0 0 0 0 1 1 0 0 0 0 0 17 2 0 0 5 1 0 
34 27 0 0 0 0 0 2 0 0 0 0 0 0 0 0 1 1 0 0 0 0 0 17 2 0 0 5 1 0 
37 30 0 0 0 0 0 2 0 0 0 0 0 0 0 0 1 1 0 0 0 0 0 17 2 0 0 5 1 0 
38 31 0 0 0 0 0 3 0 0 0 0 0 0 0 0 1 1 0 0 0 0 0 21 1 0 0 5 1 0 
45 37 0 0 0 0 0 3 0 0 0 0 0 0 0 1 0 1 0 0 0 0 0 21 2 0 10 5 1 0 
26 20 0 0 0 0 0 2 0 0 0 0 0 0 0 0 1 1 0 0 0 0 0 17 1 0 0 5 1 0 
