https://superpages.com/bp/Kansas-City-KS/Kansas-City-Terminal-Railway-L2170949422.htm
benign
10 9
8 9
8 5
8 2
8 3
8 0
8 4
8 1
8 6
8 7
23 18 0 0 0 0 0 1 0 0 0 0 0 0 0 0 1 1 0 0 0 0 0 14 1 0 0 3 1 0 
28 23 0 0 0 0 0 1 0 0 0 0 0 0 0 0 1 1 0 0 1 0 0 14 1 0 0 3 1 0 
34 28 0 0 0 0 0 1 0 0 0 0 0 0 0 0 1 1 0 0 0 0 0 14 2 0 0 3 1 0 
37 30 0 0 0 2 0 1 0 0 0 0 0 0 0 0 1 1 0 0 0 0 0 14 1 0 0 3 1 0 
31 26 0 0 0 0 0 1 0 0 0 0 0 0 0 0 1 1 0 0 0 0 0 14 1 0 0 3 1 0 
60 44 8 0 0 0 0 1 0 0 0 0 0 0 0 0 1 1 0 0 0 0 0 14 4 0 0 3 1 0 
31 25 0 0 0 0 0 1 0 0 0 0 0 0 0 0 1 1 0 0 0 0 0 14 2 0 0 3 1 0 
36 29 0 0 0 0 0 2 0 0 0 0 0 0 0 0 1 1 0 0 0 0 0 19 2 0 0 3 1 0 
85 61 10 0 0 6 0 2 0 0 0 0 0 0 0 0 1 1 0 0 0 0 0 14 3 0 21 3 1 0 
31 25 0 0 0 1 0 1 0 0 0 0 0 0 0 0 1 1 0 0 0 0 0 14 1 0 0 3 1 0 
