https://genforum.genealogy.com/loftin/all.html
benign
10 9
7 9
7 5
7 1
7 8
7 2
7 6
7 4
7 3
7 0
60 45 4 0 0 0 0 2 0 0 0 0 0 0 0 1 1 1 0 0 0 0 0 17 6 0 0 3 1 0 
32 25 0 0 0 0 0 2 0 0 0 0 0 0 0 1 1 1 0 0 0 0 0 17 2 0 0 3 1 0 
33 26 0 0 0 0 0 2 0 0 0 0 0 0 0 1 1 1 0 0 0 0 0 17 2 0 0 3 1 0 
26 20 0 0 0 0 0 2 0 0 0 0 0 0 0 1 1 1 0 0 0 0 0 17 1 0 0 3 1 0 
60 45 4 0 0 0 0 2 0 0 0 0 0 0 0 1 1 1 0 0 0 0 0 17 6 0 0 3 1 0 
35 28 0 0 0 0 0 2 0 0 0 0 0 0 0 1 1 1 0 0 0 0 0 17 2 0 0 3 1 0 
60 45 4 0 0 0 0 2 0 0 0 0 0 0 0 1 1 1 0 0 0 0 0 17 6 0 0 3 1 0 
46 38 0 0 0 0 0 3 0 0 0 0 0 0 0 0 1 1 0 0 0 0 0 22 2 0 11 3 1 0 
41 33 0 0 0 0 0 2 0 0 0 0 0 0 0 1 1 1 0 0 0 0 0 17 3 0 0 3 1 0 
60 45 4 0 0 0 0 2 0 0 0 0 0 0 0 1 1 1 0 0 0 0 0 17 6 0 0 3 1 0 
