http://www.americanbussales.net/school-buses/36-to-72-passengers/1999-freightliner-blue-bird-47-passenger/index.html
defacement
10 9
9 0
9 5
9 2
9 7
9 8
9 6
9 4
9 1
9 3
28 24 0 0 0 0 0 1 0 0 0 0 0 0 0 0 1 1 0 0 0 0 0 20 0 0 0 3 1 0 
105 83 3 0 0 11 0 1 0 0 0 0 0 0 0 0 1 1 0 0 0 0 0 20 4 0 0 3 1 0 
44 37 0 0 0 1 0 1 0 0 0 0 0 0 0 0 1 1 0 0 0 0 0 20 2 0 0 3 1 0 
16 3 10 0 0 0 0 0 0 0 0 0 0 0 0 0 0 0 0 0 0 0 0 10 0 0 0 0 1 0 
64 53 0 0 0 4 0 1 0 0 0 0 0 0 0 0 1 1 0 0 0 0 0 20 3 0 0 3 1 0 
40 33 0 0 0 0 0 1 0 0 0 0 0 0 0 0 1 1 0 0 0 0 0 20 2 0 0 3 1 0 
41 34 0 0 0 0 0 1 0 0 0 0 0 0 0 0 1 1 0 0 0 0 0 20 2 0 0 3 1 0 
106 83 4 0 0 11 0 1 0 0 0 0 0 0 0 0 1 1 0 0 0 0 0 20 4 0 0 3 1 0 
106 83 4 0 0 11 0 1 0 0 0 0 0 0 0 0 1 1 0 0 0 0 0 20 4 0 0 3 1 0 
116 87 10 0 0 9 0 3 0 0 0 0 0 0 0 1 0 1 0 0 0 0 0 24 4 0 14 3 1 0 
