https://www.intra2net.com/en/support/antispam/
phishing
10 9
3 2
3 1
3 6
3 5
3 8
3 4
3 7
3 9
3 0
38 29 1 0 0 0 0 2 0 0 0 0 0 0 0 1 1 1 0 0 0 0 1 17 3 0 0 3 1 0 
47 37 1 0 0 0 0 3 0 0 0 0 0 0 0 1 1 1 0 0 0 0 1 17 3 0 0 3 1 0 
57 46 1 0 0 1 0 3 0 0 0 0 0 0 0 1 1 1 0 0 0 0 1 17 3 0 0 3 1 0 
46 36 1 0 0 0 0 2 0 0 0 0 0 0 0 1 1 1 0 0 0 0 1 17 4 0 11 3 1 0 
58 47 1 0 0 1 0 3 0 0 0 0 0 0 0 1 1 1 0 0 0 0 1 17 3 0 0 3 1 0 
63 52 1 0 0 1 0 3 0 0 0 0 0 0 0 1 1 1 0 0 0 0 1 17 3 0 0 3 1 0 
58 47 1 0 0 1 0 3 0 0 0 0 0 0 0 1 1 1 0 0 0 0 1 17 3 0 0 3 1 0 
29 21 1 0 0 0 0 2 0 0 0 0 0 0 0 1 1 1 0 0 0 0 1 17 2 0 0 3 1 0 
63 52 1 0 0 1 0 3 0 0 0 0 0 0 0 1 1 1 0 0 0 0 1 17 3 0 0 3 1 0 
57 46 1 0 0 0 0 3 0 0 0 0 0 0 0 1 1 1 0 0 0 0 1 17 4 0 0 3 1 0 
