https://corporationwiki.com/Florida/Highland-City/nichol-jack-inc-6056785.aspx
benign
10 9
9 3
9 8
9 6
9 1
9 0
9 4
9 7
9 2
9 5
42 35 0 0 0 0 0 2 0 0 0 0 0 0 0 1 1 1 0 0 0 0 0 23 2 0 0 3 1 0 
54 47 0 0 0 0 0 3 0 0 0 0 0 0 0 1 1 1 0 0 0 0 0 23 1 0 0 3 1 0 
39 32 0 0 0 0 0 2 0 0 0 0 0 0 0 1 1 1 0 0 0 0 0 23 2 0 0 3 1 0 
76 66 0 0 0 1 0 3 0 0 0 0 0 0 0 1 1 1 0 0 0 0 0 23 3 0 0 3 1 0 
32 26 0 0 0 0 0 2 0 0 0 0 0 0 0 1 1 1 0 0 0 0 0 23 1 0 0 3 1 0 
62 54 0 0 0 0 0 3 0 0 0 0 0 0 0 1 1 1 0 0 0 0 0 23 2 0 0 3 1 0 
32 26 0 0 0 0 0 1 0 0 0 0 0 0 0 0 1 1 0 0 0 0 0 11 2 0 0 3 1 0 
49 33 8 0 0 0 0 2 0 0 0 0 0 0 0 1 1 1 0 0 0 0 0 23 3 0 0 3 1 0 
39 33 0 0 0 0 0 2 0 0 0 0 0 0 0 0 1 1 0 0 0 0 0 30 1 0 0 3 1 0 
78 59 7 0 0 4 0 2 0 0 0 0 0 0 0 0 1 1 0 0 0 0 0 19 3 0 20 3 1 0 
