https://people.famouswhy.com/bob_pollard/
benign
10 9
7 5
7 0
7 9
7 1
7 2
7 3
7 4
7 6
7 8
29 24 0 0 0 0 0 2 0 0 0 0 0 0 0 0 0 1 0 0 0 0 0 22 0 0 0 3 1 0 
24 19 0 0 0 0 0 2 0 0 0 0 0 0 0 1 0 1 0 0 0 0 0 17 0 0 0 3 1 0 
30 24 0 0 0 0 0 2 0 0 0 0 0 0 0 0 0 1 0 0 0 0 0 19 1 0 0 3 1 0 
29 24 0 0 0 0 0 2 0 0 0 0 0 0 0 0 0 1 0 0 0 0 0 22 0 0 0 3 1 0 
19 15 0 0 0 0 0 1 0 0 0 0 0 0 0 0 0 1 0 0 0 0 0 12 0 0 0 2 1 0 
28 23 0 0 0 0 0 2 0 0 0 0 0 0 0 0 0 1 0 0 0 0 0 21 0 0 0 3 1 0 
24 19 0 0 0 0 0 2 0 0 0 0 0 0 0 0 0 1 0 0 0 0 0 17 0 0 0 3 1 0 
41 33 0 0 0 0 0 2 0 0 0 0 0 0 0 0 1 1 0 0 0 0 0 20 2 0 12 3 1 0 
27 22 0 0 0 0 0 2 0 0 0 0 0 0 0 0 0 1 0 0 0 0 0 20 0 0 0 3 1 0 
24 19 0 0 0 0 0 2 0 0 0 0 0 0 0 0 0 1 0 0 0 0 0 17 0 0 0 3 1 0 
