http://altoinfor.co/files/Server_dMqzdosJXy156.bin
malware
10 9
4 9
4 2
4 8
4 0
4 6
4 7
4 1
4 3
5 4
23 17 0 0 0 0 0 1 0 0 0 0 0 0 0 0 0 1 0 0 0 0 0 12 2 0 0 2 1 0 
23 17 0 0 0 0 0 1 0 0 0 0 0 0 0 0 0 1 0 0 0 0 0 12 2 0 0 2 1 0 
23 17 0 0 0 0 0 1 0 0 0 0 0 0 0 0 0 1 0 0 0 0 0 12 2 0 0 2 1 0 
23 17 0 0 0 0 0 1 0 0 0 0 0 0 0 0 0 1 0 0 0 0 0 12 2 0 0 2 1 0 
34 27 0 0 0 1 0 2 0 0 0 0 0 0 0 1 1 1 0 0 0 0 1 25 1 0 9 3 1 0 
50 39 3 0 0 0 0 2 0 0 0 0 0 0 0 0 0 1 0 0 0 0 0 12 2 0 1 2 1 0 
23 17 0 0 0 0 0 1 0 0 0 0 0 0 0 0 0 1 0 0 0 0 0 12 2 0 0 2 1 0 
23 17 0 0 0 0 0 1 0 0 0 0 0 0 0 0 0 1 0 0 0 0 0 12 2 0 0 2 1 0 
26 20 0 0 0 0 0 1 0 0 0 0 0 0 0 0 0 1 0 0 0 0 0 12 2 0 0 2 1 0 
23 17 0 0 0 0 0 1 0 0 0 0 0 0 0 0 0 1 0 0 0 0 0 12 2 0 0 2 1 0 
