http://www.inventium.com.au/testimonials.html
defacement
10 9
7 1
7 0
7 4
7 2
7 3
7 5
7 6
7 9
7 8
46 35 0 0 0 2 0 3 0 0 0 0 0 0 0 1 1 1 0 0 0 0 0 20 3 0 0 6 1 0 
40 31 0 0 0 1 0 3 0 0 0 0 0 0 0 1 1 1 0 0 0 0 0 20 2 0 0 6 1 0 
46 35 0 0 0 2 0 3 0 0 0 0 0 0 0 1 1 1 0 0 0 0 0 20 3 0 0 6 1 0 
45 35 0 0 0 1 0 3 0 0 0 0 0 0 0 1 1 1 0 0 0 0 0 20 3 0 0 6 1 0 
42 35 0 0 0 0 0 2 0 0 0 0 0 0 0 1 1 1 0 0 0 0 0 16 2 0 0 3 1 0 
34 26 0 0 0 0 0 3 0 0 0 0 0 0 0 1 1 1 0 0 0 0 0 20 2 0 0 6 1 0 
35 28 0 0 0 0 0 2 0 0 0 0 0 0 0 1 1 1 0 0 0 0 0 16 2 0 0 3 1 0 
45 37 0 0 0 0 0 4 0 0 0 0 0 0 0 1 0 1 0 0 0 0 0 20 1 0 13 6 1 0 
28 22 0 0 0 0 0 3 0 0 0 0 0 0 0 1 1 1 0 0 0 0 0 20 0 0 0 6 1 0 
38 30 0 0 0 0 0 3 0 0 0 0 0 0 0 1 1 1 0 0 1 0 0 20 2 0 0 6 1 0 
