http://correios.com.br/sobre-correios/acesso-a-informacao/copy_of_resultados-de-inspecoes-e-auditorias
benign
10 9
1 3
1 2
1 9
1 8
1 4
1 0
1 7
1 6
1 5
47 38 0 0 0 2 0 3 0 0 0 0 0 0 0 1 1 1 0 0 0 0 0 19 1 0 0 6 1 0 
102 85 0 0 0 7 0 2 0 0 0 0 0 0 0 0 0 1 0 0 0 0 0 15 3 0 12 6 1 0 
54 45 0 0 0 0 0 3 0 0 0 0 0 0 0 1 1 1 0 0 0 0 0 19 3 0 0 6 1 0 
27 21 0 0 0 0 0 3 0 0 0 0 0 0 0 1 1 1 0 0 0 0 0 19 0 0 0 6 1 0 
35 28 0 0 0 0 0 3 0 0 0 0 0 0 0 1 1 1 0 0 0 0 0 19 1 0 0 6 1 0 
39 32 0 0 0 0 0 3 0 0 0 0 0 0 0 1 1 1 0 0 0 0 0 19 1 0 0 6 1 0 
34 27 0 0 0 0 0 3 0 0 0 0 0 0 0 1 1 1 0 0 0 0 0 19 1 0 0 6 1 0 
34 28 0 0 0 0 0 3 0 0 0 0 0 0 0 1 1 1 0 0 0 0 0 26 0 0 0 6 1 0 
37 30 0 0 0 0 0 3 0 0 0 0 0 0 0 1 1 1 0 0 0 0 0 19 1 0 0 6 1 0 
35 28 0 0 0 0 0 3 0 0 0 0 0 0 0 1 1 1 0 0 0 0 0 19 1 0 0 6 1 0 
