https://www.dailyedeals.com/free_internet/access.htm
phishing
10 9
7 0
7 3
7 4
7 1
7 2
7 6
7 9
7 5
7 8
28 22 0 0 0 0 0 2 0 0 0 0 0 0 0 1 1 1 0 0 0 0 0 19 1 0 0 3 1 0 
49 41 0 0 0 1 0 2 0 0 0 0 0 0 0 1 1 1 0 0 1 0 0 19 2 0 0 3 1 0 
46 38 0 0 0 1 0 2 0 0 0 0 0 0 0 1 1 1 0 0 0 0 0 19 2 0 0 3 1 0 
39 32 0 0 0 0 0 2 0 0 0 0 0 0 0 1 1 1 0 0 0 0 0 19 2 0 0 3 1 0 
34 27 0 0 0 0 0 2 0 0 0 0 0 0 0 1 1 1 0 0 0 0 0 19 2 0 0 3 1 0 
42 35 0 0 0 0 0 2 0 0 0 0 0 0 0 1 1 1 0 0 0 0 0 19 2 0 0 3 1 0 
46 39 0 0 0 0 0 2 0 0 0 0 0 0 0 1 1 1 0 0 0 0 0 19 2 0 0 3 1 0 
52 43 0 0 0 0 0 3 0 0 0 0 0 0 0 1 1 1 0 0 1 0 0 19 2 0 11 3 1 0 
36 29 0 0 0 0 0 2 0 0 0 0 0 0 0 1 1 1 0 0 0 0 0 19 2 0 0 3 1 0 
44 37 0 0 0 0 0 2 0 0 0 0 0 0 0 1 1 1 0 0 0 0 0 19 2 0 0 3 1 0 
