http://dailysnark.com//wp-content/uploads/2012/Trulia/index.htm
phishing
10 9
5 0
5 3
5 8
5 6
5 7
5 1
5 4
5 9
5 2
39 32 0 0 0 0 0 1 0 0 0 0 0 0 0 0 1 1 0 0 0 0 0 14 3 0 0 3 1 0 
45 37 0 0 0 2 0 1 0 0 0 0 0 0 0 0 1 1 0 0 0 0 0 14 2 0 0 3 1 0 
39 32 0 0 0 0 0 1 0 0 0 0 0 0 0 0 1 1 0 0 0 0 0 14 3 0 0 3 1 0 
38 32 0 0 0 0 0 2 0 0 0 0 0 0 0 1 1 1 0 0 0 0 0 16 1 0 0 3 1 0 
38 31 0 0 0 1 0 1 0 0 0 0 0 0 0 0 1 1 0 0 0 0 0 14 2 0 0 3 1 0 
63 47 4 0 0 1 0 2 0 0 0 0 0 0 0 0 0 1 0 0 0 1 0 14 6 0 29 3 1 0 
37 30 0 0 0 1 0 1 0 0 0 0 0 0 0 0 1 1 0 0 1 0 0 14 2 0 0 3 1 0 
30 25 0 0 0 0 0 1 0 0 0 0 0 0 0 0 1 1 0 0 0 0 0 11 1 0 0 3 1 0 
23 18 0 0 0 0 0 1 0 0 0 0 0 0 0 0 1 1 0 0 0 0 0 14 1 0 0 3 1 0 
98 74 8 0 0 7 0 1 0 0 0 0 0 0 0 0 1 1 0 0 0 0 0 14 5 0 0 3 1 0 
