http://faog.org.hk/scanner/3534345.exe
malware
10 9
0 6
6 4
6 7
6 9
6 1
6 8
6 2
6 5
6 3
38 23 7 0 0 0 0 3 0 0 0 0 0 0 0 0 0 1 0 0 0 0 0 11 2 0 1 6 1 0 
31 23 0 0 0 0 0 3 0 0 0 0 0 0 0 1 1 1 0 0 0 0 0 15 2 0 0 6 1 0 
32 24 0 0 0 0 0 3 0 0 0 0 0 0 0 1 1 1 0 0 0 0 0 15 2 0 0 6 1 0 
24 17 0 0 0 0 0 3 0 0 0 0 0 0 0 1 1 1 0 0 0 0 0 15 1 0 0 6 1 0 
37 29 0 0 0 0 0 3 0 0 0 0 0 0 0 1 1 1 0 0 0 0 0 15 2 0 0 6 1 0 
50 40 0 0 0 1 0 3 0 0 0 0 0 0 0 1 1 1 0 0 0 0 0 15 3 0 0 6 1 0 
23 17 0 0 0 0 0 3 0 0 0 0 0 0 0 1 1 1 0 0 0 0 0 15 0 0 11 6 1 0 
41 32 0 0 0 1 0 3 0 0 0 0 0 0 0 1 1 1 0 0 0 0 0 15 2 0 0 6 1 0 
31 23 0 0 0 0 0 3 0 0 0 0 0 0 0 1 1 1 0 0 0 0 0 15 2 0 0 6 1 0 
31 23 0 0 0 0 0 3 0 0 0 0 0 0 0 1 1 1 0 0 0 0 0 15 2 0 0 6 1 0 
