http://www.fredhopper.com/sejeal.jpg
defacement
10 9
0 1
0 2
0 6
0 4
0 9
0 5
0 8
0 7
0 3
36 29 0 0 0 0 0 3 0 0 0 0 0 0 0 1 0 1 0 0 0 0 0 18 1 0 10 3 1 0 
27 20 0 0 0 0 0 2 0 0 0 0 0 0 0 1 1 1 0 0 0 0 1 15 2 0 0 3 1 0 
65 56 0 0 0 1 0 2 0 0 0 0 0 0 0 1 0 1 0 0 0 0 0 18 3 0 0 3 1 0 
68 58 0 0 0 2 0 2 0 0 0 0 0 0 0 1 0 1 0 0 0 0 0 18 3 0 0 3 1 0 
27 20 0 0 0 0 0 2 0 0 0 0 0 0 0 1 1 1 0 0 0 0 1 15 2 0 0 3 1 0 
62 53 0 0 0 1 0 2 0 0 0 0 0 0 0 1 0 1 0 0 0 0 0 18 3 0 0 3 1 0 
47 38 0 0 0 1 0 2 0 0 0 0 0 0 0 1 0 1 0 0 0 0 0 18 3 0 0 3 1 0 
28 22 0 0 0 0 0 2 0 0 0 0 0 0 0 0 1 1 0 0 0 0 1 19 1 0 0 3 1 0 
49 40 0 0 0 1 0 2 0 0 0 0 0 0 0 1 0 1 0 0 0 0 0 18 3 0 0 3 1 0 
23 18 0 0 0 0 0 2 0 0 0 0 0 0 0 1 1 1 0 0 0 0 1 15 0 0 0 3 1 0 
