http://117.206.159.20/jscoe/pluginfile.php/90278/mod_folder/content/0/NPTEL%20PDF.exe
malware
10 9
5 3
7 5
7 8
7 9
7 0
7 2
8 6
8 1
8 4
62 39 11 0 0 0 0 4 0 0 0 0 0 0 0 0 0 1 1 0 0 0 0 14 5 0 0 0 1 0 
19 14 0 0 0 0 0 1 0 0 0 0 0 0 0 0 1 1 0 0 0 0 0 10 1 0 0 3 1 0 
34 28 0 0 0 0 0 2 0 0 0 0 0 0 0 0 1 1 0 0 0 0 0 19 1 0 0 3 1 0 
44 23 11 0 0 0 0 4 0 0 0 0 0 0 0 0 0 1 1 0 0 0 0 14 3 0 0 0 1 0 
23 18 0 0 0 0 0 2 0 0 0 0 0 0 0 0 1 1 0 0 0 0 0 15 0 0 0 3 1 0 
45 24 11 0 0 0 0 4 0 0 0 0 0 0 0 0 0 1 1 0 0 0 0 14 3 0 10 0 1 0 
25 20 0 0 0 0 0 1 0 0 0 0 0 0 0 0 1 1 0 0 0 0 0 10 1 0 0 3 1 0 
85 49 19 0 0 0 0 5 0 1 0 0 0 0 0 0 0 1 1 0 0 0 0 14 7 0 6 0 1 0 
55 43 2 0 0 0 0 2 0 0 0 0 0 0 0 0 1 1 0 0 0 0 0 15 5 0 4 3 1 0 
28 9 11 0 0 0 0 3 0 0 0 0 0 0 0 0 0 1 1 0 0 0 0 14 2 0 13 0 1 0 
