https://www.communitywiki.org/cw?WikiSpam
phishing
10 9
6 5
6 8
6 3
6 7
6 2
6 0
6 1
6 4
6 9
44 38 0 0 0 0 0 1 0 0 0 0 0 0 0 0 1 1 0 0 0 0 0 17 2 0 0 3 1 0 
35 29 0 0 0 0 0 1 0 0 0 0 0 0 0 0 1 1 0 0 0 0 0 17 2 0 0 3 1 0 
19 12 1 0 0 0 0 2 0 0 0 0 0 0 0 0 0 1 0 0 0 0 0 11 1 0 0 3 1 0 
47 40 0 0 0 0 0 2 0 0 0 0 0 0 0 0 1 1 0 0 0 0 0 20 2 0 0 3 1 0 
36 30 0 0 0 0 0 1 0 0 0 0 0 0 0 0 1 1 0 0 0 0 0 17 2 0 0 3 1 0 
36 30 0 0 0 0 0 1 0 0 0 0 0 0 0 0 1 1 0 0 0 0 0 17 2 0 0 3 1 0 
41 34 0 0 1 0 0 2 0 0 0 0 0 0 0 1 1 1 0 0 0 0 0 21 1 0 10 3 1 0 
40 34 0 0 0 0 0 1 0 0 0 0 0 0 0 0 1 1 0 0 0 0 0 17 2 0 0 3 1 0 
38 32 0 0 0 0 0 1 0 0 0 0 0 0 0 0 1 1 0 0 0 0 0 17 2 0 0 3 1 0 
30 25 0 0 0 0 0 1 0 0 0 0 0 0 0 0 1 1 0 0 0 0 0 17 1 0 0 3 1 0 
