http://pastehtml.com/view/bq0oduxe2.html
phishing
10 9
1 7
1 4
1 3
1 9
4 2
7 6
9 5
9 0
9 8
34 27 0 0 0 0 0 1 0 0 0 0 0 0 0 0 1 1 0 0 0 0 0 10 3 0 0 3 1 0 
40 31 2 0 0 0 0 2 0 0 0 0 0 0 0 0 0 1 0 0 0 0 0 13 2 0 5 3 1 0 
41 32 2 0 0 0 0 2 0 0 0 0 0 0 0 0 1 1 0 0 0 0 0 13 2 0 0 3 1 0 
26 21 0 0 0 0 0 1 0 0 0 0 0 0 0 0 0 1 0 0 0 0 0 13 1 0 0 3 1 0 
40 31 2 0 0 0 0 2 0 0 0 0 0 0 0 0 0 1 0 0 0 0 0 13 2 0 5 3 1 0 
21 16 0 0 0 0 0 1 0 0 0 0 0 0 0 0 0 1 0 0 0 0 0 13 1 0 0 3 1 0 
34 28 0 0 0 0 0 1 0 0 0 0 0 0 0 0 0 1 0 0 0 0 0 13 2 0 0 3 1 0 
25 20 0 0 0 0 0 1 0 0 0 0 0 0 0 0 0 1 0 0 0 0 0 13 1 0 3 3 1 0 
26 20 0 0 0 0 0 1 0 0 0 0 0 0 0 0 1 1 0 0 0 0 0 10 2 0 0 3 1 0 
37 31 0 0 0 0 0 2 0 0 0 0 0 0 0 0 0 1 0 0 0 0 0 29 1 0 3 3 1 0 
