https://spreadsheets.google.com/spreadsheet/viewform?formkey=dF9IbUh2RjMxNEtuNmxVNHhxVlQ5eEE6MQ
phishing
10 9
1 3
1 4
1 6
3 7
4 9
4 8
4 2
4 0
6 5
52 45 0 0 0 0 0 2 0 0 0 0 0 0 0 0 1 1 0 0 0 0 0 23 2 0 0 3 1 0 
95 82 4 0 1 0 1 2 0 0 0 0 0 0 0 0 1 1 0 0 0 0 0 23 2 0 3 3 1 0 
40 34 0 0 0 0 0 2 0 0 0 0 0 0 0 0 1 1 0 0 1 0 0 19 1 0 1 3 1 0 
51 39 0 0 0 2 0 3 0 0 0 0 0 0 0 1 0 1 0 0 0 0 0 14 4 0 1 3 1 0 
46 37 0 0 0 0 0 3 0 0 0 0 0 0 0 0 1 1 0 0 0 0 0 18 3 0 5 3 1 0 
35 29 0 0 0 0 0 2 0 0 0 0 0 0 0 0 1 1 0 0 1 0 0 18 1 0 12 3 1 0 
32 26 0 0 0 0 0 2 0 0 0 0 0 0 0 0 1 1 0 0 0 0 0 23 1 0 1 3 1 0 
28 22 0 0 0 0 0 2 0 0 0 0 0 0 0 0 1 1 0 0 0 0 0 19 1 0 0 3 1 0 
45 36 0 0 0 0 0 2 0 0 0 0 0 0 0 1 1 1 0 0 0 0 0 14 4 0 0 3 1 0 
37 31 0 0 0 0 0 2 0 0 0 0 0 0 0 0 1 1 0 0 0 0 0 23 1 0 0 3 1 0 
