https://www.mitsi.com/security/
phishing
10 9
7 8
7 4
7 0
7 6
7 2
7 9
7 3
7 1
7 5
32 25 0 0 0 1 0 1 0 0 0 0 0 0 0 0 1 1 0 0 0 0 0 9 2 0 0 3 1 0 
50 41 0 0 0 2 0 1 0 0 0 0 0 0 0 0 1 1 0 0 0 0 0 9 3 0 0 3 1 0 
52 41 0 0 0 4 0 1 0 0 0 0 0 0 0 0 1 1 0 0 0 0 0 9 3 0 0 3 1 0 
43 34 1 0 0 2 0 1 0 0 0 0 0 0 0 0 1 1 0 0 1 0 0 9 2 0 0 3 1 0 
35 28 0 0 0 1 0 1 0 0 0 0 0 0 0 0 1 1 0 0 0 0 0 9 2 0 0 3 1 0 
35 28 0 0 0 1 0 1 0 0 0 0 0 0 0 0 1 1 0 0 0 0 0 9 2 0 0 3 1 0 
31 24 0 0 0 1 0 1 0 0 0 0 0 0 0 0 1 1 0 0 0 0 0 9 2 0 0 3 1 0 
31 24 0 0 0 0 0 2 0 0 0 0 0 0 0 1 1 1 0 0 0 0 0 13 2 0 12 3 1 0 
18 13 0 0 0 0 0 1 0 0 0 0 0 0 0 0 1 1 0 0 0 0 0 9 1 0 0 3 1 0 
68 57 0 0 0 4 0 1 0 0 0 0 0 0 0 0 1 1 0 0 0 0 0 9 3 0 0 3 1 0 
