http://9779.info/%E5%B9%BC%E5%84%BF%E5%9B%AD%E7%B2%98%E8%B4%B4%E7%94%BB%E8%AF%B4%E8%AF%BE%E7%A8%BF/
malware
10 9
5 1
5 3
5 0
5 7
5 6
5 8
5 2
5 9
5 4
21 11 4 0 0 0 0 2 0 0 0 0 0 0 0 1 0 1 0 0 0 0 0 13 1 0 9 4 1 0 
23 13 4 0 0 0 0 1 0 0 0 0 0 0 0 0 0 1 0 0 0 0 0 9 2 0 0 4 1 0 
22 12 4 0 0 0 0 1 0 0 0 0 0 0 0 0 0 1 0 0 0 0 0 9 2 0 0 4 1 0 
21 11 4 0 0 0 0 1 0 0 0 0 0 0 0 0 0 1 0 0 0 0 0 9 2 0 0 4 1 0 
21 11 4 0 0 0 0 1 0 0 0 0 0 0 0 0 0 1 0 0 0 0 0 9 2 0 0 4 1 0 
99 40 26 0 0 0 0 1 0 27 0 0 0 0 0 0 0 1 0 0 0 0 0 9 2 0 1 4 1 0 
21 11 4 0 0 0 0 1 0 0 0 0 0 0 0 0 0 1 0 0 0 0 0 9 2 0 0 4 1 0 
21 11 4 0 0 0 0 1 0 0 0 0 0 0 0 0 0 1 0 0 0 0 0 9 2 0 0 4 1 0 
22 12 4 0 0 0 0 1 0 0 0 0 0 0 0 0 0 1 0 0 0 0 0 9 2 0 0 4 1 0 
23 13 4 0 0 0 0 1 0 0 0 0 0 0 0 0 0 1 0 0 0 0 0 9 2 0 0 4 1 0 
