https://lists.sourceforge.net/mailman/listinfo/usbvisor-unix
phishing
10 9
1 0
1 5
1 9
1 2
1 6
1 4
1 3
1 7
1 8
58 46 2 0 0 0 0 1 0 1 0 0 0 0 0 0 1 1 0 0 0 0 0 15 5 0 0 3 1 0 
60 51 0 0 0 1 0 2 0 0 0 0 0 0 0 0 1 1 0 0 0 0 0 21 3 0 10 3 1 0 
39 32 0 0 0 0 0 2 0 0 0 0 0 0 0 0 1 1 0 0 0 0 0 21 2 0 0 3 1 0 
35 29 0 0 0 0 0 2 0 0 0 0 0 0 0 0 1 1 0 0 0 0 0 21 1 0 0 3 1 0 
40 33 0 0 0 0 0 2 0 0 0 0 0 0 0 0 1 1 0 0 0 0 0 21 2 0 0 3 1 0 
35 28 0 0 0 0 0 2 0 0 0 0 0 0 0 0 1 1 0 0 0 0 0 21 2 0 0 3 1 0 
39 32 0 0 0 0 0 2 0 0 0 0 0 0 0 0 1 1 0 0 0 0 0 21 2 0 0 3 1 0 
36 30 0 0 0 0 0 2 0 0 0 0 0 0 0 0 1 1 0 0 0 0 0 21 1 0 0 3 1 0 
37 31 0 0 0 0 0 2 0 0 0 0 0 0 0 0 1 1 0 0 0 0 0 21 1 0 0 3 1 0 
29 23 0 0 0 0 0 1 0 0 0 0 0 0 0 0 1 1 0 0 0 0 0 15 2 0 0 3 1 0 
