http://kreuzleger.net/de/produkte/palettierer/pl-86.html
defacement
10 9
0 9
0 8
0 4
0 3
0 5
0 2
0 7
1 6
1 0
32 25 0 0 0 1 0 2 0 0 0 0 0 0 0 1 0 1 0 0 0 0 0 24 1 0 7 2 1 0 
56 44 2 0 0 1 0 2 0 0 0 0 0 0 0 0 0 1 0 0 0 0 0 14 4 0 2 3 1 0 
25 19 0 0 0 0 0 1 0 0 0 0 0 0 0 0 0 1 0 0 0 0 0 14 2 0 0 3 1 0 
25 19 0 0 0 0 0 1 0 0 0 0 0 0 0 0 0 1 0 0 0 0 0 14 2 0 0 3 1 0 
25 19 0 0 0 0 0 1 0 0 0 0 0 0 0 0 0 1 0 0 0 0 0 14 2 0 0 3 1 0 
25 19 0 0 0 0 0 1 0 0 0 0 0 0 0 0 0 1 0 0 0 0 0 14 2 0 0 3 1 0 
31 25 0 0 0 1 0 2 0 0 0 0 0 0 0 1 0 1 0 0 0 0 0 24 0 0 0 2 1 0 
25 19 0 0 0 0 0 1 0 0 0 0 0 0 0 0 0 1 0 0 0 0 0 14 2 0 0 3 1 0 
25 19 0 0 0 0 0 1 0 0 0 0 0 0 0 0 0 1 0 0 0 0 0 14 2 0 0 3 1 0 
22 17 0 0 0 0 0 1 0 0 0 0 0 0 0 0 0 1 0 0 0 0 0 14 1 0 0 3 1 0 
