http://betasusturkeygiris.blogspot.com
phishing
10 9
2 9
2 7
2 3
2 0
2 8
4 2
4 1
4 6
4 5
48 41 0 0 0 0 0 2 0 0 0 0 0 0 0 0 0 1 0 0 1 0 1 31 2 0 0 12 1 0 
35 22 6 0 0 0 0 2 0 0 0 0 0 0 0 1 0 1 0 0 0 0 1 14 2 0 0 3 1 0 
23 18 0 0 0 0 0 2 0 0 0 0 0 0 0 1 1 1 0 0 0 0 0 15 0 0 9 3 1 0 
52 45 0 0 0 0 0 2 0 0 0 0 0 0 0 0 0 1 0 0 0 0 1 31 2 0 0 12 1 0 
38 33 0 0 0 0 0 2 0 0 0 0 0 0 0 0 0 1 0 0 0 0 1 31 0 0 7 12 1 0 
39 31 0 0 0 1 0 2 0 0 0 0 0 0 0 1 1 1 0 0 0 0 0 15 2 0 0 3 1 0 
52 25 20 0 0 0 0 2 0 0 0 0 0 0 0 1 1 1 0 0 0 0 0 15 2 0 0 3 1 0 
56 49 0 0 0 0 0 2 0 0 0 0 0 0 0 0 0 1 0 0 0 0 1 31 2 0 0 12 1 0 
46 39 0 0 0 0 0 2 0 0 0 0 0 0 0 0 0 1 0 0 0 0 1 31 2 0 0 12 1 0 
51 44 0 0 0 0 0 2 0 0 0 0 0 0 0 0 0 1 0 0 0 0 1 31 2 0 0 12 1 0 
