https://www.islandnet.com/~canoes
phishing
10 9
6 3
6 9
6 1
6 2
6 0
6 4
6 5
6 7
6 8
35 28 0 0 0 0 0 3 0 0 0 0 0 0 0 1 1 1 0 0 0 0 1 17 1 0 0 3 1 0 
41 34 0 0 0 0 0 3 0 0 0 0 0 0 0 1 1 1 0 0 0 0 1 17 1 0 0 3 1 0 
38 31 0 0 0 0 0 3 0 0 0 0 0 0 0 1 1 1 0 0 0 0 1 17 1 0 0 3 1 0 
38 30 0 0 0 0 0 3 0 0 0 0 0 0 0 1 1 1 0 0 0 0 1 17 1 0 0 3 1 0 
38 31 0 0 0 0 0 3 0 0 0 0 0 0 0 1 1 1 0 0 0 0 1 17 1 0 0 3 1 0 
58 45 4 0 0 0 0 3 0 2 0 0 0 0 0 1 1 1 0 0 0 0 1 17 1 0 0 3 1 0 
33 26 0 0 0 0 0 2 0 0 0 0 0 0 0 1 1 1 0 0 0 0 1 17 1 0 9 3 1 0 
37 30 0 0 0 0 0 3 0 0 0 0 0 0 0 1 1 1 0 0 0 0 1 17 1 0 0 3 1 0 
39 32 0 0 0 0 0 3 0 0 0 0 0 0 0 1 1 1 0 0 0 0 1 17 1 0 0 3 1 0 
42 32 2 0 0 0 0 3 0 1 0 0 0 0 0 1 1 1 0 0 0 0 1 17 1 0 0 3 1 0 
