https://www.angelfire.com/ny5/telengard/
phishing
10 9
6 9
6 1
6 0
9 2
9 8
9 3
9 7
9 4
9 5
47 37 1 0 0 0 0 3 0 0 0 0 0 0 0 1 1 1 0 0 0 0 0 17 3 0 0 3 1 0 
46 36 1 0 0 0 0 3 0 0 0 0 0 0 0 1 1 1 0 0 0 0 0 17 3 0 0 3 1 0 
41 34 0 0 0 0 0 3 0 0 0 0 0 0 0 0 1 1 0 0 0 0 0 22 1 0 0 3 1 0 
43 34 0 0 0 0 0 2 0 0 0 0 0 0 0 2 1 1 0 0 0 0 0 17 4 0 0 3 1 0 
28 23 0 0 0 0 0 1 0 0 0 0 0 0 0 0 0 1 0 0 0 0 0 11 1 0 0 3 1 0 
38 32 0 0 0 0 0 2 0 0 0 0 0 0 0 1 1 1 0 0 0 0 0 16 1 0 0 3 1 0 
40 31 1 0 0 0 0 2 0 0 0 0 0 0 0 1 1 1 0 0 0 0 0 17 3 0 4 3 1 0 
36 29 0 0 0 0 0 2 0 0 0 0 0 0 0 1 1 1 0 0 0 0 0 17 2 0 0 3 1 0 
42 34 0 0 0 0 0 3 0 0 0 0 0 0 0 1 1 1 0 0 1 0 0 23 2 0 0 3 1 0 
32 25 0 0 0 0 0 3 0 0 0 0 0 0 0 1 1 1 0 0 0 0 0 23 1 0 5 3 1 0 
