https://www.cob.ohio-state.edu/~wmuhanna/amis838.html
phishing
10 9
3 5
3 4
3 8
3 9
3 1
3 0
3 2
3 6
3 7
23 16 0 0 0 0 0 2 0 0 0 0 0 0 0 1 0 1 0 0 0 0 0 11 2 0 0 3 1 0 
27 20 0 0 0 0 0 3 0 0 0 0 0 0 0 1 0 1 0 0 0 0 0 11 1 0 0 3 1 0 
31 23 0 0 0 1 0 3 0 0 0 0 0 0 0 1 1 1 0 0 0 0 0 22 1 0 0 3 1 0 
53 39 3 0 0 1 0 4 0 0 0 0 0 0 0 1 1 1 0 0 0 0 0 22 2 0 11 3 1 0 
27 21 0 0 0 0 0 2 0 0 0 0 0 0 0 0 0 1 0 0 0 0 0 19 1 0 0 3 1 0 
26 19 0 0 0 0 0 2 0 0 0 0 0 0 0 1 0 1 0 0 0 0 0 11 2 0 0 3 1 0 
33 26 0 0 0 0 0 3 0 0 0 0 0 0 0 1 0 1 0 0 0 0 0 11 1 0 0 3 1 0 
14 10 0 0 0 0 0 1 0 0 0 0 0 0 0 0 0 1 0 0 0 0 0 7 0 0 0 3 1 0 
22 16 0 0 0 0 0 2 0 0 0 0 0 0 0 0 1 1 0 0 0 0 0 13 1 0 0 3 1 0 
28 22 0 0 0 0 0 2 0 0 0 0 0 0 0 0 1 1 0 0 0 0 0 14 1 0 0 3 1 0 
