https://ksawwa.org/
benign
10 9
0 8
0 3
0 2
0 7
0 5
0 1
0 4
0 9
0 6
19 14 0 0 0 0 0 1 0 0 0 0 0 0 0 0 1 1 0 0 0 0 0 10 1 0 14 3 1 0 
61 50 0 0 0 3 0 2 0 0 0 0 0 0 0 0 1 1 0 0 0 0 0 10 3 0 0 3 1 0 
32 25 0 0 0 0 0 2 0 0 0 0 0 0 0 1 1 1 0 0 0 0 0 16 2 0 0 3 1 0 
79 68 0 0 0 4 0 2 0 0 0 0 0 0 0 1 1 1 0 0 0 0 0 16 2 0 0 3 1 0 
37 30 0 0 0 0 0 2 0 0 0 0 0 0 0 0 1 1 0 0 0 0 0 10 2 0 0 3 1 0 
37 30 0 0 0 0 0 2 0 0 0 0 0 0 0 0 1 1 0 0 0 0 0 10 2 0 0 3 1 0 
47 38 0 0 0 2 0 2 0 0 0 0 0 0 0 0 1 1 0 0 0 0 0 10 2 0 0 3 1 0 
37 30 0 0 0 0 0 2 0 0 0 0 0 0 0 0 1 1 0 0 0 0 0 10 2 0 0 3 1 0 
63 52 0 0 0 3 0 2 0 0 0 0 0 0 0 0 1 1 0 0 0 0 0 10 3 0 0 3 1 0 
47 39 0 0 0 0 0 2 0 0 0 0 0 0 0 0 1 1 0 0 0 0 0 10 3 0 0 3 1 0 
