https://www.nps.gov/history/nr/twhp/wwwlps/lessons/21boott/21boott.htm
phishing
10 9
5 7
5 1
5 9
5 8
5 3
5 4
5 2
5 0
5 6
20 14 0 0 0 0 0 2 0 0 0 0 0 0 0 1 1 1 0 0 0 0 0 11 1 0 0 3 1 0 
64 43 10 0 0 2 0 2 0 0 0 0 0 0 0 0 1 1 0 0 1 0 0 14 4 0 0 3 1 0 
39 31 0 0 0 0 0 3 0 0 0 0 0 0 0 1 1 1 0 0 0 0 0 11 2 0 0 3 1 0 
42 33 0 0 0 0 0 3 0 0 0 0 0 0 0 1 1 1 0 0 0 0 0 11 3 0 0 3 1 0 
42 34 0 0 0 0 0 2 0 0 0 0 0 0 0 0 1 1 0 0 0 0 0 15 3 0 0 3 1 0 
70 53 4 0 0 0 0 3 0 0 0 0 0 0 0 2 1 1 0 0 0 0 0 11 7 0 15 3 1 0 
19 14 0 0 0 0 0 2 0 0 0 0 0 0 0 1 1 1 0 0 0 0 0 11 0 0 0 3 1 0 
39 31 0 0 0 0 0 3 0 0 0 0 0 0 0 1 1 1 0 0 0 0 0 11 2 0 0 3 1 0 
19 14 0 0 0 0 0 2 0 0 0 0 0 0 0 1 1 1 0 0 0 0 0 11 0 0 0 3 1 0 
45 37 0 0 0 0 0 3 0 0 0 0 0 0 0 1 1 1 0 0 0 0 0 11 2 0 0 3 1 0 
