https://list.wikia.com/wiki/List_of_epic_films:1930s
benign
10 9
8 4
8 2
8 0
8 1
8 5
8 3
8 6
8 7
8 9
63 48 0 0 0 0 0 2 0 0 0 0 1 0 0 0 1 1 0 0 0 0 0 14 2 0 0 3 1 0 
44 36 0 0 0 0 0 2 0 0 0 0 0 0 0 0 1 1 0 0 0 0 0 14 2 0 0 3 1 0 
40 32 0 0 0 0 0 2 0 0 0 0 0 0 0 0 1 1 0 0 0 0 0 14 1 0 0 3 1 0 
38 30 0 0 0 0 0 2 0 0 0 0 0 0 0 0 1 1 0 0 0 0 0 15 2 0 0 3 1 0 
37 30 0 0 0 0 0 2 0 0 0 0 0 0 0 0 1 1 0 0 0 0 0 14 2 0 0 3 1 0 
44 36 0 0 0 0 0 2 0 0 0 0 0 0 0 0 1 1 0 0 0 0 0 15 2 0 0 3 1 0 
46 38 0 0 0 0 0 2 0 0 0 0 0 0 0 0 1 1 0 0 0 0 0 15 2 0 0 3 1 0 
45 37 0 0 0 0 0 2 0 0 0 0 0 0 0 0 1 1 0 0 0 0 0 15 2 0 0 3 1 0 
52 37 4 0 0 0 0 2 0 0 0 0 0 0 0 0 1 1 0 0 0 0 0 14 2 0 12 3 1 0 
23 18 0 0 0 0 0 2 0 0 0 0 0 0 0 0 1 1 0 0 0 0 0 15 0 0 0 3 1 0 
