http://www.alws.net/services/remote-backup/product
defacement
10 9
2 1
2 9
2 3
2 6
2 7
2 8
2 4
2 0
2 5
32 26 0 0 0 0 0 2 0 0 0 0 0 0 0 1 0 1 0 0 0 0 0 12 1 0 0 3 1 0 
35 28 0 0 0 0 0 2 0 0 0 0 0 0 0 1 0 1 0 0 0 0 0 12 2 0 0 3 1 0 
50 41 0 0 0 1 0 2 0 0 0 0 0 0 0 1 0 1 0 0 1 0 0 12 3 0 12 3 1 0 
29 23 0 0 0 0 0 2 0 0 0 0 0 0 0 1 0 1 0 0 0 0 0 12 1 0 0 3 1 0 
24 18 0 0 0 0 0 2 0 0 0 0 0 0 0 1 0 1 0 0 0 0 0 12 1 0 0 3 1 0 
32 25 0 0 0 0 0 2 0 0 0 0 0 0 0 1 0 1 0 0 0 0 0 12 2 0 0 3 1 0 
34 28 0 0 0 0 0 2 0 0 0 0 0 0 0 0 0 1 0 0 0 0 0 26 1 0 0 2 1 0 
27 21 0 0 0 0 0 2 0 0 0 0 0 0 0 1 0 1 0 0 0 0 0 12 1 0 0 3 1 0 
23 18 0 0 0 0 0 2 0 0 0 0 0 0 0 1 0 1 0 0 0 0 0 16 0 0 0 3 1 0 
27 21 0 0 0 0 0 2 0 0 0 0 0 0 0 1 0 1 0 0 0 0 0 12 1 0 0 3 1 0 
