http://www.ekwdesign.de/referenzen/printdesign/54-printdesign-em-log-gruppe-imageprospekt.html
defacement
10 9
5 1
5 3
5 7
5 9
5 0
5 6
5 2
5 8
5 4
24 18 0 0 0 0 0 2 0 0 0 0 0 0 0 1 0 1 0 0 0 0 0 16 1 0 0 2 1 0 
54 45 0 0 0 1 0 3 0 0 0 0 0 0 0 1 0 1 0 0 0 0 0 16 2 0 0 2 1 0 
39 32 0 0 0 0 0 3 0 0 0 0 0 0 0 1 0 1 0 0 0 0 0 16 1 0 0 2 1 0 
56 47 0 0 0 1 0 3 0 0 0 0 0 0 0 1 0 1 0 0 0 0 0 16 2 0 0 2 1 0 
24 18 0 0 0 0 0 2 0 0 0 0 0 0 0 1 0 1 0 0 0 0 0 16 1 0 0 2 1 0 
94 78 2 0 0 5 0 3 0 0 0 0 0 0 0 1 0 1 0 0 0 0 0 16 3 0 10 2 1 0 
51 43 0 0 0 0 0 3 0 0 0 0 0 0 0 1 0 1 0 0 0 0 0 16 2 0 0 2 1 0 
52 44 0 0 0 0 0 3 0 0 0 0 0 0 0 1 0 1 0 0 0 0 0 16 2 0 0 2 1 0 
25 19 0 0 0 0 0 2 0 0 0 0 0 0 0 1 1 1 0 0 0 0 0 16 1 0 0 2 1 0 
49 41 0 0 0 0 0 3 0 0 0 0 0 0 0 1 0 1 0 0 0 0 0 16 2 0 0 2 1 0 
