https://www.nejad.com/consumer/glossary/index.html
phishing
10 9
0 2
0 1
9 7
9 6
9 5
9 0
9 8
9 3
9 4
20 14 0 0 0 0 0 2 0 0 0 0 0 0 0 1 0 1 0 0 0 0 0 12 1 0 2 3 1 0 
32 23 1 0 0 2 0 1 0 0 0 0 0 0 0 0 1 1 0 0 0 0 0 8 2 0 0 3 1 0 
23 17 0 0 0 0 0 1 0 0 0 0 0 0 0 0 1 1 0 0 1 0 0 8 2 0 0 3 1 0 
52 40 3 0 0 0 0 3 0 0 0 0 0 0 0 1 1 1 0 0 0 0 0 13 3 0 0 3 1 0 
52 40 3 0 0 0 0 3 0 0 0 0 0 0 0 1 1 1 0 0 0 0 0 13 3 0 0 3 1 0 
53 41 3 0 0 0 0 3 0 0 0 0 0 0 0 1 1 1 0 0 0 0 0 13 3 0 0 3 1 0 
52 39 4 0 0 0 0 3 0 0 0 0 0 0 0 1 1 1 0 0 0 0 0 13 3 0 0 3 1 0 
52 40 3 0 0 0 0 3 0 0 0 0 0 0 0 1 1 1 0 0 0 0 0 13 3 0 0 3 1 0 
52 40 3 0 0 0 0 3 0 0 0 0 0 0 0 1 1 1 0 0 0 0 0 13 3 0 0 3 1 0 
50 41 0 0 0 0 0 3 0 0 0 0 0 0 0 1 1 1 0 0 0 0 0 13 3 0 7 3 1 0 
