https://20poundsofheadlines.wordpress.com/2011/05/03/sly-james-takes-cleavers-communication-director-fills-out-staff/
benign
10 9
2 9
2 0
2 4
2 3
2 6
2 8
2 1
2 7
2 5
60 50 2 0 0 0 0 2 0 0 0 0 0 0 0 0 1 1 0 0 0 0 0 33 3 0 0 3 1 0 
48 39 2 0 0 0 0 2 0 0 0 0 0 0 0 0 1 1 0 0 0 0 0 33 2 0 0 3 1 0 
117 89 10 0 0 8 0 2 0 0 0 0 0 0 0 0 1 1 0 0 0 0 0 33 5 0 11 3 1 0 
71 59 2 0 0 2 0 2 0 0 0 0 0 0 0 0 1 1 0 0 0 0 0 33 3 0 0 3 1 0 
63 52 2 0 0 1 0 2 0 0 0 0 0 0 0 0 1 1 0 0 0 0 0 33 3 0 0 3 1 0 
47 38 2 0 0 0 0 2 0 0 0 0 0 0 0 0 1 1 0 0 0 0 0 33 2 0 0 3 1 0 
67 56 2 0 0 1 0 2 0 0 0 0 0 0 0 0 1 1 0 0 0 0 0 33 3 0 0 3 1 0 
42 34 2 0 0 0 0 2 0 0 0 0 0 0 0 0 1 1 0 0 0 0 0 33 1 0 0 3 1 0 
59 48 2 0 0 1 0 2 0 0 0 0 0 0 0 0 1 1 0 0 0 0 0 33 3 0 0 3 1 0 
66 54 2 0 0 2 0 2 0 0 0 0 0 0 0 0 1 1 0 0 0 0 0 33 3 0 0 3 1 0 
