https://npr.org/2011/10/02/140927696/first-listen-david-murray-cuban-ensemble-plays-nat-king-cole-en-espa-ol
benign
10 9
1 4
1 6
1 2
1 9
1 7
1 8
1 3
1 0
1 5
31 24 0 0 0 0 0 1 0 0 0 0 0 0 0 0 1 1 0 0 0 0 0 7 3 0 0 3 1 0 
108 70 17 0 0 12 0 1 0 0 0 0 0 0 0 0 1 1 0 0 0 0 0 7 5 0 11 3 1 0 
34 27 0 0 0 0 0 1 0 0 0 0 0 0 0 0 1 1 0 0 0 0 0 7 3 0 0 3 1 0 
32 25 0 0 0 0 0 1 0 0 0 0 0 0 0 0 1 1 0 0 0 0 0 7 3 0 0 3 1 0 
30 23 0 0 0 0 0 1 0 0 0 0 0 0 0 0 1 1 0 0 0 0 0 7 3 0 0 3 1 0 
19 15 0 0 0 0 0 1 0 0 0 0 0 0 0 0 1 1 0 0 0 0 0 11 0 0 0 3 1 0 
34 27 0 0 0 0 0 1 0 0 0 0 0 0 0 0 1 1 0 0 0 0 0 7 3 0 0 3 1 0 
38 30 0 0 0 0 0 2 0 0 0 0 0 0 0 0 1 1 0 0 0 0 0 12 3 0 0 3 1 0 
16 11 0 0 0 0 0 1 0 0 0 0 0 0 0 0 1 1 0 0 0 0 0 7 1 0 0 3 1 0 
34 27 0 0 0 0 0 1 0 0 0 0 0 0 0 0 1 1 0 0 0 0 0 7 3 0 0 3 1 0 
