https://kentucky.hometownlocator.com/ky/warren/alvaton.cfm
benign
10 9
2 4
2 8
2 3
2 6
2 7
2 0
2 5
2 9
2 1
46 39 0 0 0 0 0 2 0 0 0 0 0 0 0 0 1 1 0 0 0 0 0 28 2 0 0 3 1 0 
37 31 0 0 0 0 0 2 0 0 0 0 0 0 0 0 1 1 0 0 0 0 0 28 1 0 0 3 1 0 
58 49 0 0 0 0 0 3 0 0 0 0 0 0 0 0 1 1 0 0 0 0 0 28 3 0 14 3 1 0 
44 37 0 0 0 0 0 2 0 0 0 0 0 0 0 0 1 1 0 0 0 0 0 28 2 0 0 3 1 0 
31 26 0 0 0 0 0 2 0 0 0 0 0 0 0 1 1 1 0 0 0 0 0 23 0 0 0 3 1 0 
47 39 0 0 0 1 0 2 0 0 0 0 0 0 0 0 1 1 0 0 0 0 0 28 2 0 0 3 1 0 
83 65 5 0 0 1 0 3 0 0 0 0 0 0 4 0 1 1 0 0 0 0 0 28 2 0 0 3 1 0 
46 39 0 0 0 0 0 2 0 0 0 0 0 0 0 0 1 1 0 0 0 0 0 28 2 0 0 3 1 0 
75 60 3 0 0 0 0 3 0 0 0 0 0 0 4 0 1 1 0 0 0 0 0 28 2 0 0 3 1 0 
47 39 0 0 0 0 0 2 0 0 0 0 0 0 0 0 1 1 0 0 0 0 0 28 3 0 0 3 1 0 
