http://detafa.com/cps/nass_original.exe
malware
10 9
1 8
1 9
1 7
1 2
1 6
1 3
1 0
1 5
1 4
44 36 0 0 0 1 0 3 0 0 0 0 0 0 0 1 1 1 0 0 0 0 0 19 1 0 0 3 0 0 
39 31 0 0 0 0 0 2 0 0 0 0 0 0 0 0 0 1 0 0 0 0 0 10 2 0 12 3 1 0 
50 41 0 0 0 2 0 3 0 0 0 0 0 0 0 1 1 1 0 0 0 0 0 19 1 0 0 3 0 0 
37 30 0 0 0 0 0 3 0 0 0 0 0 0 0 1 1 1 0 0 0 0 0 19 1 0 0 3 0 0 
35 28 0 0 0 0 0 3 0 0 0 0 0 0 0 1 1 1 0 0 0 0 0 19 1 0 0 3 0 0 
50 41 0 0 0 2 0 3 0 0 0 0 0 0 0 1 1 1 0 0 1 0 0 19 1 0 0 3 0 0 
45 37 0 0 0 0 0 3 0 0 0 0 0 0 0 1 1 1 0 0 0 0 0 19 1 0 0 3 0 0 
37 30 0 0 0 0 0 3 0 0 0 0 0 0 0 1 1 1 0 0 0 0 0 19 1 0 0 3 0 0 
20 3 11 0 0 3 0 0 0 0 0 0 0 0 0 0 0 0 0 0 0 0 0 14 0 0 0 0 1 0 
39 32 0 0 0 0 0 3 0 0 0 0 0 0 0 1 1 1 0 0 0 0 0 19 1 0 0 3 0 0 
