https://www.podiatristlansdale.com/okl/newbackomo_encrypted_7B775D0.bin
malware
10 9
9 3
9 1
9 5
9 4
9 8
9 7
9 6
9 2
9 0
20 3 10 0 0 1 0 0 0 0 0 0 0 0 0 0 0 0 0 0 0 0 0 14 0 0 0 0 0 0 
46 38 0 0 0 1 0 2 0 0 0 0 0 0 0 1 1 1 0 0 0 0 0 26 2 0 0 3 1 0 
66 40 15 0 0 4 0 2 0 0 0 0 0 0 0 1 1 1 0 0 0 0 0 16 2 0 0 3 1 0 
35 29 0 0 0 0 0 2 0 0 0 0 0 0 0 1 1 1 0 0 0 0 0 26 1 0 0 3 1 0 
34 29 0 0 0 0 0 2 0 0 0 0 0 0 0 1 1 1 0 0 0 0 0 26 0 0 0 3 1 0 
29 23 0 0 0 0 0 2 0 0 0 0 0 0 0 1 1 1 0 0 0 0 0 14 1 0 9 3 1 0 
54 45 0 0 0 1 0 2 0 0 0 0 0 0 0 1 1 1 0 0 1 0 0 26 3 0 0 3 1 0 
57 49 0 0 0 0 0 2 0 0 0 0 0 0 0 1 1 1 0 0 1 0 0 26 3 0 0 3 1 0 
33 27 0 0 0 0 0 1 0 0 0 0 0 0 0 0 1 1 0 0 0 0 0 11 1 0 0 3 1 0 
71 56 5 0 0 0 0 3 0 0 0 0 0 0 0 1 1 1 0 0 0 0 0 26 2 0 10 3 1 0 
