http://www.galeon.com/habbomaravilloso/register.html
phishing
10 9
2 7
2 5
2 3
2 4
2 6
2 1
2 0
2 8
2 9
27 21 0 0 0 0 0 1 0 0 0 0 0 0 0 0 1 1 0 0 0 0 0 10 2 0 0 3 1 0 
48 39 0 0 0 3 0 1 0 0 0 0 0 0 0 0 1 1 0 0 0 0 0 10 2 0 0 3 1 0 
52 44 0 0 0 0 0 3 0 0 0 0 0 0 0 1 0 1 0 0 0 0 0 14 2 0 11 3 1 0 
30 24 0 0 0 0 0 1 0 0 0 0 0 0 0 0 1 1 0 0 0 0 0 10 2 0 0 3 1 0 
29 23 0 0 0 0 0 1 0 0 0 0 0 0 0 0 1 1 0 0 0 0 0 10 2 0 0 3 1 0 
40 32 0 0 0 2 0 1 0 0 0 0 0 0 0 0 1 1 0 0 0 0 0 10 2 0 0 3 1 0 
18 14 0 0 0 0 0 1 0 0 0 0 0 0 0 0 1 1 0 0 0 0 0 10 0 0 0 3 1 0 
49 37 2 0 0 4 0 1 0 0 0 0 0 0 0 0 1 1 0 0 0 0 0 10 2 0 0 3 1 0 
29 23 0 0 0 0 0 1 0 0 0 0 0 0 0 0 1 1 0 0 0 0 0 10 2 0 0 3 1 0 
49 37 2 0 0 4 0 1 0 0 0 0 0 0 0 0 1 1 0 0 0 0 0 10 2 0 0 3 1 0 
