http://www.estetango.com/eventi-ferrara/details/46-festa-del-circolo-lirico-di-bologna.html
defacement
10 9
0 3
0 6
0 1
0 9
0 8
0 5
0 4
0 7
0 2
91 73 2 0 0 7 0 3 0 0 0 0 0 0 0 1 0 1 0 0 0 0 0 17 3 0 11 3 1 0 
103 83 2 0 0 8 0 3 0 0 0 0 0 0 0 0 1 1 0 0 0 0 0 18 4 0 0 3 1 0 
29 22 0 0 0 0 0 2 0 0 0 0 0 0 0 1 0 1 0 0 0 0 0 17 2 0 0 3 1 0 
103 83 2 0 0 8 0 3 0 0 0 0 0 0 0 0 1 1 0 0 0 0 0 18 4 0 0 3 1 0 
30 23 0 0 0 0 0 3 0 0 0 0 0 0 0 1 0 1 0 0 0 0 0 17 1 0 0 3 1 0 
25 19 0 0 0 0 0 2 0 0 0 0 0 0 0 1 1 1 0 0 0 0 0 16 1 0 0 3 1 0 
25 19 0 0 0 0 0 2 0 0 0 0 0 0 0 1 0 1 0 0 0 0 0 17 1 0 0 3 1 0 
103 83 2 0 0 8 0 3 0 0 0 0 0 0 0 0 1 1 0 0 0 0 0 18 4 0 0 3 1 0 
30 23 0 0 0 0 0 2 0 0 0 0 0 0 0 1 0 1 0 0 0 0 0 17 2 0 0 3 1 0 
41 34 0 0 0 0 0 2 0 0 0 0 0 0 0 1 1 1 0 0 0 0 0 16 2 0 0 3 1 0 
