https://www.stepbystepshillong.com/panel/bot.exe
malware
10 9
0 7
5 9
5 2
5 3
6 5
6 8
6 4
6 1
7 6
48 40 0 0 0 0 0 3 0 0 0 0 0 0 0 1 1 1 0 0 0 0 0 26 2 0 2 3 1 0 
35 29 0 0 0 0 0 2 0 0 0 0 0 0 0 0 1 1 0 0 0 0 0 19 1 0 6 3 1 0 
40 34 0 0 0 0 0 2 0 0 0 0 0 0 0 0 1 1 0 0 1 0 0 19 1 0 1 3 1 0 
35 29 0 0 0 0 0 2 0 0 0 0 0 0 0 1 1 1 0 0 0 0 0 26 1 0 0 3 1 0 
35 27 0 0 0 0 0 2 0 0 0 0 0 0 0 1 1 1 0 0 0 0 0 14 3 0 0 3 1 0 
33 27 0 0 0 0 0 2 0 0 0 0 0 0 0 0 1 1 0 0 0 0 0 19 1 0 3 3 1 0 
81 57 14 0 0 1 0 2 0 0 0 0 0 0 0 0 1 1 0 0 0 0 0 15 4 0 4 3 1 0 
39 33 0 0 0 0 0 2 0 0 0 0 0 0 0 1 1 1 0 0 0 0 0 26 1 0 5 3 1 0 
52 45 0 0 0 0 0 2 0 0 0 0 0 0 0 1 1 1 0 0 0 0 0 26 2 0 2 3 1 0 
45 36 0 0 0 0 0 2 0 0 0 0 0 0 0 1 1 1 0 0 0 0 0 14 4 0 0 3 1 0 
