https://facebook.com/notes/atmosphere-casting-of-chicago/extras-for-shameless/182812888418177
benign
10 9
0 2
0 9
0 5
0 1
0 3
0 6
0 8
0 7
0 4
93 65 15 0 0 5 0 1 0 0 0 0 0 0 0 0 1 1 0 0 0 0 0 12 4 0 10 3 1 0 
42 34 0 0 0 0 0 2 0 0 0 0 0 0 0 1 1 1 0 0 0 0 0 16 3 0 0 3 1 0 
33 25 0 0 0 1 0 2 0 0 0 0 0 0 0 0 1 1 0 0 1 0 0 18 2 0 0 3 1 0 
33 25 0 0 0 1 0 2 0 0 0 0 0 0 0 0 1 1 0 0 1 0 0 18 2 0 0 3 1 0 
26 20 0 0 0 0 0 2 0 0 0 0 0 0 0 0 1 1 0 0 0 0 0 12 1 0 0 3 1 0 
33 25 0 0 0 1 0 2 0 0 0 0 0 0 0 0 1 1 0 0 1 0 0 18 2 0 0 3 1 0 
33 25 0 0 0 1 0 2 0 0 0 0 0 0 0 0 1 1 0 0 1 0 0 18 2 0 0 3 1 0 
33 25 0 0 0 1 0 2 0 0 0 0 0 0 0 0 1 1 0 0 1 0 0 18 2 0 0 3 1 0 
33 25 0 0 0 1 0 2 0 0 0 0 0 0 0 0 1 1 0 0 1 0 0 18 2 0 0 3 1 0 
33 25 0 0 0 1 0 2 0 0 0 0 0 0 0 0 1 1 0 0 1 0 0 18 2 0 0 3 1 0 
