https://socialarchive.iath.virginia.edu/xtf/search?text=Louis.;browse=
benign
10 9
9 5
9 8
9 0
9 6
9 3
9 2
9 4
9 7
9 1
34 29 0 0 0 0 0 1 0 0 0 0 0 0 0 0 1 1 0 0 0 0 0 19 1 0 0 3 1 0 
50 42 0 0 0 0 0 3 0 0 0 0 0 0 0 0 1 1 0 0 0 0 0 31 2 0 0 3 1 0 
57 50 0 0 0 0 0 1 0 0 0 0 0 0 0 0 1 1 0 0 0 0 0 19 2 0 0 3 1 0 
33 28 0 0 0 0 0 1 0 0 0 0 0 0 0 0 1 1 0 0 1 0 0 19 1 0 0 3 1 0 
35 30 0 0 0 0 0 1 0 0 0 0 0 0 0 0 1 1 0 0 0 0 0 19 1 0 0 3 1 0 
34 29 0 0 0 0 0 1 0 0 0 0 0 0 0 0 1 1 0 0 0 0 0 19 1 0 0 3 1 0 
27 23 0 0 0 0 0 1 0 0 0 0 0 0 0 0 1 1 0 0 0 0 0 19 0 0 0 3 1 0 
36 30 0 0 0 0 0 1 0 0 0 0 0 0 0 0 1 1 0 0 0 0 0 19 1 0 0 3 1 0 
40 34 0 0 0 0 0 2 0 0 0 0 0 0 0 0 1 1 0 0 0 0 0 26 1 0 0 3 1 0 
70 57 0 0 1 0 2 4 0 0 0 0 0 0 0 0 1 1 0 0 0 0 0 31 2 0 9 3 1 0 
