https://poetry45.blogspot.com/2009/12/god-save-flag-poem-by-oliver-wendell.html
benign
10 9
9 7
9 6
9 3
9 4
9 8
9 5
9 1
9 2
9 0
35 27 0 0 0 1 0 3 0 0 0 0 0 0 0 1 1 1 0 0 0 0 0 15 1 0 0 3 1 0 
52 25 20 0 0 0 0 2 0 0 0 0 0 0 0 1 1 1 0 0 0 0 0 15 2 0 0 3 1 0 
92 72 6 0 0 5 0 3 0 0 0 0 0 0 0 0 0 1 0 0 1 0 1 36 3 0 0 12 1 0 
40 32 0 0 0 1 0 3 0 0 0 0 0 0 0 1 1 1 0 0 0 0 0 15 1 0 0 3 1 0 
52 25 20 0 0 0 0 2 0 0 0 0 0 0 0 1 1 1 0 0 0 0 0 15 2 0 0 3 1 0 
52 25 20 0 0 0 0 2 0 0 0 0 0 0 0 1 1 1 0 0 0 0 0 15 2 0 0 3 1 0 
52 25 20 0 0 0 0 2 0 0 0 0 0 0 0 1 1 1 0 0 0 0 0 15 2 0 0 3 1 0 
30 22 2 0 0 0 0 2 0 0 0 0 0 0 0 0 1 1 0 0 0 0 1 21 1 0 0 12 1 0 
52 25 20 0 0 0 0 2 0 0 0 0 0 0 0 1 1 1 0 0 0 0 0 15 2 0 0 3 1 0 
79 56 8 0 0 6 0 3 0 0 0 0 0 0 0 0 1 1 0 0 0 0 1 21 3 0 34 12 1 0 
