http://www.javadoplant.com/es.html
defacement
10 9
4 8
4 5
4 9
4 3
4 6
4 2
4 0
4 7
4 1
31 25 0 0 0 0 0 1 0 0 0 0 0 0 0 0 1 1 0 0 0 0 1 15 2 0 0 3 1 0 
36 30 0 0 0 0 0 1 0 0 0 0 0 0 0 0 1 1 0 0 0 0 1 15 2 0 0 3 1 0 
32 26 0 0 0 0 0 1 0 0 0 0 0 0 0 0 1 1 0 0 0 0 1 15 2 0 0 3 1 0 
36 30 0 0 0 0 0 1 0 0 0 0 0 0 0 0 1 1 0 0 0 0 1 15 2 0 0 3 1 0 
34 27 0 0 0 0 0 3 0 0 0 0 0 0 0 1 0 1 0 0 0 0 1 19 1 0 18 3 1 0 
33 27 0 0 0 0 0 1 0 0 0 0 0 0 0 0 1 1 0 0 0 0 1 15 2 0 0 3 1 0 
23 19 0 0 0 0 0 1 0 0 0 0 0 0 0 0 1 1 0 0 0 0 1 15 0 0 0 3 1 0 
36 28 1 0 0 1 0 1 0 0 0 0 0 0 0 0 1 1 0 0 0 0 1 15 2 0 0 3 1 0 
24 19 0 0 0 0 0 1 0 0 0 0 0 0 0 0 1 1 0 0 0 0 1 15 1 0 0 3 1 0 
38 33 0 0 0 0 0 2 0 0 0 0 0 0 0 0 1 1 0 0 0 0 1 30 0 0 0 3 1 0 
