http://www.khack.be/http:/www.hoevedeploeg.be/index.html
defacement
10 9
5 1
5 9
5 3
5 4
5 8
5 6
5 2
5 0
5 7
33 24 0 0 0 2 0 2 0 0 0 0 0 0 0 1 1 1 0 0 0 0 0 12 2 0 0 2 1 0 
32 24 0 0 0 1 0 2 0 0 0 0 0 0 0 1 1 1 0 0 0 0 0 12 2 0 0 2 1 0 
46 37 0 0 0 1 0 2 0 0 0 0 0 0 0 1 1 1 0 0 0 0 0 12 3 0 0 2 1 0 
33 26 0 0 0 0 0 2 0 0 0 0 0 0 0 1 1 1 0 0 0 0 0 12 2 0 0 2 1 0 
46 37 0 0 0 1 0 2 0 0 0 0 0 0 0 1 1 1 0 0 0 0 0 12 3 0 0 2 1 0 
56 44 0 0 0 0 0 5 0 0 0 0 0 0 0 2 0 2 0 0 0 0 0 12 3 0 14 2 1 0 
48 39 0 0 0 1 0 2 0 0 0 0 0 0 0 1 1 1 0 0 0 0 0 12 3 0 0 2 1 0 
38 30 0 0 0 1 0 2 0 0 0 0 0 0 0 1 1 1 0 0 0 0 0 12 2 0 0 2 1 0 
21 15 0 0 0 0 0 2 0 0 0 0 0 0 0 1 1 1 0 0 0 0 0 12 1 0 0 2 1 0 
28 21 0 0 0 0 0 2 0 0 0 0 0 0 0 1 1 1 0 0 0 0 0 12 2 0 0 2 1 0 
