http://www.versverwerktegroenten.nl/bruine-bonen.html
defacement
10 9
2 8
2 7
2 5
2 4
2 9
2 3
2 6
2 0
2 1
36 30 0 0 0 0 0 2 0 0 0 0 0 0 0 1 0 1 0 0 0 0 0 28 1 0 0 2 1 0 
60 54 0 0 0 0 0 2 0 0 0 0 0 0 0 1 0 1 0 0 0 0 0 28 1 0 0 2 1 0 
53 45 0 0 0 1 0 3 0 0 0 0 0 0 0 1 0 1 0 0 0 0 0 28 1 0 10 2 1 0 
42 36 0 0 0 0 0 2 0 0 0 0 0 0 0 1 0 1 0 0 0 0 0 28 1 0 0 2 1 0 
47 41 0 0 0 0 0 2 0 0 0 0 0 0 0 1 0 1 0 0 0 0 0 28 1 0 0 2 1 0 
55 48 0 0 0 1 0 2 0 0 0 0 0 0 0 1 0 1 0 0 0 0 0 28 1 0 0 2 1 0 
50 41 1 0 0 1 0 2 0 0 0 0 0 0 0 1 0 1 0 0 0 0 0 28 2 0 0 2 1 0 
55 48 0 0 0 0 0 2 0 0 0 0 0 0 0 1 0 1 0 0 0 0 0 28 2 0 0 2 1 0 
42 36 0 0 0 0 0 2 0 0 0 0 0 0 0 1 0 1 0 0 0 0 0 28 1 0 0 2 1 0 
48 42 0 0 0 0 0 2 0 0 0 0 0 0 0 1 0 1 0 0 0 0 0 28 1 0 0 2 1 0 
