https://siteprogrammer.tripod.com/cybiko/
phishing
10 9
0 7
0 6
0 3
0 9
0 5
0 1
8 4
8 2
8 0
49 40 1 0 0 0 0 3 0 0 0 0 0 0 0 0 1 1 0 0 0 0 0 25 2 0 7 3 1 0 
30 24 0 0 0 0 0 2 0 0 0 0 0 0 0 0 0 1 0 0 0 0 0 22 1 0 0 3 1 0 
49 40 1 0 0 0 0 3 0 0 0 0 0 0 0 0 1 1 0 0 0 0 0 25 2 0 0 3 1 0 
21 16 0 0 0 0 0 2 0 0 0 0 0 0 0 1 0 1 0 0 0 0 0 14 0 0 0 3 1 0 
22 17 0 0 0 0 0 2 0 0 0 0 0 0 0 1 0 1 0 0 0 0 0 15 0 0 0 3 1 0 
30 25 0 0 0 0 0 2 0 0 0 0 0 0 0 1 0 1 0 0 0 0 0 23 0 0 0 3 1 0 
25 19 0 0 0 0 0 2 0 0 0 0 0 0 0 1 0 1 0 0 0 0 0 17 1 0 0 3 1 0 
23 18 0 0 0 0 0 2 0 0 0 0 0 0 0 1 0 1 0 0 0 0 0 16 0 0 0 3 1 0 
41 34 0 0 0 0 0 2 0 0 0 0 0 0 0 0 1 1 0 0 0 0 0 25 2 0 3 3 1 0 
51 43 0 0 0 0 0 3 0 0 0 0 0 0 0 0 1 1 0 0 0 0 0 25 2 0 0 3 1 0 
