https://www.modulaware.com/mwbiblio.htm
phishing
10 9
7 8
7 5
7 1
7 0
7 4
7 9
7 3
7 2
7 6
60 40 10 0 0 0 0 2 0 0 0 0 0 0 0 1 0 1 0 0 0 0 0 14 5 0 0 3 1 0 
60 40 10 0 0 0 0 2 0 0 0 0 0 0 0 1 0 1 0 0 0 0 0 14 5 0 0 3 1 0 
60 40 10 0 0 0 0 2 0 0 0 0 0 0 0 1 0 1 0 0 0 0 0 14 5 0 0 3 1 0 
37 30 0 0 0 0 0 3 0 0 0 0 0 0 0 1 1 1 0 0 0 0 0 18 1 0 0 3 1 0 
61 40 11 0 0 0 0 2 0 0 0 0 0 0 0 1 0 1 0 0 0 0 0 13 5 0 0 2 1 0 
61 40 11 0 0 0 0 2 0 0 0 0 0 0 0 1 0 1 0 0 0 0 0 13 5 0 0 2 1 0 
27 21 0 0 0 0 0 2 0 0 0 0 0 0 0 1 1 1 0 0 0 0 0 18 1 0 0 3 1 0 
39 32 0 0 0 0 0 3 0 0 0 0 0 0 0 1 1 1 0 0 0 0 0 18 1 0 20 3 1 0 
60 40 10 0 0 0 0 2 0 0 0 0 0 0 0 1 0 1 0 0 0 0 0 14 5 0 0 3 1 0 
61 40 11 0 0 0 0 2 0 0 0 0 0 0 0 1 0 1 0 0 0 0 0 13 5 0 0 2 1 0 
