https://thehatt.co.uk/medics
phishing
10 9
2 9
2 5
2 1
2 3
2 8
2 0
2 7
2 6
2 4
44 36 0 0 0 2 0 2 0 0 0 0 0 0 0 0 1 1 0 0 0 0 1 13 1 0 0 5 1 0 
30 23 0 0 0 0 0 3 0 0 0 0 0 0 0 1 1 1 0 0 0 0 1 17 1 0 0 5 1 0 
28 22 0 0 0 0 0 2 0 0 0 0 0 0 0 0 1 1 0 0 0 0 1 13 1 0 10 5 1 0 
17 3 11 0 0 0 0 0 0 0 0 0 0 0 0 0 0 0 0 0 0 0 0 11 0 0 0 0 1 0 
22 16 0 0 0 0 0 2 0 0 0 0 0 0 0 0 1 1 0 0 0 0 1 13 1 0 0 5 1 0 
35 28 0 0 0 1 0 2 0 0 0 0 0 0 0 0 1 1 0 0 0 0 1 13 1 0 0 5 1 0 
33 27 0 1 0 0 0 2 0 0 0 0 0 0 0 0 0 0 0 0 0 0 1 24 0 0 0 5 1 0 
53 44 0 0 0 3 0 2 0 0 0 0 0 0 0 0 1 1 0 0 0 0 1 13 1 0 0 5 1 0 
48 39 0 0 0 3 0 2 0 0 0 0 0 0 0 0 1 1 0 0 0 0 1 13 1 0 0 5 1 0 
52 43 0 0 0 3 0 2 0 0 0 0 0 0 0 0 1 1 0 0 0 0 1 13 1 0 0 5 1 0 
