https://nndb.com/people/903/000123534/
benign
10 9
4 6
4 2
4 0
4 1
4 3
4 9
4 5
4 8
4 7
35 15 12 0 0 0 0 1 0 0 0 0 0 0 0 0 1 1 0 0 0 0 0 8 4 0 0 3 1 0 
35 15 12 0 0 0 0 1 0 0 0 0 0 0 0 0 1 1 0 0 0 0 0 8 4 0 0 3 1 0 
35 15 12 0 0 0 0 1 0 0 0 0 0 0 0 0 1 1 0 0 0 0 0 8 4 0 0 3 1 0 
37 17 12 0 0 0 0 1 0 0 0 0 0 0 0 0 1 1 0 0 0 0 0 8 4 0 0 3 1 0 
38 18 12 0 0 0 0 1 0 0 0 0 0 0 0 0 1 1 0 0 0 0 0 8 4 0 17 3 1 0 
35 15 12 0 0 0 0 1 0 0 0 0 0 0 0 0 1 1 0 0 0 0 0 8 4 0 0 3 1 0 
35 15 12 0 0 0 0 1 0 0 0 0 0 0 0 0 1 1 0 0 0 0 0 8 4 0 0 3 1 0 
37 17 12 0 0 0 0 1 0 0 0 0 0 0 0 0 1 1 0 0 0 0 0 8 4 0 0 3 1 0 
35 15 12 0 0 0 0 1 0 0 0 0 0 0 0 0 1 1 0 0 0 0 0 8 4 0 0 3 1 0 
20 14 0 0 0 0 0 2 0 0 0 0 0 0 0 1 0 1 0 0 0 0 0 12 1 0 0 3 1 0 
