http://wandern-in-griechenland.de/fotogalerie/dodekanes/dodekanes-73
defacement
10 9
0 3
3 9
3 5
3 1
3 6
3 4
3 7
3 8
3 2
68 56 2 0 0 3 0 1 0 0 0 0 0 0 0 0 0 1 0 0 0 0 0 26 3 0 1 2 1 0 
43 36 0 0 0 2 0 1 0 0 0 0 0 0 0 0 0 1 0 0 0 0 0 26 1 0 0 2 1 0 
29 23 0 0 0 0 0 2 0 0 0 0 0 0 0 1 1 1 0 0 0 0 0 15 1 0 0 3 1 0 
43 35 0 0 0 2 0 2 0 0 0 0 0 0 0 0 0 1 0 0 0 0 0 26 1 0 20 2 1 0 
44 36 0 0 0 3 0 1 0 0 0 0 0 0 0 0 0 1 0 0 0 0 0 26 1 0 0 2 1 0 
34 27 0 0 0 2 0 1 0 0 0 0 0 0 0 0 0 1 0 0 0 0 0 26 1 0 0 2 1 0 
40 33 0 0 0 2 0 1 0 0 0 0 0 0 0 0 0 1 0 0 0 0 0 26 1 0 0 2 1 0 
45 38 0 0 0 2 0 1 0 0 0 0 0 0 0 0 0 1 0 0 0 0 0 26 1 0 0 2 1 0 
42 35 0 0 0 2 0 1 0 0 0 0 0 0 0 0 0 1 0 0 0 0 0 26 1 0 0 2 1 0 
48 41 0 0 0 2 0 1 0 0 0 0 0 0 0 0 0 1 0 0 0 0 0 26 1 0 0 2 1 0 
