http://www.knaresboroughkitchens.co.uk/index.php/news.1
defacement
10 9
7 6
7 0
7 5
7 4
7 1
7 8
7 2
7 9
7 3
44 37 0 0 0 1 0 2 0 0 0 0 0 0 0 0 1 1 0 0 0 0 0 27 1 0 0 5 1 0 
63 55 0 0 0 2 0 2 0 0 0 0 0 0 0 0 1 1 0 0 0 0 0 27 1 0 0 5 1 0 
55 48 0 0 0 1 0 2 0 0 0 0 0 0 0 0 1 1 0 0 0 0 0 27 1 0 0 5 1 0 
49 41 0 0 0 2 0 2 0 0 0 0 0 0 0 0 1 1 0 0 0 0 0 27 1 0 0 5 1 0 
58 50 0 0 0 2 0 2 0 0 0 0 0 0 0 0 1 1 0 0 0 0 0 27 1 0 0 5 1 0 
51 44 0 0 0 1 0 2 0 0 0 0 0 0 0 0 1 1 0 0 0 0 0 27 1 0 0 5 1 0 
52 45 0 0 0 1 0 2 0 0 0 0 0 0 0 0 1 1 0 0 0 0 0 27 1 0 0 5 1 0 
55 44 1 0 0 0 0 5 0 0 0 0 0 0 0 1 0 1 0 0 0 0 0 31 2 0 9 5 1 0 
51 44 0 0 0 1 0 2 0 0 0 0 0 0 0 0 1 1 0 0 0 0 0 27 1 0 0 5 1 0 
51 44 0 0 0 1 0 2 0 0 0 0 0 0 0 0 1 1 0 0 0 0 0 27 1 0 0 5 1 0 
