https://gwrr.com/operations/railroads/north_america/quebec_gatineau_railway
benign
10 9
4 6
4 5
4 2
4 8
4 7
4 9
4 0
4 3
4 1
39 31 0 0 0 1 0 2 0 0 0 0 0 0 0 1 1 1 0 0 0 0 0 12 2 0 0 3 1 0 
30 22 0 0 0 1 0 2 0 0 0 0 0 0 0 1 1 1 0 0 0 0 0 12 2 0 0 3 1 0 
21 15 0 0 0 0 0 2 0 0 0 0 0 0 0 1 1 1 0 0 0 0 0 12 1 0 0 3 1 0 
37 26 4 0 0 0 0 2 0 0 0 0 0 0 0 0 1 1 0 0 0 0 0 16 2 0 0 3 1 0 
75 64 0 0 0 0 0 1 0 0 0 0 0 0 0 0 1 1 0 0 0 0 0 8 4 0 11 3 1 0 
20 15 0 0 0 0 0 2 0 0 0 0 0 0 0 1 1 1 0 0 0 0 0 12 0 0 0 3 1 0 
50 41 0 0 0 1 0 3 0 0 0 0 0 0 0 0 1 1 0 0 0 0 0 14 2 0 0 3 1 0 
47 38 0 0 0 2 0 2 0 0 0 0 0 0 0 1 1 1 0 0 1 0 0 12 2 0 0 3 1 0 
35 27 0 0 0 1 0 2 0 0 0 0 0 0 0 1 1 1 0 0 0 0 0 12 2 0 0 3 1 0 
29 22 0 0 0 0 0 2 0 0 0 0 0 0 0 1 1 1 0 0 0 0 0 12 2 0 0 3 1 0 
