https://eplmatches.com/results/champions-league/season-2010-11/
benign
10 9
4 2
4 5
4 6
4 0
4 7
4 3
4 9
4 1
4 8
85 66 3 0 0 8 0 2 0 0 0 0 0 0 0 1 1 1 0 0 0 0 0 18 3 0 0 3 1 0 
39 31 0 0 0 1 0 2 0 0 0 0 0 0 0 1 1 1 0 0 0 0 0 18 2 0 0 3 1 0 
35 27 0 0 0 1 0 2 0 0 0 0 0 0 0 1 1 1 0 0 0 0 0 18 2 0 0 3 1 0 
31 24 0 0 0 0 0 2 0 0 0 0 0 0 0 1 1 1 0 0 0 0 0 18 2 0 0 3 1 0 
63 46 6 0 0 3 0 1 0 0 0 0 0 0 0 0 1 1 0 0 0 0 0 14 4 0 12 3 1 0 
43 34 0 0 0 2 0 2 0 0 0 0 0 0 0 1 1 1 0 0 0 0 0 18 2 0 0 3 1 0 
58 48 0 0 0 2 0 2 0 0 0 0 0 0 0 1 1 1 0 0 0 0 0 18 3 0 0 3 1 0 
27 21 0 0 0 0 0 2 0 0 0 0 0 0 0 1 1 1 0 0 0 0 0 18 1 0 0 3 1 0 
57 47 0 0 0 2 0 2 0 0 0 0 0 0 0 1 1 1 0 0 0 0 0 18 3 0 0 3 1 0 
41 33 0 0 0 1 0 2 0 0 0 0 0 0 0 1 1 1 0 0 0 0 0 18 2 0 0 3 1 0 
