http://pd-iskra-lj.si/signin/customer_center/customer-IDPP00C544/myaccount/identity/
phishing
10 9
2 4
2 3
2 5
2 0
2 7
2 1
2 9
2 8
2 6
32 24 0 0 0 2 0 1 0 0 0 0 0 0 0 0 1 1 0 0 0 0 0 15 2 0 0 3 1 0 
37 29 0 0 0 2 0 1 0 0 0 0 0 0 0 0 1 1 0 0 0 0 0 15 2 0 0 3 1 0 
84 65 5 0 0 3 0 1 0 0 0 0 0 0 0 0 0 1 0 0 1 0 0 14 6 0 11 2 1 0 
45 35 0 0 0 4 0 1 0 0 0 0 0 0 0 0 1 1 0 0 0 0 0 15 2 0 0 3 1 0 
24 17 0 0 0 2 0 1 0 0 0 0 0 0 0 0 1 1 0 0 0 0 0 15 1 0 0 3 1 0 
31 23 0 0 0 2 0 1 0 0 0 0 0 0 0 0 1 1 0 0 0 0 0 15 2 0 0 3 1 0 
41 32 0 0 0 3 0 1 0 0 0 0 0 0 0 0 1 1 0 0 0 0 0 15 2 0 0 3 1 0 
40 31 0 0 0 3 0 1 0 0 0 0 0 0 0 0 1 1 0 0 0 0 0 15 2 0 0 3 1 0 
42 33 0 0 0 3 0 1 0 0 0 0 0 0 0 0 1 1 0 0 0 0 0 15 2 0 0 3 1 0 
34 25 0 0 0 3 0 1 0 0 0 0 0 0 0 0 1 1 0 0 0 0 0 15 2 0 0 3 1 0 
