https://www.fmi.uni-sofia.bg/fmi/logic/skordev/ln/lp/logic-prog.html
phishing
10 9
2 5
2 0
2 6
5 1
5 7
5 3
5 8
5 4
5 9
33 27 0 0 0 0 0 1 0 0 0 0 0 0 0 0 0 1 0 0 0 0 0 9 1 0 0 4 1 0 
58 47 0 0 0 0 0 5 0 0 0 0 0 0 0 0 0 1 0 0 0 0 0 16 3 0 0 5 1 0 
68 53 0 0 0 2 0 4 0 0 0 0 0 0 0 1 1 1 0 0 0 0 0 20 6 0 3 2 1 0 
23 18 0 0 0 0 0 2 0 0 0 0 0 0 0 0 0 0 0 0 0 0 0 16 0 0 0 0 1 0 
23 17 0 0 0 0 0 2 0 0 0 0 0 0 0 1 0 1 0 0 0 0 0 15 1 0 0 3 1 0 
67 52 0 0 0 2 0 4 0 0 0 0 0 0 0 1 1 1 0 0 0 0 0 20 6 0 8 2 1 0 
20 15 0 0 0 0 0 1 0 0 0 0 0 0 0 0 1 1 0 0 0 0 0 11 1 0 0 3 1 0 
46 35 0 0 0 0 0 5 0 0 0 0 0 0 0 1 0 1 0 0 0 0 0 20 3 0 0 5 1 0 
27 19 0 0 0 0 0 4 0 0 0 0 0 0 0 0 0 1 0 0 0 0 0 19 1 0 0 5 1 0 
34 27 0 0 0 0 0 3 0 0 0 0 0 0 0 1 0 1 0 0 0 0 0 12 1 0 0 3 1 0 
