http://www.khdry.cn/cs/
phishing
10 9
2 7
2 9
2 8
2 5
2 1
2 4
2 3
2 0
6 2
29 20 1 0 0 0 0 2 0 0 0 0 0 0 0 1 0 1 0 0 0 0 0 12 3 0 0 2 1 0 
27 18 1 0 0 0 0 2 0 0 0 0 0 0 0 1 0 1 0 0 0 0 0 12 3 0 0 2 1 0 
20 14 0 0 0 0 0 2 0 0 0 0 0 0 0 1 0 1 0 0 0 0 0 12 1 0 11 2 1 0 
29 20 1 0 0 0 0 2 0 0 0 0 0 0 0 1 0 1 0 0 0 0 0 12 3 0 0 2 1 0 
28 18 2 0 0 0 0 2 0 0 0 0 0 0 0 1 0 1 0 0 0 0 0 12 3 0 0 2 1 0 
39 31 0 0 0 0 0 3 0 0 0 0 0 0 0 1 0 1 0 0 0 0 0 12 2 0 0 2 1 0 
23 16 0 0 0 0 0 2 0 0 0 0 0 0 0 1 0 1 0 0 0 0 0 12 2 0 2 2 1 0 
39 31 0 0 0 0 0 3 0 0 0 0 0 0 0 1 0 1 0 0 0 0 0 12 2 0 0 2 1 0 
25 18 0 0 0 0 0 2 0 0 0 0 0 0 0 1 0 1 0 0 0 0 0 12 2 0 0 2 1 0 
27 18 1 0 0 0 0 2 0 0 0 0 0 0 0 1 0 1 0 0 0 0 0 12 3 0 0 2 1 0 
