https://www.environmental-expert.com/resultEachArticle.aspx?cid=341&amp;codi=1143&amp;idproducttype=6
phishing
10 9
0 4
0 9
0 7
0 1
0 2
0 8
0 6
0 3
0 5
101 77 8 0 1 1 3 3 0 0 0 0 0 0 0 1 1 1 0 0 0 0 1 28 1 0 9 3 1 0 
53 45 0 0 0 2 0 2 0 0 0 0 0 0 0 1 1 1 0 0 0 0 1 28 1 0 0 3 1 0 
52 44 0 0 0 2 0 2 0 0 0 0 0 0 0 1 1 1 0 0 0 0 1 28 1 0 0 3 1 0 
48 40 0 0 0 2 0 2 0 0 0 0 0 0 0 1 1 1 0 0 0 0 1 28 1 0 0 3 1 0 
53 45 0 0 0 2 0 2 0 0 0 0 0 0 0 1 1 1 0 0 0 0 1 28 1 0 0 3 1 0 
51 43 0 0 0 2 0 2 0 0 0 0 0 0 0 1 1 1 0 0 0 0 1 28 1 0 0 3 1 0 
53 45 0 0 0 2 0 2 0 0 0 0 0 0 0 1 1 1 0 0 0 0 1 28 1 0 0 3 1 0 
50 42 0 0 0 2 0 2 0 0 0 0 0 0 0 1 1 1 0 0 0 0 1 28 1 0 0 3 1 0 
55 47 0 0 0 2 0 2 0 0 0 0 0 0 0 1 1 1 0 0 0 0 1 28 1 0 0 3 1 0 
61 53 0 0 0 2 0 2 0 0 0 0 0 0 0 1 1 1 0 0 0 0 1 28 1 0 0 3 1 0 
