http://www.klinghammer.com/de/maschinen/abfuellmaschinen.1
defacement
10 9
4 8
4 3
4 2
4 7
4 1
4 5
4 6
4 0
4 9
23 18 0 0 0 0 0 1 0 0 0 0 0 0 0 0 0 1 0 0 0 0 0 15 1 0 0 3 1 0 
18 14 0 0 0 0 0 1 0 0 0 0 0 0 0 0 0 1 0 0 0 0 0 11 0 0 0 4 1 0 
32 27 0 0 0 0 0 1 0 0 0 0 0 0 0 0 0 1 0 0 0 0 0 15 1 0 0 3 1 0 
24 20 0 0 0 0 0 1 0 0 0 0 0 0 0 0 0 1 0 0 0 0 0 17 0 0 0 3 1 0 
58 48 1 0 0 0 0 3 0 0 0 0 0 0 0 1 0 1 0 0 0 0 0 19 3 0 10 3 1 0 
34 29 0 0 0 0 0 1 0 0 0 0 0 0 0 0 0 1 0 0 0 0 0 15 1 0 0 3 1 0 
32 27 0 0 0 0 0 1 0 0 0 0 0 0 0 0 0 1 0 0 0 0 0 15 1 0 0 3 1 0 
33 28 0 0 0 0 0 1 0 0 0 0 0 0 0 0 0 1 0 0 0 0 0 15 1 0 0 3 1 0 
30 25 0 0 0 0 0 1 0 0 0 0 0 0 0 0 0 1 0 0 0 0 0 15 1 0 0 3 1 0 
34 29 0 0 0 0 0 1 0 0 0 0 0 0 0 0 0 1 0 0 0 0 0 15 1 0 0 3 1 0 
