http://9779.info/%E6%89%8B%E5%B7%A5%E5%84%BF%E7%AB%A5%E7%BA%B8%E8%B4%B4%E7%94%BB/
malware
10 9
9 6
9 5
9 7
9 2
9 0
9 8
9 4
9 1
9 3
21 11 4 0 0 0 0 2 0 0 0 0 0 0 0 1 0 1 0 0 0 0 0 13 1 0 9 4 1 0 
23 13 4 0 0 0 0 1 0 0 0 0 0 0 0 0 0 1 0 0 0 0 0 9 2 0 0 4 1 0 
22 12 4 0 0 0 0 1 0 0 0 0 0 0 0 0 0 1 0 0 0 0 0 9 2 0 0 4 1 0 
21 11 4 0 0 0 0 1 0 0 0 0 0 0 0 0 0 1 0 0 0 0 0 9 2 0 0 4 1 0 
21 11 4 0 0 0 0 1 0 0 0 0 0 0 0 0 0 1 0 0 0 0 0 9 2 0 0 4 1 0 
21 11 4 0 0 0 0 1 0 0 0 0 0 0 0 0 0 1 0 0 0 0 0 9 2 0 0 4 1 0 
21 11 4 0 0 0 0 1 0 0 0 0 0 0 0 0 0 1 0 0 0 0 0 9 2 0 0 4 1 0 
22 12 4 0 0 0 0 1 0 0 0 0 0 0 0 0 0 1 0 0 0 0 0 9 2 0 0 4 1 0 
23 13 4 0 0 0 0 1 0 0 0 0 0 0 0 0 0 1 0 0 0 0 0 9 2 0 0 4 1 0 
81 30 24 0 0 0 0 1 0 21 0 0 0 0 0 0 0 1 0 0 0 0 0 9 2 0 1 4 1 0 
