https://webyservicios.com/cadastro/adesao.do.php
benign
10 9
7 2
7 6
7 4
7 5
7 1
7 9
7 8
7 3
7 0
38 31 0 0 0 0 0 2 0 0 0 0 0 0 0 1 1 1 0 0 0 0 0 16 2 0 0 3 1 0 
37 30 0 1 0 0 0 2 0 0 0 0 0 0 0 1 1 1 0 0 0 0 0 14 1 0 0 3 1 0 
56 47 2 0 0 0 0 2 0 0 0 0 0 0 0 1 1 1 0 0 0 0 0 15 2 0 0 3 1 0 
54 45 0 0 0 2 0 1 0 0 0 0 0 0 0 0 1 1 0 0 0 0 0 17 3 0 0 3 1 0 
47 39 0 0 0 1 0 1 0 0 0 0 0 0 0 0 1 1 0 0 0 0 0 17 3 0 0 3 1 0 
26 21 0 0 0 0 0 1 0 0 0 0 0 0 0 0 1 1 0 0 0 0 0 17 1 0 0 3 1 0 
25 21 0 0 0 0 0 1 0 0 0 0 0 0 0 0 1 1 0 0 0 0 0 17 0 0 0 3 1 0 
48 40 0 0 0 0 0 3 0 0 0 0 0 0 0 0 1 1 0 0 0 0 0 17 2 0 9 3 1 0 
36 30 0 0 0 0 0 1 0 0 0 0 0 0 0 0 1 1 0 0 0 0 0 17 2 0 0 3 1 0 
35 29 0 0 0 0 0 1 0 0 0 0 0 0 0 0 1 1 0 0 0 0 0 17 2 0 0 3 1 0 
