https://www.c64gg.com/index.html
phishing
10 9
9 2
9 4
9 3
9 6
9 5
9 8
9 7
9 0
9 1
73 56 2 0 0 9 0 1 0 0 0 0 0 0 0 0 1 1 0 0 0 0 0 9 2 0 0 3 1 0 
58 46 2 0 0 2 0 1 0 0 0 0 0 0 0 0 1 1 0 0 0 0 0 9 4 0 0 3 1 0 
18 11 2 0 0 0 0 1 0 0 0 0 0 0 0 0 1 1 0 0 0 0 0 9 1 0 0 3 1 0 
29 20 2 0 0 1 0 1 0 0 0 0 0 0 0 0 1 1 0 0 0 0 0 9 2 0 0 3 1 0 
41 31 2 0 0 1 0 1 0 0 0 0 0 0 0 0 1 1 0 0 0 0 0 9 3 0 0 3 1 0 
43 33 2 0 0 1 0 1 0 0 0 0 0 0 0 0 1 1 0 0 0 0 0 9 3 0 0 3 1 0 
35 26 2 0 0 0 0 1 0 0 0 0 0 0 0 0 1 1 0 0 0 0 0 9 3 0 0 3 1 0 
66 52 2 0 0 4 0 1 0 0 0 0 0 0 0 0 1 1 0 0 0 0 0 9 4 0 0 3 1 0 
37 28 2 0 0 0 0 1 0 0 0 0 0 0 0 0 1 1 0 0 0 0 0 9 3 0 0 3 1 0 
32 23 2 0 0 0 0 3 0 0 0 0 0 0 0 1 1 1 0 0 0 0 0 13 1 0 15 3 1 0 
