http://www.ilovespeedbumps.com/wp-content/themes/ifeature/core/css/foundation.css
malware
10 9
3 1
4 0
4 7
4 6
4 8
4 3
5 4
7 9
7 2
21 16 0 0 0 0 0 1 0 0 0 0 0 0 0 0 0 1 0 0 0 0 0 13 1 0 0 3 1 0 
29 23 0 0 0 1 0 1 0 0 0 0 0 0 0 0 0 1 0 0 0 0 1 21 1 0 0 3 1 0 
36 28 0 0 0 0 0 2 0 0 0 0 0 0 0 1 1 1 0 0 0 0 0 15 3 0 0 3 1 0 
26 20 0 0 0 0 0 2 0 0 0 0 0 0 0 1 1 1 0 0 0 0 1 17 1 0 1 3 1 0 
31 25 0 0 0 0 0 2 0 0 0 0 0 0 0 1 0 1 0 0 0 0 0 23 1 0 5 3 1 0 
81 68 0 0 0 1 0 3 0 0 0 0 0 0 0 1 0 1 0 0 0 0 0 23 6 0 3 3 1 0 
25 19 0 0 0 0 0 2 0 0 0 0 0 0 0 1 1 1 0 0 0 0 0 16 1 0 5 3 1 0 
24 18 0 0 0 0 0 2 0 0 0 0 0 0 0 1 1 1 0 0 0 0 0 15 1 0 4 3 1 0 
24 18 0 0 0 0 0 2 0 0 0 0 0 0 0 1 1 1 0 0 0 0 0 15 1 0 0 3 1 0 
30 23 0 0 0 0 0 2 0 0 0 0 0 0 0 1 1 1 0 0 0 0 0 15 2 0 0 3 1 0 
