https://amazon.com/Vapor-Transmission-Orgy/dp/B00004YNGE
benign
8 7
0 1
0 6
1 2
1 7
3 5
3 0
3 4
34 23 3 0 0 0 1 1 0 0 0 0 0 0 0 0 1 1 0 0 0 0 0 10 1 0 3 3 1 0 
67 54 0 0 0 0 1 3 0 0 0 0 0 0 0 1 1 1 0 0 0 0 0 14 5 0 3 3 1 0 
19 14 0 0 0 0 0 1 0 0 0 0 0 0 0 0 1 1 0 0 0 0 0 10 1 0 3 3 1 0 
56 42 5 0 0 2 0 1 0 0 0 0 0 0 0 0 1 1 0 0 0 0 0 10 3 0 3 3 1 0 
44 32 3 0 0 0 1 1 0 0 0 0 0 0 0 0 1 1 0 0 0 0 0 10 2 0 3 3 1 0 
34 23 3 0 0 0 1 1 0 0 0 0 0 0 0 0 1 1 0 0 0 0 0 10 1 0 3 3 1 0 
71 58 0 0 0 0 1 3 0 0 0 0 0 0 0 1 1 1 0 0 0 0 0 14 5 0 3 3 1 0 
31 26 0 0 0 0 0 1 0 0 0 0 0 0 0 0 1 1 0 0 0 0 0 10 1 0 3 3 1 0 
