http://faughs.ie/index.php/page/3/index.html
defacement
10 9
2 9
2 0
2 8
2 6
2 1
2 4
2 7
2 5
2 3
43 35 0 0 0 1 0 2 0 0 0 0 0 0 0 0 1 1 0 0 0 0 0 9 2 0 0 2 1 0 
36 29 0 0 0 0 0 2 0 0 0 0 0 0 0 0 1 1 0 0 0 0 0 9 2 0 0 2 1 0 
44 33 1 0 0 0 0 3 0 0 0 0 0 0 0 0 0 1 0 0 0 0 0 9 4 0 11 2 1 0 
74 57 2 0 0 7 0 2 0 0 0 0 0 0 0 0 1 1 0 0 0 0 0 9 3 0 0 2 1 0 
35 26 1 0 0 1 0 2 0 0 0 0 0 0 0 0 1 1 0 0 0 0 0 9 2 0 0 2 1 0 
45 36 0 0 0 2 0 2 0 0 0 0 0 0 0 0 1 1 0 0 0 0 0 9 2 0 0 2 1 0 
18 13 0 0 0 0 0 1 0 0 0 0 0 0 0 0 1 1 0 0 0 0 0 9 1 0 0 2 1 0 
46 37 0 0 0 2 0 2 0 0 0 0 0 0 0 0 1 1 0 0 0 0 0 9 2 0 0 2 1 0 
46 37 0 0 0 2 0 2 0 0 0 0 0 0 0 0 1 1 0 0 0 0 0 9 2 0 0 2 1 0 
44 35 0 0 0 2 0 2 0 0 0 0 0 0 0 0 1 1 0 0 0 0 0 9 2 0 0 2 1 0 
