http://www.caseaffittipuglia.com/case-a-ciardo.html?func=detail&id=49
defacement
10 9
5 6
6 1
6 4
6 7
6 2
6 8
6 9
6 3
6 0
26 4 14 0 0 0 0 3 0 0 0 0 0 0 0 0 0 1 0 0 0 0 0 18 1 0 0 0 1 0 
42 35 0 0 0 0 0 3 0 0 0 0 0 0 0 1 0 1 0 0 0 0 0 25 1 0 0 3 1 0 
42 35 0 0 0 0 0 3 0 0 0 0 0 0 0 1 0 1 0 0 0 0 0 25 1 0 0 3 1 0 
42 35 0 0 0 0 0 3 0 0 0 0 0 0 0 1 0 1 0 0 0 0 0 25 1 0 0 3 1 0 
42 35 0 0 0 0 0 3 0 0 0 0 0 0 0 1 0 1 0 0 0 0 0 25 1 0 0 3 1 0 
69 54 2 0 1 2 2 3 0 0 0 0 0 0 0 1 0 1 0 0 0 0 0 25 1 0 2 3 1 0 
33 27 0 0 0 0 0 2 0 0 0 0 0 0 0 1 0 1 0 0 0 0 0 25 1 0 11 3 1 0 
42 35 0 0 0 0 0 3 0 0 0 0 0 0 0 1 0 1 0 0 0 0 0 25 1 0 0 3 1 0 
44 37 0 0 0 0 0 3 0 0 0 0 0 0 0 1 0 1 0 0 0 0 0 25 1 0 0 3 1 0 
45 38 0 0 0 0 0 3 0 0 0 0 0 0 0 1 0 1 0 0 1 0 0 25 1 0 0 3 1 0 
