https://abmp3.com/download/8145431-mausam-www-songs-pk.html
benign
10 9
8 2
8 7
8 5
8 6
8 9
8 4
8 0
8 3
8 1
45 37 0 0 0 0 0 3 0 0 0 0 0 0 0 0 1 1 0 0 0 0 0 19 1 0 0 3 1 0 
14 10 0 0 0 0 0 0 0 0 0 0 0 0 0 0 0 0 0 0 0 0 0 1 0 0 0 0 1 0 
29 24 0 0 0 0 0 2 0 0 0 0 0 0 0 0 1 1 0 0 0 0 0 21 0 0 0 3 1 0 
53 45 0 0 0 0 0 3 0 0 0 0 0 0 0 0 1 1 0 0 1 0 0 20 2 0 0 3 1 0 
50 41 0 0 0 0 0 3 0 0 0 0 0 0 0 0 1 1 0 0 0 0 0 19 1 0 0 3 1 0 
42 30 5 0 0 0 0 3 0 0 0 0 0 0 0 0 1 1 0 0 0 0 0 19 1 0 0 3 1 0 
63 55 0 0 0 0 0 3 0 0 0 0 0 0 0 0 1 1 0 0 0 0 0 27 2 0 0 3 1 0 
27 21 0 0 0 0 0 2 0 0 0 0 0 0 0 1 1 1 0 0 0 0 0 18 1 0 0 3 1 0 
59 40 8 0 0 4 0 2 0 0 0 0 0 0 0 1 1 1 0 0 0 0 0 9 2 0 9 3 1 0 
61 50 0 0 0 0 0 3 0 0 0 0 0 0 0 0 1 1 0 0 0 0 0 17 2 0 0 3 1 0 
