http://www.tirionklasse.nl/verslagen-uit-2009.html
defacement
10 9
0 6
0 9
0 8
0 3
0 4
0 1
0 7
0 5
2 0
27 21 0 0 0 0 0 2 0 0 0 0 0 0 0 1 0 1 0 0 0 0 0 19 1 0 10 2 1 0 
64 52 2 0 0 1 0 3 0 0 0 0 0 0 0 1 0 1 0 0 0 0 0 19 3 0 0 2 1 0 
50 37 4 0 0 2 0 3 0 0 0 0 0 0 0 1 0 1 0 0 0 0 0 19 1 0 1 2 1 0 
46 35 2 0 0 1 0 3 0 0 0 0 0 0 0 1 0 1 0 0 0 0 0 19 2 0 0 2 1 0 
59 47 2 0 0 1 0 3 0 0 0 0 0 0 0 1 0 1 0 0 0 0 0 19 3 0 0 2 1 0 
66 54 2 0 0 1 0 3 0 0 0 0 0 0 0 1 0 1 0 0 0 0 0 19 3 0 0 2 1 0 
58 45 2 0 0 2 0 3 0 0 0 0 0 0 0 1 0 1 0 0 0 0 0 19 3 0 0 2 1 0 
55 43 2 0 0 1 0 3 0 0 0 0 0 0 0 1 0 1 0 0 0 0 0 19 3 0 0 2 1 0 
43 35 0 0 0 0 0 3 0 0 0 0 0 0 0 1 0 1 0 0 0 0 0 19 2 0 0 2 1 0 
36 29 0 0 0 0 0 3 0 0 0 0 0 0 0 1 0 1 0 0 0 0 0 19 1 0 0 2 1 0 
