http://orngmesmerize.paperplane.io/
phishing
10 9
0 3
0 4
0 7
4 6
4 8
4 1
4 5
4 2
9 0
24 19 0 0 0 0 0 2 0 0 0 0 0 0 0 1 0 1 0 0 0 0 0 17 0 0 3 2 1 0 
45 30 8 0 0 0 0 2 0 0 0 0 0 0 0 0 1 1 0 0 0 0 0 19 2 0 0 3 1 0 
27 22 0 0 0 0 0 1 0 0 0 0 0 0 0 0 1 1 0 0 0 0 0 11 1 0 0 3 1 0 
30 25 0 1 0 0 0 1 0 0 0 0 0 0 0 0 0 0 0 0 0 0 0 21 0 0 0 2 1 0 
32 27 0 0 0 0 0 1 0 0 0 0 0 0 0 0 1 1 0 0 0 0 0 11 1 0 5 3 1 0 
23 18 0 0 0 0 0 1 0 0 0 0 0 0 0 0 1 1 0 0 0 0 0 11 1 0 0 3 1 0 
38 31 0 0 0 0 0 3 0 0 0 0 0 0 0 0 1 1 0 0 0 0 0 17 1 0 0 3 1 0 
27 20 0 0 0 0 0 2 0 0 0 0 0 0 0 1 1 1 0 0 0 0 0 17 1 0 0 3 1 0 
65 55 0 0 0 3 0 2 0 0 0 0 0 0 0 0 1 1 0 0 0 0 0 16 2 0 4 3 1 0 
35 29 0 0 0 0 0 2 0 0 0 0 0 0 0 0 0 1 0 0 0 0 0 27 1 0 1 2 1 0 
