https://onsight.com/training/perl_training/
phishing
10 9
6 1
6 3
6 9
6 7
6 4
6 5
6 0
6 2
6 8
54 45 0 0 0 0 0 1 0 0 0 0 0 0 0 0 1 1 0 0 0 0 1 11 3 0 0 3 1 0 
45 37 0 0 0 0 0 1 0 0 0 0 0 0 0 0 1 1 0 0 0 0 1 11 3 0 0 3 1 0 
49 41 0 0 0 0 0 1 0 0 0 0 0 0 0 0 1 1 0 0 0 0 1 11 3 0 0 3 1 0 
20 15 0 0 0 0 0 1 0 0 0 0 0 0 0 0 1 1 0 0 0 0 1 11 1 0 0 3 1 0 
63 52 0 0 0 0 0 1 0 0 0 0 0 0 0 0 1 1 0 0 0 0 1 11 3 0 0 3 1 0 
51 42 0 0 0 0 0 1 0 0 0 0 0 0 0 0 1 1 0 0 0 0 1 11 3 0 0 3 1 0 
43 35 0 0 0 0 0 1 0 0 0 0 0 0 0 0 1 1 0 0 0 0 1 11 3 0 12 3 1 0 
42 34 0 0 0 0 0 1 0 0 0 0 0 0 0 0 1 1 0 0 0 0 1 11 3 0 0 3 1 0 
52 43 0 0 0 0 0 1 0 0 0 0 0 0 0 0 1 1 0 0 0 0 1 11 3 0 0 3 1 0 
53 44 0 0 0 0 0 2 0 0 0 0 0 0 0 0 1 1 0 0 0 0 1 11 3 0 0 3 1 0 
