https://www.almanacnews.com/morgue/2001/2001_02_21.cover21.html
phishing
10 9
4 3
6 9
6 4
6 7
8 0
8 1
8 2
8 5
9 8
28 22 0 0 0 0 0 2 0 0 0 0 0 0 0 1 1 1 0 0 0 0 0 19 1 0 0 3 1 0 
28 21 0 0 0 0 0 0 0 0 0 0 0 0 0 0 0 0 0 0 1 0 0 15 0 0 0 0 1 0 
43 35 0 0 0 0 0 2 0 0 0 0 0 0 0 1 1 1 0 0 0 0 0 19 3 0 0 3 1 0 
25 21 0 0 0 0 0 1 0 0 0 0 0 0 0 0 0 1 0 0 0 0 0 18 0 0 0 3 1 0 
41 35 0 0 0 0 0 2 0 0 0 0 0 0 0 1 0 1 0 0 0 0 0 22 1 0 1 3 0 0 
32 27 0 0 0 0 0 1 0 0 0 0 0 0 0 0 1 1 0 0 0 0 0 12 1 0 0 3 1 0 
63 37 14 0 0 0 0 4 0 0 0 0 0 0 0 1 1 1 0 0 0 0 0 19 3 0 3 3 1 0 
37 30 0 0 0 0 0 3 0 0 0 0 0 0 0 1 0 1 0 0 0 0 0 19 1 0 1 3 0 0 
22 18 0 0 0 0 0 1 0 0 0 0 0 0 0 0 0 1 0 0 0 0 0 15 0 0 4 3 1 0 
36 29 0 0 0 0 0 3 0 0 0 0 0 0 0 1 0 1 0 0 0 0 0 19 1 0 1 3 0 0 
