https://people.ischool.berkeley.edu/~hearst/irbook/
phishing
10 9
4 0
4 9
4 5
4 3
4 7
4 2
4 6
4 1
4 8
37 27 0 0 0 1 0 2 0 0 0 0 0 0 0 1 0 1 0 0 0 0 0 14 3 0 0 2 1 0 
43 34 0 0 0 0 0 3 0 0 0 0 0 0 0 1 0 1 0 0 0 0 0 21 2 0 0 3 1 0 
63 52 0 0 0 0 0 4 0 0 0 0 0 0 0 0 1 1 0 0 0 0 0 27 3 0 0 3 1 0 
29 22 0 0 0 0 0 3 0 0 0 0 0 0 0 1 0 1 0 0 0 0 0 15 1 0 0 2 1 0 
51 41 0 0 0 0 0 3 0 0 0 0 0 0 0 0 1 1 0 0 0 0 0 27 3 0 20 3 1 0 
63 52 0 0 0 0 0 4 0 0 0 0 0 0 0 0 1 1 0 0 0 0 0 27 3 0 0 3 1 0 
65 54 0 0 0 0 0 4 0 0 0 0 0 0 0 0 1 1 0 0 0 0 0 27 3 0 0 3 1 0 
35 28 0 0 0 0 0 3 0 0 0 0 0 0 0 0 0 1 0 0 0 0 0 21 1 0 0 2 1 0 
52 42 0 0 0 0 0 3 0 0 0 0 0 0 0 0 1 1 0 0 0 0 0 27 3 0 0 3 1 0 
36 27 0 0 0 0 0 4 0 0 0 0 0 0 0 0 0 1 0 0 0 0 0 21 2 0 0 2 1 0 
