https://www.seahorsesoft.com/montana.html
phishing
10 9
4 1
4 2
4 0
4 9
4 5
4 6
4 3
4 8
7 4
22 17 0 0 0 0 0 2 0 0 0 0 0 0 0 1 1 1 0 0 0 0 0 14 0 0 0 3 1 0 
36 28 0 0 0 0 0 2 0 0 0 0 0 0 0 1 1 1 0 0 0 0 0 14 2 0 0 3 1 0 
31 24 0 0 0 0 0 2 0 0 0 0 0 0 0 1 1 1 0 0 0 0 0 14 2 0 0 3 1 0 
23 17 0 0 0 0 0 2 0 0 0 0 0 0 0 1 1 1 0 0 0 0 0 14 1 0 0 3 1 0 
21 16 0 0 0 0 0 2 0 0 0 0 0 0 0 1 0 1 0 0 0 0 0 14 0 0 8 3 1 0 
28 21 0 0 0 0 0 2 0 0 0 0 0 0 0 1 1 1 0 0 0 0 0 14 2 0 0 3 1 0 
32 25 0 0 0 0 0 2 0 0 0 0 0 0 0 1 1 1 0 0 0 0 0 14 2 0 0 3 1 0 
41 34 0 0 0 0 0 3 0 0 0 0 0 0 0 1 1 1 0 0 0 0 1 20 1 0 1 3 1 0 
28 21 0 0 0 0 0 2 0 0 0 0 0 0 0 1 1 1 0 0 0 0 0 14 2 0 0 3 1 0 
27 20 0 0 0 0 0 2 0 0 0 0 0 0 0 1 1 1 0 0 0 0 0 14 2 0 0 3 1 0 
