https://washington.hometownlocator.com/wa/yakima/tieton.cfm
benign
10 9
6 0
6 9
6 2
6 8
6 5
6 3
6 4
6 7
6 1
31 26 0 0 0 0 0 2 0 0 0 0 0 0 0 1 1 1 0 0 0 0 0 23 0 0 0 3 1 0 
46 39 0 0 0 0 0 2 0 0 0 0 0 0 0 0 1 1 0 0 0 0 0 30 2 0 0 3 1 0 
48 41 0 0 0 0 0 2 0 0 0 0 0 0 0 0 1 1 0 0 0 0 0 30 2 0 0 3 1 0 
49 41 0 0 0 0 0 2 0 0 0 0 0 0 0 0 1 1 0 0 0 0 0 30 3 0 0 3 1 0 
39 33 0 0 0 0 0 2 0 0 0 0 0 0 0 0 1 1 0 0 0 0 0 30 1 0 0 3 1 0 
48 41 0 0 0 0 0 2 0 0 0 0 0 0 0 0 1 1 0 0 0 0 0 30 2 0 0 3 1 0 
59 50 0 0 0 0 0 3 0 0 0 0 0 0 0 0 1 1 0 0 0 0 0 30 3 0 14 3 1 0 
49 41 0 0 0 1 0 2 0 0 0 0 0 0 0 0 1 1 0 0 0 0 0 30 2 0 0 3 1 0 
114 71 24 0 0 3 0 5 0 0 0 0 0 0 6 0 1 1 0 0 0 0 0 30 2 0 0 3 1 0 
77 57 7 0 0 1 0 3 0 0 0 0 0 0 4 0 1 1 0 0 0 0 0 30 2 0 0 3 1 0 
