https://cosmocitymedia.com/america/BankOfAmerica/bankofamerica/3736fa24/
phishing
10 9
7 9
7 5
7 3
7 0
7 6
7 1
7 2
7 8
7 4
26 22 0 0 0 0 0 1 0 0 0 0 0 0 0 0 1 1 0 0 0 0 0 18 0 0 0 3 1 0 
34 28 0 0 0 0 0 1 0 0 0 0 0 0 0 0 1 1 0 0 0 0 0 18 2 0 0 3 1 0 
36 30 0 0 0 0 0 1 0 0 0 0 0 0 0 0 1 1 0 0 0 0 0 18 2 0 0 3 1 0 
48 41 0 0 0 1 0 1 0 0 0 0 0 0 0 0 1 1 0 0 0 0 0 18 2 0 0 3 1 0 
36 29 0 0 0 1 0 1 0 0 0 0 0 0 0 0 1 1 0 0 0 0 0 18 2 0 0 3 1 0 
35 27 2 1 0 0 0 1 0 1 0 0 0 0 0 0 0 0 0 0 0 0 0 26 0 0 0 3 1 0 
35 29 0 0 0 0 0 1 0 0 0 0 0 0 0 0 1 1 0 0 0 0 0 18 2 0 0 3 1 0 
72 57 6 0 0 0 0 1 0 0 0 0 0 0 0 0 1 1 0 0 1 0 0 18 5 0 10 3 1 0 
38 30 1 0 0 1 0 1 0 0 0 0 0 0 0 0 1 1 0 0 0 0 0 18 2 0 0 3 1 0 
27 22 0 0 0 0 0 1 0 0 0 0 0 0 0 0 1 1 0 0 0 0 0 18 1 0 0 3 1 0 
