https://spokeo.com/William+Toop
benign
10 9
3 7
3 0
3 5
3 1
3 9
3 2
3 4
3 8
3 6
39 32 0 0 0 1 0 1 0 0 0 0 0 0 0 0 1 1 0 0 0 0 0 10 2 0 0 3 1 0 
26 21 0 0 0 0 0 1 0 0 0 0 0 0 0 0 1 1 0 0 0 0 0 10 1 0 0 3 1 0 
39 32 0 0 0 1 0 1 0 0 0 0 0 0 0 0 1 1 0 0 0 0 0 10 2 0 0 3 1 0 
31 25 0 0 0 0 0 1 0 0 1 0 0 0 0 0 1 1 0 0 0 0 0 10 1 0 16 3 1 0 
26 21 0 0 0 0 0 1 0 0 0 0 0 0 0 0 1 1 0 0 0 0 0 10 1 0 0 3 1 0 
26 21 0 0 0 0 0 1 0 0 0 0 0 0 0 0 1 1 0 0 0 0 0 10 1 0 0 3 1 0 
26 21 0 0 0 0 0 1 0 0 0 0 0 0 0 0 1 1 0 0 0 0 0 10 1 0 0 3 1 0 
19 14 0 0 0 0 0 1 0 0 0 0 0 0 0 0 1 1 0 0 0 0 0 10 1 0 0 3 1 0 
24 19 0 0 0 0 0 1 0 0 0 0 0 0 0 0 1 1 0 0 0 0 0 10 1 0 0 3 1 0 
40 32 0 0 0 3 0 1 0 0 0 0 0 0 0 0 1 1 0 0 0 0 0 10 1 0 0 3 1 0 
