http://www.superjettravels.com/css/redirect.php
phishing
10 9
0 5
0 2
0 4
0 8
0 3
2 7
2 1
2 9
3 6
47 39 0 0 0 0 0 3 0 0 0 0 0 0 0 1 0 1 0 0 0 0 0 23 2 0 5 3 1 0 
33 28 0 0 0 0 0 1 0 0 0 0 0 0 0 0 1 1 0 0 0 0 0 17 1 0 0 3 1 0 
46 38 0 0 0 1 0 3 0 0 0 0 0 0 0 1 0 1 0 0 1 0 0 24 1 0 3 3 1 0 
44 37 0 0 0 0 0 2 0 0 0 0 0 0 0 0 0 1 0 0 1 0 0 22 1 0 1 3 1 0 
58 50 0 0 0 0 0 2 0 0 0 0 0 0 0 0 0 1 0 0 1 0 0 22 1 0 1 3 1 0 
61 52 0 0 0 0 0 2 0 0 0 0 0 0 0 0 0 1 0 0 1 0 0 22 1 0 1 3 1 0 
30 25 0 0 0 0 0 1 0 0 0 0 0 0 0 0 0 1 0 0 1 0 0 22 1 0 0 3 1 0 
49 40 0 0 0 0 0 2 0 0 0 0 0 0 0 1 1 1 0 0 0 0 0 14 4 0 0 3 1 0 
26 22 0 0 0 0 0 1 0 0 0 0 0 0 0 0 0 1 0 0 0 0 0 19 0 0 5 3 0 0 
38 32 0 0 0 0 0 2 0 0 0 0 0 0 0 0 1 1 0 0 0 0 0 29 1 0 0 3 1 0 
