http://hollywoodlife.com/2015/05/11/rachel-mcadams-marie-claire-cover-true-detective-interview-ani-bezzerides/
benign
10 9
8 0
8 2
8 3
8 1
8 5
8 7
8 4
8 6
8 9
40 33 0 0 0 0 0 1 0 0 0 0 0 0 0 0 1 1 0 0 0 0 0 17 3 0 0 3 1 0 
25 20 0 0 0 0 0 1 0 0 0 0 0 0 0 0 0 1 0 0 0 0 0 17 1 0 0 3 1 0 
68 50 7 0 0 4 0 1 0 0 0 0 0 0 0 0 1 1 0 0 0 0 0 17 3 0 0 3 1 0 
38 31 0 0 0 0 0 1 0 0 0 0 0 0 0 0 1 1 0 0 0 0 0 17 3 0 0 3 1 0 
32 26 0 0 0 0 0 1 0 0 0 0 0 0 0 0 1 1 0 0 0 0 0 17 2 0 0 3 1 0 
102 76 8 0 0 9 0 1 0 0 0 0 0 0 0 0 1 1 0 0 0 0 0 17 5 0 0 3 1 0 
89 65 8 0 0 7 0 1 0 0 0 0 0 0 0 0 1 1 0 0 0 0 0 17 5 0 0 3 1 0 
47 40 0 0 0 0 0 1 0 0 0 0 0 0 0 0 1 1 0 0 0 0 0 17 3 0 0 3 1 0 
110 84 8 0 0 9 0 1 0 0 0 0 0 0 0 0 0 1 0 0 0 0 0 17 5 0 16 3 1 0 
25 21 0 0 0 0 0 1 0 0 0 0 0 0 0 0 1 1 0 0 0 0 0 17 0 0 0 3 1 0 
