http://thenextweb.com/in/2015/04/14/restaurant-listings-app-zomato-acquires-maplepos-to-launch-reservations-and-payments/gtm.start
benign
10 9
8 9
8 4
8 1
8 2
8 0
8 5
8 7
8 6
8 3
22 17 0 0 0 0 0 1 0 0 0 0 0 0 0 0 0 1 0 0 0 0 0 14 1 0 0 3 1 0 
34 29 0 0 0 0 0 1 0 0 0 0 0 0 0 0 0 1 0 0 0 0 0 14 1 0 0 3 1 0 
31 26 0 0 0 0 0 1 0 0 0 0 0 0 0 0 1 1 0 0 0 0 0 14 1 0 0 3 1 0 
32 27 0 0 0 0 0 1 0 0 0 0 0 0 0 0 0 1 0 0 0 0 0 14 1 0 0 3 1 0 
28 23 0 0 0 0 0 1 0 0 0 0 0 0 0 0 0 1 0 0 0 0 0 14 1 0 0 3 1 0 
28 23 0 0 0 0 0 1 0 0 0 0 0 0 0 0 0 1 0 0 0 0 0 14 1 0 0 3 1 0 
30 25 0 0 0 0 0 1 0 0 0 0 0 0 0 0 0 1 0 0 0 0 0 14 1 0 0 3 1 0 
33 28 0 0 0 0 0 1 0 0 0 0 0 0 0 0 0 1 0 0 0 0 0 14 1 0 0 3 1 0 
130 101 8 0 0 10 0 2 0 0 0 0 0 0 0 0 0 1 0 0 0 0 0 14 6 0 11 3 1 0 
28 23 0 0 0 0 0 1 0 0 0 0 0 0 0 0 0 1 0 0 0 0 0 14 1 0 0 3 1 0 
