https://spoke.com/info/pCKrPa8/JesseBrouhard
benign
10 9
8 9
9 2
9 5
9 6
9 0
9 1
9 3
9 4
9 7
30 25 0 0 0 0 0 1 0 0 0 0 0 0 0 0 1 1 0 0 0 0 0 9 1 0 0 3 1 0 
28 22 0 0 0 0 0 1 0 0 0 0 0 0 0 0 1 1 0 0 0 0 0 9 2 0 0 3 1 0 
28 22 0 0 0 0 0 1 0 0 0 0 0 0 0 0 1 1 0 0 0 0 0 9 2 0 0 3 1 0 
24 19 0 0 0 0 0 1 0 0 0 0 0 0 0 0 1 1 0 0 0 0 0 9 1 0 0 3 1 0 
82 54 18 0 0 4 0 1 0 0 0 0 0 0 0 0 1 1 0 0 0 0 0 9 2 0 0 3 1 0 
21 16 0 0 0 0 0 1 0 0 0 0 0 0 0 0 1 1 0 0 0 0 0 9 1 0 0 3 1 0 
41 34 0 0 0 0 0 1 0 0 0 0 0 0 0 0 1 1 0 0 0 0 0 9 3 0 0 3 1 0 
31 25 0 0 0 0 0 1 0 0 0 0 0 0 0 0 1 1 0 0 0 0 0 9 2 0 0 3 1 0 
44 36 1 0 0 0 0 1 0 0 0 0 0 0 0 0 1 1 0 0 0 0 0 9 3 0 2 3 1 0 
18 13 0 0 0 0 0 1 0 0 0 0 0 0 0 0 1 1 0 0 0 0 0 9 1 0 11 3 1 0 
