http://tunein.com/radio/Business-c57899/15480783/ca-pub-1542925551861702/TuneInSearch
benign
10 9
1 9
1 2
1 8
1 7
1 0
1 3
1 6
1 4
1 5
54 36 9 0 0 2 0 1 0 0 0 0 0 0 0 0 0 1 0 0 0 0 0 10 3 0 0 3 1 0 
85 44 29 0 0 3 0 1 0 0 0 0 0 0 0 0 0 1 0 0 0 0 0 10 5 0 11 3 1 0 
32 25 0 0 0 0 0 1 0 0 0 0 0 0 0 0 0 1 0 0 0 0 0 10 3 0 0 3 1 0 
30 23 0 0 0 0 0 1 0 0 0 0 0 0 0 0 0 1 0 0 0 0 0 10 3 0 0 3 1 0 
18 13 0 0 0 0 0 1 0 0 0 0 0 0 0 0 0 1 0 0 0 0 0 10 1 0 0 3 1 0 
27 21 0 0 0 0 0 1 0 0 0 0 0 0 0 0 0 1 0 0 0 0 0 10 2 0 0 3 1 0 
29 23 0 0 0 0 0 1 0 0 0 0 0 0 0 0 0 1 0 0 0 0 0 10 2 0 0 3 1 0 
29 22 0 0 0 0 0 1 0 0 0 0 0 0 0 0 0 1 0 0 0 0 0 10 3 0 0 3 1 0 
25 19 0 0 0 0 0 1 0 0 0 0 0 0 0 0 0 1 0 0 0 0 0 10 2 0 0 3 1 0 
32 25 0 0 0 0 0 1 0 0 0 0 0 0 0 0 0 1 0 0 0 0 0 10 3 0 0 3 1 0 
