http://www.ilovespeedbumps.com/why-is-simply-extracting-automobile/
malware
10 9
4 0
4 8
4 7
4 9
4 3
6 4
7 1
7 2
7 5
21 16 0 0 0 0 0 1 0 0 0 0 0 0 0 0 0 1 0 0 0 0 0 13 1 0 0 3 1 0 
36 25 0 0 0 0 0 2 0 0 2 0 0 0 0 1 1 1 0 0 0 0 0 16 4 0 0 3 1 0 
43 34 0 0 0 0 0 2 0 0 0 0 0 0 0 1 1 1 0 0 0 0 0 16 4 0 0 3 1 0 
26 20 0 0 0 0 0 2 0 0 0 0 0 0 0 1 1 1 0 0 0 0 1 17 1 0 1 3 1 0 
31 25 0 0 0 0 0 2 0 0 0 0 0 0 0 1 0 1 0 0 0 0 0 23 1 0 5 3 1 0 
40 33 0 0 0 0 0 2 0 0 0 0 0 0 0 1 1 1 0 0 0 0 0 16 2 0 0 3 1 0 
67 56 0 0 0 4 0 2 0 0 0 0 0 0 0 1 0 1 0 0 0 0 0 23 2 0 3 3 1 0 
25 19 0 0 0 0 0 2 0 0 0 0 0 0 0 1 1 1 0 0 0 0 0 16 1 0 5 3 1 0 
24 18 0 0 0 0 0 2 0 0 0 0 0 0 0 1 1 1 0 0 0 0 0 15 1 0 4 3 1 0 
24 18 0 0 0 0 0 2 0 0 0 0 0 0 0 1 1 1 0 0 0 0 0 15 1 0 0 3 1 0 
