https://en-gb.facebook.com/simon.foucher
benign
10 9
5 7
5 6
5 9
5 3
5 1
5 0
5 2
5 4
5 8
42 34 0 0 0 0 0 2 0 0 0 0 0 0 0 1 1 1 0 0 0 0 0 16 3 0 0 3 1 0 
33 25 0 0 0 1 0 2 0 0 0 0 0 0 0 0 1 1 0 0 1 0 0 18 2 0 0 3 1 0 
33 25 0 0 0 1 0 2 0 0 0 0 0 0 0 0 1 1 0 0 1 0 0 18 2 0 0 3 1 0 
33 25 0 0 0 1 0 2 0 0 0 0 0 0 0 0 1 1 0 0 1 0 0 18 2 0 0 3 1 0 
33 25 0 0 0 1 0 2 0 0 0 0 0 0 0 0 1 1 0 0 1 0 0 18 2 0 0 3 1 0 
40 32 0 0 0 1 0 3 0 0 0 0 0 0 0 0 1 1 0 0 0 0 0 18 1 0 10 3 1 0 
33 25 0 0 0 1 0 2 0 0 0 0 0 0 0 0 1 1 0 0 1 0 0 18 2 0 0 3 1 0 
33 25 0 0 0 1 0 2 0 0 0 0 0 0 0 0 1 1 0 0 1 0 0 18 2 0 0 3 1 0 
32 24 0 0 0 1 0 3 0 0 0 0 0 0 0 0 1 1 0 0 0 0 0 18 1 0 0 3 1 0 
33 25 0 0 0 1 0 2 0 0 0 0 0 0 0 0 1 1 0 0 1 0 0 18 2 0 0 3 1 0 
