http://tunein.com/radio/Rumsey-Retro-Radio-1580-s117856/15480783/ca-pub-1542925551861702/Station
benign
10 9
7 8
7 0
7 2
7 4
7 5
7 3
7 9
7 6
7 1
54 36 9 0 0 2 0 1 0 0 0 0 0 0 0 0 0 1 0 0 0 0 0 10 3 0 0 3 1 0 
32 25 0 0 0 0 0 1 0 0 0 0 0 0 0 0 0 1 0 0 0 0 0 10 3 0 0 3 1 0 
30 23 0 0 0 0 0 1 0 0 0 0 0 0 0 0 0 1 0 0 0 0 0 10 3 0 0 3 1 0 
18 13 0 0 0 0 0 1 0 0 0 0 0 0 0 0 0 1 0 0 0 0 0 10 1 0 0 3 1 0 
27 21 0 0 0 0 0 1 0 0 0 0 0 0 0 0 0 1 0 0 0 0 0 10 2 0 0 3 1 0 
29 23 0 0 0 0 0 1 0 0 0 0 0 0 0 0 0 1 0 0 0 0 0 10 2 0 0 3 1 0 
29 22 0 0 0 0 0 1 0 0 0 0 0 0 0 0 0 1 0 0 0 0 0 10 3 0 0 3 1 0 
96 47 34 0 0 6 0 1 0 0 0 0 0 0 0 0 0 1 0 0 0 0 0 10 5 0 11 3 1 0 
25 19 0 0 0 0 0 1 0 0 0 0 0 0 0 0 0 1 0 0 0 0 0 10 2 0 0 3 1 0 
32 25 0 0 0 0 0 1 0 0 0 0 0 0 0 0 0 1 0 0 0 0 0 10 3 0 0 3 1 0 
