http://www.mudd.com.au/gift-voucher
defacement
10 9
8 0
8 9
8 3
8 4
8 5
8 1
8 7
8 6
8 2
31 24 0 0 0 0 0 3 0 0 0 0 0 0 0 1 0 1 0 0 0 0 0 15 1 0 0 6 1 0 
37 29 0 0 0 1 0 3 0 0 0 0 0 0 0 1 0 1 0 0 0 0 0 15 1 0 0 6 1 0 
30 23 0 0 0 0 0 3 0 0 0 0 0 0 0 1 0 1 0 0 0 0 0 15 1 0 0 6 1 0 
49 38 0 0 0 3 0 3 0 0 0 0 0 0 0 1 0 1 0 0 0 0 0 15 2 0 0 6 1 0 
27 20 0 0 0 0 0 3 0 0 0 0 0 0 0 1 0 1 0 0 0 0 0 15 1 0 0 6 1 0 
35 26 0 0 0 2 0 3 0 0 0 0 0 0 0 1 0 1 0 0 0 0 0 15 1 0 0 6 1 0 
27 20 0 0 0 0 0 3 0 0 0 0 0 0 0 1 0 1 0 0 0 0 0 15 1 0 0 6 1 0 
34 25 0 0 0 2 0 3 0 0 0 0 0 0 0 1 0 1 0 0 0 0 0 15 1 0 10 6 1 0 
35 27 0 0 0 1 0 3 0 0 0 0 0 0 0 1 0 1 0 0 0 0 0 15 1 0 9 6 1 0 
23 16 0 0 0 0 0 3 0 0 0 0 0 0 0 1 0 1 0 0 0 0 0 15 1 0 0 6 1 0 
