https://airsxm.eu/page.php?page=109
benign
10 9
9 0
9 8
9 4
9 5
9 3
9 7
9 1
9 6
9 2
26 20 0 0 0 0 0 2 0 0 0 0 0 0 0 0 1 1 0 0 0 0 0 9 1 0 0 2 1 0 
33 26 0 0 0 0 0 3 0 0 0 0 0 0 0 1 0 1 0 0 0 0 0 14 1 0 0 3 1 0 
18 13 0 0 0 0 0 1 0 0 0 0 0 0 0 0 1 1 0 0 0 0 0 9 1 0 0 2 1 0 
26 21 0 0 0 0 0 2 0 0 0 0 0 0 0 1 0 1 0 0 0 0 0 19 0 0 0 2 1 0 
27 22 0 0 0 0 0 2 0 0 0 0 0 0 0 1 0 1 0 0 0 0 0 20 0 0 0 3 1 0 
41 33 0 0 0 1 0 2 0 0 0 0 0 0 0 0 0 1 0 0 0 0 0 21 2 0 0 3 1 0 
27 22 0 0 0 0 0 2 0 0 0 0 0 0 0 1 0 1 0 0 0 0 0 20 0 0 0 3 1 0 
20 15 0 0 0 0 0 2 0 0 0 0 0 0 0 1 0 1 0 0 0 0 0 13 0 0 0 2 1 0 
25 19 0 0 0 1 0 2 0 0 0 0 0 0 0 1 0 1 0 0 0 0 0 18 0 0 0 3 1 0 
35 24 3 0 1 0 1 2 0 0 0 0 0 0 0 0 1 1 0 0 0 0 0 9 1 0 18 2 1 0 
