https://intelligentsoccer.com/?p=566
benign
10 9
0 1
0 8
0 7
0 2
6 5
6 3
6 4
6 9
6 0
35 29 0 0 0 0 0 2 0 0 0 0 0 0 0 0 1 1 0 0 0 0 0 19 1 0 6 3 1 0 
40 34 0 0 0 0 0 2 0 0 0 0 0 0 0 0 1 1 0 0 1 0 0 19 1 0 1 3 1 0 
37 32 0 0 0 0 0 1 0 0 0 0 0 0 0 0 1 1 0 0 0 0 0 21 1 0 0 3 1 0 
33 27 0 0 0 0 0 2 0 0 0 0 0 0 0 0 1 1 0 0 0 0 0 19 1 0 3 3 1 0 
30 25 0 0 0 0 0 1 0 0 0 0 0 0 0 0 1 1 0 0 0 0 0 21 1 0 7 3 1 0 
44 37 0 0 0 0 0 2 0 0 0 0 0 0 0 1 1 1 0 0 0 0 0 17 2 0 0 3 1 0 
36 26 3 0 1 0 1 1 0 0 0 0 0 0 0 0 1 1 0 0 0 0 0 21 1 0 7 3 1 0 
45 36 0 0 0 0 0 2 0 0 0 0 0 0 0 1 1 1 0 0 0 0 0 14 4 0 0 3 1 0 
35 30 0 0 0 0 0 1 0 0 0 0 0 0 0 0 1 1 0 0 0 0 0 21 1 0 0 3 1 0 
48 40 0 0 0 1 0 2 0 0 0 0 0 0 0 1 1 1 0 0 0 0 0 15 2 0 0 3 1 0 
