http://maslen.sk/en/sejeal.jpg
defacement
10 9
1 7
1 8
1 5
1 3
1 0
1 4
1 6
1 9
1 2
28 20 0 0 0 1 0 2 0 0 0 0 0 0 0 1 1 1 0 0 0 0 0 13 2 0 0 2 1 0 
30 23 0 0 0 0 0 2 0 0 0 0 0 0 0 0 0 1 0 0 0 0 0 9 2 0 10 2 1 0 
48 38 0 0 0 2 0 2 0 0 0 0 0 0 0 1 1 1 0 0 0 0 0 13 3 0 0 2 1 0 
16 3 10 0 0 0 0 0 0 0 0 0 0 0 0 0 0 0 0 0 0 0 0 10 0 0 0 0 1 0 
22 16 0 0 0 0 0 2 0 0 0 0 0 0 0 1 1 1 0 0 0 0 0 13 1 0 0 2 1 0 
25 20 0 1 0 0 0 1 0 0 0 0 0 0 0 0 0 0 0 0 0 0 0 16 0 0 0 2 1 0 
56 47 2 0 0 0 0 2 0 0 0 0 0 0 0 1 1 1 0 0 0 0 0 15 2 0 0 3 1 0 
124 77 22 0 0 6 0 2 0 12 0 0 0 0 0 1 1 1 0 0 0 0 0 16 2 0 0 3 1 0 
39 29 0 0 0 0 0 4 0 0 0 0 0 0 0 1 1 1 0 0 0 0 0 17 2 0 0 3 1 0 
37 29 0 0 0 1 0 2 0 0 0 0 0 0 0 1 1 1 0 0 0 0 1 25 2 0 0 3 1 0 
