http://www.viaggiareinirlanda.net/prima-di-partire/come-raggiungere-lirlanda.html
defacement
10 9
9 4
9 2
9 0
9 7
9 6
9 3
9 5
9 1
9 8
35 29 0 0 0 0 0 2 0 0 0 0 0 0 0 1 1 1 0 0 0 0 0 26 1 0 0 3 1 0 
60 51 0 0 0 2 0 2 0 0 0 0 0 0 0 1 1 1 0 0 0 0 0 26 2 0 0 3 1 0 
56 47 0 0 0 2 0 2 0 0 0 0 0 0 0 1 1 1 0 0 0 0 0 26 2 0 0 3 1 0 
52 43 0 0 0 2 0 2 0 0 0 0 0 0 0 1 1 1 0 0 0 0 0 26 2 0 0 3 1 0 
59 49 0 0 0 3 0 2 0 0 0 0 0 0 0 1 1 1 0 0 0 0 0 26 2 0 0 3 1 0 
56 46 0 0 0 3 0 2 0 0 0 0 0 0 0 1 1 1 0 0 0 0 0 26 2 0 0 3 1 0 
76 63 0 0 0 6 0 2 0 0 0 0 0 0 0 1 1 1 0 0 0 0 0 26 2 0 0 3 1 0 
50 41 0 0 0 2 0 2 0 0 0 0 0 0 0 1 1 1 0 0 0 0 0 26 2 0 0 3 1 0 
39 32 0 0 0 0 0 2 0 0 0 0 0 0 0 1 1 1 0 0 0 0 0 26 2 0 0 3 1 0 
81 69 0 0 0 4 0 3 0 0 0 0 0 0 0 1 0 1 0 0 0 0 0 26 2 0 13 3 1 0 
