https://members.tripod.com/~louisetconner/
phishing
10 9
2 4
2 6
2 7
2 8
2 0
2 3
2 9
2 1
2 5
55 46 0 0 0 0 0 3 0 0 0 0 0 0 0 0 1 1 0 0 0 0 0 18 2 0 0 3 1 0 
68 59 0 0 0 0 0 3 0 0 0 0 0 0 0 0 1 1 0 0 1 0 0 18 2 0 0 3 1 0 
42 34 0 0 0 0 0 2 0 0 0 0 0 0 0 0 1 1 0 0 0 0 0 18 2 0 9 3 1 0 
52 43 0 0 0 0 0 3 0 0 0 0 0 0 0 0 1 1 0 0 0 0 0 18 2 0 0 3 1 0 
35 29 0 1 0 0 0 2 0 0 0 0 0 0 0 0 0 0 0 0 0 0 1 26 0 0 0 3 1 0 
59 49 0 0 0 0 0 5 0 0 0 0 0 0 0 0 0 1 0 0 0 0 0 36 2 0 0 3 1 0 
55 45 1 0 0 0 0 3 0 0 0 0 0 0 0 0 1 1 0 0 1 0 0 18 2 0 0 3 1 0 
57 48 0 0 0 0 0 3 0 0 0 0 0 0 0 0 1 1 0 0 0 0 0 18 2 0 0 3 1 0 
54 45 0 0 0 0 0 3 0 0 0 0 0 0 0 0 1 1 0 0 0 0 0 18 2 0 0 3 1 0 
55 45 1 0 0 0 0 3 0 0 0 0 0 0 0 0 1 1 0 0 1 0 0 18 2 0 0 3 1 0 
