http://www.verrijzenisgemeenschap.nl/index.php?view=article&catid=1:laatste-nieuws&id=214:parochiedag-3-februari-2013&tmpl=component&print=1&layout=default&page=
defacement
10 9
5 4
5 6
5 1
5 7
5 2
5 9
5 0
5 3
5 8
82 66 4 0 0 5 0 1 0 0 0 0 0 0 0 0 1 1 0 0 0 0 0 19 3 0 0 2 1 0 
14 10 0 0 0 0 0 0 0 0 0 0 0 0 0 0 0 0 0 0 0 0 0 1 0 0 0 0 1 0 
39 33 0 0 0 0 0 2 0 0 0 0 0 0 0 1 1 1 0 0 0 0 0 16 1 0 0 3 1 0 
46 39 0 0 0 0 0 3 0 0 0 0 0 0 0 1 0 1 0 0 0 0 0 29 1 0 0 2 1 0 
30 25 0 0 0 0 0 1 0 0 0 0 0 0 0 0 1 1 0 0 0 0 0 11 1 0 0 3 1 0 
161 124 10 0 1 4 7 3 0 0 0 0 0 0 0 1 0 1 0 0 0 0 0 29 1 0 12 2 1 0 
37 31 0 0 0 1 0 1 0 0 0 0 0 0 0 0 1 1 0 0 0 0 0 28 1 0 0 2 1 0 
20 3 10 0 0 1 0 0 0 0 0 0 0 0 0 0 0 0 0 0 0 0 0 14 0 0 0 0 1 0 
62 49 4 0 0 3 0 1 0 0 0 0 0 0 0 0 1 1 0 0 0 0 0 19 2 0 0 2 1 0 
64 54 0 0 0 4 0 1 0 0 0 0 0 0 0 0 1 1 0 0 0 0 0 28 2 0 0 2 1 0 
