https://averagefrank.blogspot.com/
benign
10 9
7 0
7 8
7 5
7 6
7 3
7 4
7 9
7 1
7 2
69 51 6 0 0 3 0 3 0 0 0 0 0 0 0 0 1 1 0 0 0 0 1 25 3 0 0 12 1 0 
35 27 0 0 0 1 0 3 0 0 0 0 0 0 0 1 1 1 0 0 0 0 0 15 1 0 0 3 1 0 
86 65 6 0 0 6 0 3 0 0 0 0 0 0 0 0 1 1 0 0 0 0 1 25 3 0 0 12 1 0 
69 52 6 0 0 2 0 3 0 0 0 0 0 0 0 0 1 1 0 0 0 0 1 25 3 0 0 12 1 0 
60 44 6 0 0 1 0 3 0 0 0 0 0 0 0 0 1 1 0 0 0 0 1 25 3 0 0 12 1 0 
68 51 6 0 0 2 0 3 0 0 0 0 0 0 0 0 1 1 0 0 0 0 1 25 3 0 0 12 1 0 
84 63 6 0 0 6 0 3 0 0 0 0 0 0 0 0 1 1 0 0 0 0 1 25 3 0 0 12 1 0 
34 28 0 0 0 0 0 2 0 0 0 0 0 0 0 0 1 1 0 0 0 0 1 25 1 0 34 12 1 0 
52 25 20 0 0 0 0 2 0 0 0 0 0 0 0 1 1 1 0 0 0 0 0 15 2 0 0 3 1 0 
33 26 0 0 0 0 0 3 0 0 0 0 0 0 0 1 1 1 0 0 0 0 0 15 1 0 0 3 1 0 
