https://www.cs.kent.ac.uk/pubs/1997/213/
phishing
10 9
1 9
1 2
1 8
1 3
1 6
1 7
1 5
1 4
1 0
30 22 0 0 0 0 0 3 0 0 0 0 0 0 0 1 0 1 0 0 0 0 0 14 2 0 0 5 1 0 
40 22 7 0 0 0 0 4 0 0 0 0 0 0 0 1 1 1 0 0 0 0 0 17 4 0 9 5 1 0 
27 19 0 0 0 0 0 3 0 0 0 0 0 0 0 1 0 1 0 0 0 0 0 14 2 0 0 5 1 0 
28 20 0 0 0 0 0 3 0 0 0 0 0 0 0 1 0 1 0 0 0 0 0 14 2 0 0 5 1 0 
31 23 0 0 0 0 0 3 0 0 0 0 0 0 0 1 0 1 0 0 0 0 0 14 2 0 0 5 1 0 
98 75 5 0 0 8 0 3 0 0 0 0 0 0 0 1 0 1 0 0 0 0 0 14 4 0 0 5 1 0 
34 26 0 0 0 0 0 3 0 0 0 0 0 0 0 1 0 1 0 0 0 0 0 14 2 0 0 5 1 0 
45 35 0 0 0 0 0 4 0 0 0 0 0 0 0 1 0 1 0 0 0 0 0 14 3 0 0 5 1 0 
22 15 0 0 0 0 0 3 0 0 0 0 0 0 0 1 0 1 0 0 0 0 0 14 1 0 0 5 1 0 
31 23 0 0 0 0 0 3 0 0 0 0 0 0 0 1 0 1 0 0 0 0 0 14 2 0 0 5 1 0 
