http://www.mariasfreshflowers.com.au/component/virtuemart/index.html?page=shop.product_details&flypage=flypage.tpl&product_id=67&category_id=1
defacement
10 9
7 0
7 1
7 9
7 8
7 2
7 6
7 3
7 4
7 5
63 46 6 0 0 3 0 3 0 0 0 0 0 0 0 1 1 1 0 0 0 0 0 30 2 0 0 6 1 0 
68 51 6 0 0 3 0 3 0 0 0 0 0 0 0 1 1 1 0 0 0 0 0 30 2 0 0 6 1 0 
68 58 0 0 0 0 0 4 0 0 0 0 0 0 0 1 0 1 0 0 0 0 0 29 3 0 0 6 1 0 
16 3 10 0 0 0 0 0 0 0 0 0 0 0 0 0 0 0 0 0 0 0 0 10 0 0 0 0 1 0 
21 14 1 0 0 0 0 0 0 0 0 0 0 0 0 0 0 0 0 0 0 0 0 8 0 0 0 0 0 0 
66 51 6 0 0 1 0 3 0 0 0 0 0 0 0 1 1 1 0 0 0 0 0 30 2 0 0 6 1 0 
63 47 6 0 0 2 0 3 0 0 0 0 0 0 0 1 1 1 0 0 0 0 0 30 2 0 0 6 1 0 
142 116 3 0 1 0 4 6 0 0 0 0 0 0 0 1 0 1 0 0 0 0 0 29 3 0 15 6 1 0 
41 34 0 0 0 0 0 3 0 0 0 0 0 0 0 1 0 1 0 0 0 0 0 29 1 0 0 6 1 0 
37 30 0 0 0 0 0 3 0 0 0 0 0 0 0 1 0 1 0 0 0 0 0 29 1 0 0 6 1 0 
