https://www.koshka.net/cgiftp.html
phishing
10 9
4 5
4 1
4 8
4 7
4 2
4 6
4 9
4 3
4 0
40 32 0 0 0 0 0 2 0 0 0 0 0 0 0 1 1 1 0 0 0 0 0 14 3 0 0 3 1 0 
43 35 0 0 0 0 0 2 0 0 0 0 0 0 0 1 1 1 0 0 0 0 0 14 3 0 0 3 1 0 
22 17 0 0 0 0 0 2 0 0 0 0 0 0 0 1 1 1 0 0 0 0 0 14 0 0 0 3 1 0 
44 35 0 0 0 1 0 2 0 0 0 0 0 0 0 1 1 1 0 0 0 0 0 14 3 0 0 3 1 0 
34 27 0 0 0 0 0 3 0 0 0 0 0 0 0 1 1 1 0 0 0 0 0 14 1 0 12 3 1 0 
23 17 0 0 0 0 0 2 0 0 0 0 0 0 0 1 1 1 0 0 0 0 0 14 1 0 0 3 1 0 
39 31 0 0 0 0 0 2 0 0 0 0 0 0 0 1 1 1 0 0 0 0 0 14 3 0 0 3 1 0 
40 32 0 0 0 0 0 2 0 0 0 0 0 0 0 1 1 1 0 0 0 0 0 14 3 0 0 3 1 0 
40 32 0 0 0 0 0 2 0 0 0 0 0 0 0 1 1 1 0 0 0 0 0 14 3 0 0 3 1 0 
43 35 0 0 0 0 0 2 0 0 0 0 0 0 0 1 1 1 0 0 0 0 0 14 3 0 0 3 1 0 
