https://www.cs.cmu.edu/afs/cs/project/cil/ftp/html/v-images.html
phishing
10 9
3 0
3 8
3 7
3 2
3 1
3 6
3 9
3 4
3 5
17 12 0 0 0 0 0 2 0 0 0 0 0 0 0 1 0 1 0 0 0 0 0 10 0 0 0 2 1 0 
27 21 0 0 0 0 0 3 0 0 0 0 0 0 0 0 0 1 0 0 0 0 0 20 0 0 0 3 1 0 
28 20 0 0 0 0 0 3 0 0 0 0 0 0 0 1 0 1 0 0 0 0 0 14 2 0 0 2 1 0 
64 49 0 0 0 1 0 4 0 0 0 0 0 0 0 1 1 1 0 0 0 0 0 14 7 0 9 3 1 0 
43 33 0 0 0 0 0 4 0 0 0 0 0 0 0 1 0 1 0 0 0 0 0 17 2 0 0 3 1 0 
18 12 0 0 0 0 0 2 0 0 0 0 0 0 0 1 0 1 0 0 0 0 0 10 1 0 0 2 1 0 
47 36 0 0 0 0 0 5 0 0 0 0 0 0 0 1 0 1 0 0 0 0 0 16 2 0 0 5 1 0 
48 39 0 0 0 0 0 5 0 0 0 0 0 0 0 1 0 1 0 0 0 0 1 23 1 0 0 3 1 0 
32 23 0 0 0 0 0 3 0 0 0 0 0 0 0 1 0 1 0 0 0 0 0 18 2 0 0 2 1 0 
27 18 0 0 0 0 0 3 0 0 0 0 0 0 0 1 0 1 0 0 0 0 0 14 2 0 0 2 1 0 
