http://www.timothycastleman.com/tim/carlon.html
phishing
10 9
5 4
5 2
5 1
5 3
5 8
5 0
9 5
9 7
9 6
115 99 0 0 0 9 0 1 0 0 0 0 0 0 0 0 0 1 0 0 0 0 0 20 3 0 0 3 1 0 
120 101 0 0 0 12 0 1 0 0 0 0 0 0 0 0 0 1 0 0 0 0 0 20 3 0 0 3 1 0 
126 106 0 0 0 13 0 1 0 0 0 0 0 0 0 0 0 1 0 0 0 0 0 20 3 0 0 3 1 0 
131 110 0 0 0 14 0 1 0 0 0 0 0 0 0 0 0 1 0 0 0 0 0 20 3 0 0 3 1 0 
170 146 0 0 0 17 0 1 0 0 0 0 0 0 0 0 0 1 0 0 0 0 0 20 3 0 0 3 1 0 
28 23 0 0 0 0 0 1 0 0 0 0 0 0 0 0 0 1 0 0 0 0 0 20 1 0 9 3 1 0 
22 17 0 0 0 0 0 1 0 0 0 0 0 0 0 0 1 1 0 0 0 0 0 13 1 0 3 3 1 0 
29 22 0 0 0 0 0 2 0 0 0 0 0 0 0 1 1 1 0 0 0 0 0 17 2 0 0 2 1 0 
114 97 0 0 0 10 0 1 0 0 0 0 0 0 0 0 0 1 0 0 0 0 0 20 3 0 0 3 1 0 
47 39 0 0 0 0 0 3 0 0 0 0 0 0 0 1 0 1 0 0 0 0 0 24 2 0 6 3 1 0 
