http://adinamed.com/news/index.php?page=11&catid=0&myord=uptime&myshownums=&showtj=&showdate=&author=&key=
malware
10 9
7 8
8 4
8 3
8 5
8 2
8 1
8 0
8 6
8 9
22 14 3 0 0 0 0 2 0 0 0 0 0 0 0 1 1 1 0 0 0 0 0 14 0 0 0 3 1 0 
21 16 0 0 0 0 0 2 0 0 0 0 0 0 0 0 0 1 0 0 0 0 0 14 0 0 0 3 1 0 
14 10 0 0 0 0 0 0 0 0 0 0 0 0 0 0 0 0 0 0 0 0 0 1 0 0 0 0 1 0 
25 19 0 0 0 0 0 2 0 0 0 0 0 0 0 0 1 1 0 0 0 0 0 16 1 0 0 3 1 0 
20 15 0 0 0 0 0 2 0 0 0 0 0 0 0 0 0 1 0 0 0 0 0 13 0 0 0 3 1 0 
23 17 0 0 0 0 0 2 0 0 0 0 0 0 0 0 0 1 0 0 0 0 0 15 1 0 0 3 1 0 
20 15 0 0 0 0 0 1 0 0 0 0 0 0 0 0 0 1 0 0 0 0 0 12 1 0 0 3 1 0 
106 80 3 0 1 0 8 2 0 0 0 0 0 0 0 0 0 1 0 0 0 0 0 12 2 0 2 3 1 0 
22 16 0 0 0 0 0 2 0 0 0 0 0 0 0 1 1 1 0 0 0 0 0 13 1 0 8 3 1 0 
30 22 1 0 0 0 0 2 0 0 0 0 0 0 0 0 1 1 0 0 0 0 0 18 2 0 0 3 1 0 
