https://espn.go.com/mens-college-basketball/team/schedule/_/id/2507/providence-friars
benign
10 9
2 3
2 0
2 6
2 5
2 9
2 1
2 4
2 8
2 7
19 14 0 0 0 0 0 2 0 0 0 0 0 0 0 1 0 1 0 0 0 0 0 12 0 0 0 3 1 0 
24 17 0 0 0 0 0 2 0 0 0 0 0 0 0 0 1 1 0 0 0 0 0 11 2 0 0 3 1 0 
85 65 4 0 0 3 0 2 0 0 0 0 0 0 0 0 1 1 0 0 0 0 0 11 7 0 10 3 1 0 
27 20 0 0 0 0 0 2 0 0 0 0 0 0 0 0 1 1 0 0 0 0 0 11 2 0 0 3 1 0 
24 17 0 0 0 0 0 2 0 0 0 0 0 0 0 0 1 1 0 0 0 0 0 11 2 0 0 3 1 0 
24 17 0 0 0 0 0 2 0 0 0 0 0 0 0 0 1 1 0 0 0 0 0 11 2 0 0 3 1 0 
44 35 0 0 0 2 0 2 0 0 0 0 0 0 0 0 1 1 0 0 0 0 0 11 2 0 0 3 1 0 
24 17 0 0 0 0 0 2 0 0 0 0 0 0 0 0 1 1 0 0 0 0 0 11 2 0 0 3 1 0 
20 14 0 0 0 0 0 2 0 0 0 0 0 0 0 0 1 1 0 0 0 0 0 11 1 0 0 3 1 0 
24 17 0 0 0 0 0 2 0 0 0 0 0 0 0 0 1 1 0 0 0 0 0 11 2 0 0 3 1 0 
