http://www.auctionyourart.com/contact-us/68.html
defacement
10 9
2 5
5 8
5 0
5 9
5 4
5 1
5 3
5 7
5 6
54 44 0 0 0 3 0 3 0 0 0 0 0 0 0 1 0 1 0 0 0 0 1 22 1 0 0 3 1 0 
85 70 3 0 0 3 0 2 0 0 0 0 0 0 0 1 1 1 0 0 0 0 0 29 4 0 0 3 1 0 
48 37 2 0 0 1 0 3 0 0 0 0 0 0 0 1 0 1 0 0 0 0 1 22 2 0 1 3 1 0 
44 36 0 0 0 0 0 2 0 0 0 0 0 0 0 1 1 1 0 0 0 0 0 15 3 0 0 3 1 0 
56 46 0 0 0 2 0 2 0 0 0 0 0 0 0 1 0 1 0 0 0 0 1 22 3 0 0 3 1 0 
30 24 0 0 0 0 0 2 0 0 0 0 0 0 0 1 0 1 0 0 0 0 1 22 1 0 10 3 1 0 
58 49 0 0 0 2 0 3 0 0 0 0 0 0 0 1 0 1 0 0 0 0 1 22 1 0 0 3 1 0 
47 31 7 0 0 0 0 2 0 0 0 0 0 0 0 1 1 1 0 0 0 0 0 16 4 0 0 3 1 0 
35 30 0 0 0 0 0 1 0 0 0 0 0 0 0 0 1 1 0 0 0 0 0 11 1 0 0 3 1 0 
70 59 0 0 0 0 0 6 0 0 0 0 0 0 0 1 1 1 0 0 0 0 0 16 2 0 0 3 1 0 
