https://eliteprospects.com/player.php?player=12773
benign
10 9
2 1
2 0
2 3
2 7
2 5
2 8
2 4
2 9
2 6
44 37 0 0 0 0 0 2 0 0 0 0 0 0 0 1 1 1 0 0 0 0 0 22 2 0 0 3 1 0 
22 18 0 0 0 0 0 1 0 0 0 0 0 0 0 0 1 1 0 0 0 0 0 14 0 0 0 3 1 0 
50 37 5 0 1 0 1 2 0 0 0 0 0 0 0 0 1 1 0 0 0 0 0 18 1 0 9 3 1 0 
38 32 0 0 0 0 0 2 0 0 0 0 0 0 0 1 1 1 0 0 0 0 0 15 1 0 0 3 1 0 
37 31 0 0 0 0 0 2 0 0 0 0 0 0 0 1 1 1 0 0 0 0 0 22 1 0 0 3 1 0 
30 24 0 0 0 0 0 2 0 0 0 0 0 0 0 1 1 1 0 0 0 0 0 21 1 0 0 3 1 0 
38 32 0 0 0 0 0 2 0 0 0 0 0 0 0 1 1 1 0 0 0 0 0 22 1 0 0 3 1 0 
36 30 0 0 0 0 0 2 0 0 0 0 0 0 0 1 1 1 0 0 1 0 0 22 1 0 0 3 1 0 
30 25 0 0 0 0 0 2 0 0 0 0 0 0 0 1 1 1 0 0 0 0 0 22 0 0 0 3 1 0 
44 37 0 0 0 0 0 2 0 0 0 0 0 0 0 1 1 1 0 0 0 0 0 22 2 0 0 3 1 0 
