http://www.trees-partner.ch/index.php?fontstyle=f-default
defacement
10 9
2 4
2 0
2 1
2 6
8 5
8 9
8 3
8 2
8 7
35 28 0 0 0 1 0 2 0 0 0 0 0 0 0 1 0 1 0 0 0 0 0 20 1 0 0 2 1 0 
32 25 0 0 0 1 0 2 0 0 0 0 0 0 0 1 0 1 0 0 0 0 0 20 1 0 0 2 1 0 
44 37 0 0 0 1 0 2 0 0 0 0 0 0 0 1 0 1 0 0 0 0 0 20 1 0 7 2 1 0 
30 24 0 1 0 1 0 1 0 0 0 0 0 0 0 0 0 0 0 0 0 0 0 21 0 0 0 2 1 0 
28 21 0 0 0 1 0 2 0 0 0 0 0 0 0 1 0 1 0 0 0 0 0 20 1 0 0 2 1 0 
37 29 0 0 0 1 0 3 0 0 0 0 0 0 0 1 0 1 0 0 0 0 0 20 1 0 6 2 1 0 
37 30 0 0 0 1 0 2 0 0 0 0 0 0 0 1 0 1 0 0 0 0 0 20 1 0 0 2 1 0 
49 42 0 0 0 1 0 2 0 0 0 0 0 0 0 1 0 1 0 0 0 0 0 20 1 0 0 2 1 0 
57 46 0 0 1 2 1 3 0 0 0 0 0 0 0 1 0 1 0 0 0 0 0 20 1 0 6 2 1 0 
31 25 0 1 0 1 0 1 0 0 0 0 0 0 0 0 0 0 0 0 0 0 0 22 0 0 0 2 1 0 
