https://absolutepunk.net/showthread.php?t=248799
benign
10 9
5 0
5 9
5 2
5 4
5 7
5 3
5 6
5 8
5 1
22 17 0 0 0 0 0 2 0 0 0 0 0 0 0 0 0 1 0 0 0 0 0 15 0 0 0 2 1 0 
25 20 0 0 0 0 0 1 0 0 0 0 0 0 0 0 1 1 0 0 0 0 0 16 1 0 0 3 1 0 
44 35 0 0 0 0 0 3 0 0 0 0 0 0 0 0 1 1 0 0 0 0 0 15 3 0 0 2 1 0 
36 30 0 0 0 0 0 1 0 0 0 0 0 0 0 0 1 1 0 0 0 0 0 16 2 0 0 3 1 0 
35 29 0 0 0 0 0 1 0 0 0 0 0 0 0 0 1 1 0 0 0 0 0 16 2 0 0 3 1 0 
48 34 6 0 1 0 1 2 0 0 0 0 0 0 0 0 1 1 0 0 0 0 0 16 1 0 11 3 1 0 
41 33 0 0 0 1 0 1 0 0 0 0 0 0 0 0 1 1 0 0 0 0 0 16 3 0 0 3 1 0 
34 28 0 0 0 0 0 1 0 0 0 0 0 0 0 0 1 1 0 0 0 0 0 16 2 0 0 3 1 0 
39 33 0 0 0 0 0 2 0 0 0 0 0 0 0 0 1 1 0 0 0 0 0 16 1 0 0 3 1 0 
33 27 0 0 0 0 0 1 0 0 0 0 0 0 0 0 1 1 0 0 0 0 0 16 2 0 0 3 1 0 
