https://mcgill.ca/anesthesia/directory/site/st-marys/
benign
10 9
9 1
9 0
9 6
9 3
9 4
9 8
9 7
9 2
9 5
18 13 0 0 0 0 0 1 0 0 0 0 0 0 0 0 1 1 0 0 0 0 0 9 1 0 0 2 1 0 
51 41 1 0 0 0 0 3 0 0 0 0 0 0 0 0 1 1 0 0 0 0 0 17 2 0 0 2 1 0 
29 23 0 0 0 0 0 2 0 0 0 0 0 0 0 0 1 1 0 0 0 0 0 11 1 0 0 3 1 0 
26 21 0 0 0 0 0 2 0 0 0 0 0 0 0 0 1 1 0 0 0 0 0 18 0 0 0 2 1 0 
37 30 0 0 0 0 0 2 0 0 0 0 0 0 0 1 1 1 0 0 0 0 0 13 2 0 0 2 1 0 
25 20 0 0 0 0 0 2 0 0 0 0 0 0 0 0 1 1 0 0 0 0 0 17 0 0 0 3 1 0 
22 17 0 0 0 0 0 2 0 0 0 0 0 0 0 0 1 1 0 0 0 0 0 14 0 0 0 2 1 0 
29 22 1 0 0 0 0 2 0 0 0 0 0 0 0 0 1 1 0 0 0 0 0 20 1 0 0 2 1 0 
21 15 0 0 0 0 0 2 0 0 0 0 0 0 0 0 0 1 0 0 0 0 0 13 1 0 0 2 1 0 
53 43 0 0 0 1 0 1 0 0 0 0 0 0 0 0 1 1 0 0 0 0 0 9 5 0 9 2 1 0 
