http://www.webopro.com/index.php/new/na/198---elena-kalis
defacement
10 9
0 6
0 3
0 1
0 5
0 4
0 7
0 8
0 2
0 9
57 40 3 0 0 4 0 3 0 0 0 0 0 0 0 1 0 1 0 0 0 0 0 15 4 0 12 3 1 0 
44 36 0 0 0 1 0 3 0 0 0 0 0 0 0 1 1 1 0 0 0 0 0 19 1 0 0 3 0 0 
50 41 0 0 0 2 0 3 0 0 0 0 0 0 0 1 1 1 0 0 0 0 0 19 1 0 0 3 0 0 
37 30 0 0 0 0 0 3 0 0 0 0 0 0 0 1 1 1 0 0 0 0 0 19 1 0 0 3 0 0 
35 28 0 0 0 0 0 3 0 0 0 0 0 0 0 1 1 1 0 0 0 0 0 19 1 0 0 3 0 0 
50 41 0 0 0 2 0 3 0 0 0 0 0 0 0 1 1 1 0 0 1 0 0 19 1 0 0 3 0 0 
45 37 0 0 0 0 0 3 0 0 0 0 0 0 0 1 1 1 0 0 0 0 0 19 1 0 0 3 0 0 
37 30 0 0 0 0 0 3 0 0 0 0 0 0 0 1 1 1 0 0 0 0 0 19 1 0 0 3 0 0 
20 3 11 0 0 3 0 0 0 0 0 0 0 0 0 0 0 0 0 0 0 0 0 14 0 0 0 0 1 0 
39 32 0 0 0 0 0 3 0 0 0 0 0 0 0 1 1 1 0 0 0 0 0 19 1 0 0 3 0 0 
