http://9779.info/%E7%AB%8B%E4%BD%93%E5%B8%83%E8%B4%B4%E7%94%BB%E5%9B%BE%E7%89%87/
malware
10 9
0 4
0 7
0 6
0 8
0 3
0 9
0 1
0 5
0 2
81 28 26 0 0 0 0 1 0 21 0 0 0 0 0 0 0 1 0 0 0 0 0 9 2 0 1 4 1 0 
21 11 4 0 0 0 0 2 0 0 0 0 0 0 0 1 0 1 0 0 0 0 0 13 1 0 9 4 1 0 
23 13 4 0 0 0 0 1 0 0 0 0 0 0 0 0 0 1 0 0 0 0 0 9 2 0 0 4 1 0 
22 12 4 0 0 0 0 1 0 0 0 0 0 0 0 0 0 1 0 0 0 0 0 9 2 0 0 4 1 0 
21 11 4 0 0 0 0 1 0 0 0 0 0 0 0 0 0 1 0 0 0 0 0 9 2 0 0 4 1 0 
21 11 4 0 0 0 0 1 0 0 0 0 0 0 0 0 0 1 0 0 0 0 0 9 2 0 0 4 1 0 
21 11 4 0 0 0 0 1 0 0 0 0 0 0 0 0 0 1 0 0 0 0 0 9 2 0 0 4 1 0 
21 11 4 0 0 0 0 1 0 0 0 0 0 0 0 0 0 1 0 0 0 0 0 9 2 0 0 4 1 0 
22 12 4 0 0 0 0 1 0 0 0 0 0 0 0 0 0 1 0 0 0 0 0 9 2 0 0 4 1 0 
23 13 4 0 0 0 0 1 0 0 0 0 0 0 0 0 0 1 0 0 0 0 0 9 2 0 0 4 1 0 
