http://kkarakas.com/wp-includes/css/mde/guq1b1aj.wil.exe
malware
10 9
0 6
0 8
8 1
8 2
8 5
8 9
8 7
8 4
8 3
56 43 2 0 0 1 0 3 0 0 0 0 0 0 0 0 0 1 0 0 0 0 0 12 4 0 3 3 1 0 
46 37 0 0 0 0 0 2 0 0 0 0 0 0 0 0 0 1 0 0 0 0 0 12 4 0 0 3 1 0 
43 35 0 0 0 1 0 2 0 0 0 0 0 0 0 0 0 1 0 0 0 0 0 12 2 0 0 3 1 0 
45 36 1 0 0 1 0 2 0 0 0 0 0 0 0 0 0 1 0 0 0 0 0 12 2 0 0 3 1 0 
40 31 0 0 0 0 0 2 0 0 0 0 0 0 0 0 0 1 0 0 0 0 0 12 4 0 0 3 1 0 
42 32 0 0 0 0 0 4 0 0 0 0 0 0 0 0 0 1 0 0 0 0 0 12 3 0 0 3 1 0 
29 23 0 0 0 0 0 2 0 0 0 0 0 0 0 0 0 1 0 0 0 0 0 12 1 0 0 3 1 0 
44 34 2 0 0 1 0 3 0 0 0 0 0 0 0 1 1 1 0 0 0 0 0 17 1 0 0 3 1 0 
20 15 0 0 0 0 0 1 0 0 0 0 0 0 0 0 0 1 0 0 0 0 0 12 1 0 10 3 1 0 
53 41 2 0 0 2 0 2 0 0 0 0 0 0 0 0 0 1 0 0 0 0 0 12 3 0 0 3 1 0 
