https://functionary-coders.000webhostapp.com
phishing
10 9
0 4
0 8
0 6
0 9
0 2
0 7
1 0
1 5
1 3
44 34 3 0 0 0 0 2 0 0 0 0 0 0 0 1 1 1 0 0 0 0 0 17 2 0 12 3 1 0 
44 35 3 0 0 1 0 2 0 0 0 0 0 0 0 0 1 1 0 0 0 0 0 36 0 0 4 3 1 0 
62 51 3 0 0 2 0 2 0 0 0 0 0 0 0 0 1 1 0 0 0 0 0 36 1 0 0 3 1 0 
47 35 3 0 0 3 0 2 0 0 0 0 0 0 0 1 1 1 0 0 1 0 1 18 1 0 0 3 1 0 
92 77 3 0 0 4 0 2 0 0 0 0 0 0 0 0 1 1 0 0 0 0 0 36 3 0 0 3 1 0 
39 29 3 0 0 1 0 2 0 0 0 0 0 0 0 1 1 1 0 0 1 0 1 18 1 0 0 3 1 0 
91 76 3 0 0 4 0 2 0 0 0 0 0 0 0 0 1 1 0 0 0 0 0 36 3 0 0 3 1 0 
55 45 3 0 0 1 0 2 0 0 0 0 0 0 0 0 1 1 0 0 0 0 0 36 1 0 0 3 1 0 
91 76 3 0 0 4 0 2 0 0 0 0 0 0 0 0 1 1 0 0 0 0 0 36 3 0 0 3 1 0 
53 43 3 0 0 1 0 2 0 0 0 0 0 0 0 0 1 1 0 0 0 0 0 36 1 0 0 3 1 0 
