http://www.janes-lock.com.cn/cn/contact.asp
defacement
10 9
1 5
1 4
1 0
1 9
1 2
1 8
1 7
1 3
6 1
35 27 0 0 0 1 0 3 0 0 0 0 0 0 0 1 0 1 0 0 0 0 0 21 1 0 0 6 1 0 
31 24 0 0 0 0 0 2 0 0 0 0 0 0 0 0 0 1 0 0 0 0 1 16 2 0 10 3 1 0 
40 31 0 0 0 1 0 3 0 0 0 0 0 0 0 1 0 1 0 0 0 0 0 21 2 0 0 6 1 0 
35 27 0 0 0 1 0 3 0 0 0 0 0 0 0 1 0 1 0 0 0 0 0 21 1 0 0 6 1 0 
35 27 0 0 0 1 0 3 0 0 0 0 0 0 0 1 0 1 0 0 0 0 0 21 1 0 0 6 1 0 
19 13 0 0 0 0 0 2 0 0 0 0 0 0 0 1 0 1 0 0 0 0 0 11 1 0 0 3 1 0 
43 33 0 0 0 1 0 4 0 0 0 0 0 0 0 1 0 1 0 0 0 0 0 21 2 0 2 6 1 0 
27 21 0 0 0 0 0 2 0 0 0 0 0 0 0 1 0 1 0 0 0 0 0 19 1 0 0 3 1 0 
35 27 0 0 0 1 0 3 0 0 0 0 0 0 0 1 0 1 0 0 0 0 0 21 1 0 0 6 1 0 
33 25 0 0 0 1 0 3 0 0 0 0 0 0 0 1 0 1 0 0 0 0 0 21 1 0 0 6 1 0 
