https://www.kf25zx.com/images?us.battle.net/login/en/?ref=ecqjbmeus.battle.net/d3/en/index
benign
10 9
0 7
0 5
0 6
0 2
0 4
0 9
0 3
0 1
8 0
44 35 1 0 0 2 0 2 0 0 0 0 0 0 0 1 1 1 0 0 0 0 0 18 1 0 8 3 1 0 
52 40 2 0 0 2 0 2 0 0 0 0 0 0 0 1 1 1 0 0 0 0 1 14 3 0 0 3 1 0 
42 32 2 0 0 1 0 2 0 0 0 0 0 0 0 1 1 1 0 0 1 0 1 14 2 0 0 3 1 0 
33 24 2 0 0 0 0 2 0 0 0 0 0 0 0 1 1 1 0 0 0 0 1 14 2 0 0 3 1 0 
50 39 2 0 0 1 0 2 0 0 0 0 0 0 0 1 1 1 0 0 1 0 1 14 3 0 0 3 1 0 
38 28 2 0 0 1 0 2 0 0 0 0 0 0 0 1 1 1 0 0 0 0 1 14 2 0 0 3 1 0 
33 24 2 0 0 0 0 2 0 0 0 0 0 0 0 1 1 1 0 0 0 0 1 14 2 0 0 3 1 0 
54 43 2 0 0 1 0 2 0 0 0 0 0 0 0 1 1 1 0 0 1 0 1 14 3 0 0 3 1 0 
90 68 3 0 2 0 1 6 0 0 0 0 0 0 0 1 1 1 0 0 1 0 1 14 1 0 1 3 1 0 
52 41 2 0 0 1 0 2 0 0 0 0 0 0 0 1 1 1 0 0 0 0 1 14 3 0 0 3 1 0 
