https://bleacherreport.com/articles/673073-2011-nhl-playoffs-wings-look-ahead-at-possible-round-2-oppenents
benign
10 9
2 6
2 9
2 1
2 0
2 7
2 8
2 4
2 5
2 3
27 22 0 0 0 0 0 1 0 0 0 0 0 0 0 0 1 1 0 0 0 0 1 18 1 0 0 3 1 0 
30 25 0 0 0 0 0 1 0 0 0 0 0 0 0 0 1 1 0 0 0 0 1 18 1 0 0 3 1 0 
107 79 11 0 0 11 0 1 0 0 0 0 0 0 0 0 1 1 0 0 0 0 1 18 2 0 9 3 1 0 
30 25 0 0 0 0 0 1 0 0 0 0 0 0 0 0 1 1 0 0 0 0 1 18 1 0 0 3 1 0 
33 28 0 0 0 0 0 1 0 0 0 0 0 0 0 0 1 1 0 0 0 0 1 18 1 0 0 3 1 0 
30 25 0 0 0 0 0 1 0 0 0 0 0 0 0 0 1 1 0 0 0 0 1 18 1 0 0 3 1 0 
45 39 0 0 0 1 0 1 0 0 0 0 0 0 0 0 1 1 0 0 0 0 1 18 1 0 0 3 1 0 
30 25 0 0 0 0 0 1 0 0 0 0 0 0 0 0 1 1 0 0 0 0 1 18 1 0 0 3 1 0 
52 45 0 0 0 2 0 1 0 0 0 0 0 0 0 0 1 1 0 0 0 0 1 18 1 0 0 3 1 0 
41 35 0 0 0 1 0 1 0 0 0 0 0 0 0 0 1 1 0 0 0 0 1 18 1 0 0 3 1 0 
