http://www.auctionyourart.com/auction-and-estate-liquidation-services.html
defacement
10 9
2 7
7 4
7 1
7 8
7 0
7 3
7 5
7 6
7 9
56 46 0 0 0 2 0 2 0 0 0 0 0 0 0 1 0 1 0 0 0 0 1 22 3 0 0 3 1 0 
44 36 0 0 0 0 0 2 0 0 0 0 0 0 0 1 1 1 0 0 0 0 0 15 3 0 0 3 1 0 
74 63 0 0 0 4 0 3 0 0 0 0 0 0 0 1 0 1 0 0 1 0 1 22 1 0 1 3 1 0 
54 44 0 0 0 3 0 3 0 0 0 0 0 0 0 1 0 1 0 0 0 0 1 22 1 0 0 3 1 0 
85 70 3 0 0 3 0 2 0 0 0 0 0 0 0 1 1 1 0 0 0 0 0 29 4 0 0 3 1 0 
58 49 0 0 0 2 0 3 0 0 0 0 0 0 0 1 0 1 0 0 0 0 1 22 1 0 0 3 1 0 
70 59 0 0 0 0 0 6 0 0 0 0 0 0 0 1 1 1 0 0 0 0 0 16 2 0 0 3 1 0 
30 24 0 0 0 0 0 2 0 0 0 0 0 0 0 1 0 1 0 0 0 0 1 22 1 0 10 3 1 0 
47 31 7 0 0 0 0 2 0 0 0 0 0 0 0 1 1 1 0 0 0 0 0 16 4 0 0 3 1 0 
35 30 0 0 0 0 0 1 0 0 0 0 0 0 0 0 1 1 0 0 0 0 0 11 1 0 0 3 1 0 
