https://www.angelfire.com/ca7/Security/index.html
phishing
10 9
3 9
3 5
3 0
3 1
3 8
3 2
3 7
3 6
3 4
53 43 1 0 0 0 0 3 0 0 0 0 0 0 0 1 1 1 0 0 0 0 0 17 3 0 0 3 1 0 
34 26 0 0 0 1 0 3 0 0 0 0 0 0 0 1 0 1 0 0 0 0 0 26 1 0 0 3 1 0 
57 47 1 0 0 0 0 3 0 0 0 0 0 0 0 1 1 1 0 0 0 0 0 17 3 0 0 3 1 0 
49 39 1 0 0 0 0 3 0 0 0 0 0 0 0 1 1 1 0 0 0 0 0 17 3 0 11 3 1 0 
32 25 0 0 0 0 0 3 0 0 0 0 0 0 0 1 1 1 0 0 0 0 0 23 1 0 0 3 1 0 
19 14 0 0 0 0 0 2 0 0 0 0 0 0 0 1 0 1 0 0 0 0 0 12 0 0 0 3 1 0 
50 43 0 0 0 0 0 3 0 0 0 0 0 0 0 1 0 1 0 0 0 0 0 33 1 0 0 3 1 0 
40 35 0 0 0 0 0 2 0 0 0 0 0 0 0 1 0 1 0 0 0 0 0 33 0 0 0 3 1 0 
25 18 0 0 0 1 0 2 0 0 0 0 0 0 0 1 0 1 0 0 0 0 0 17 1 0 0 3 1 0 
45 38 0 0 0 0 0 3 0 0 0 0 0 0 0 1 0 1 0 0 0 0 0 23 1 0 0 3 1 0 
