http://www.denturesuk.com/cookie-policy
defacement
10 9
3 4
3 2
3 6
3 7
3 5
3 9
3 8
3 0
3 1
50 41 0 0 0 2 0 2 0 0 0 0 0 0 0 1 0 1 0 0 0 0 0 18 2 0 17 3 1 0 
62 52 0 0 0 2 0 2 0 0 0 0 0 0 0 1 1 1 0 0 1 0 0 18 3 0 0 3 1 0 
27 21 0 0 0 0 0 2 0 0 0 0 0 0 0 1 1 1 0 0 0 0 0 18 1 0 0 3 1 0 
39 32 0 0 0 1 0 2 0 0 0 0 0 0 0 1 0 1 0 0 0 0 0 18 1 0 16 3 1 0 
61 51 0 0 0 2 0 2 0 0 0 0 0 0 0 1 1 1 0 0 1 0 0 18 3 0 0 3 1 0 
39 32 0 0 0 1 0 2 0 0 0 0 0 0 0 1 0 1 0 0 0 0 0 18 1 0 0 3 1 0 
36 28 0 0 0 1 0 2 0 0 0 0 0 0 0 1 1 1 0 0 0 0 0 18 2 0 0 3 1 0 
63 52 0 0 0 3 0 2 0 0 0 0 0 0 0 1 1 1 0 0 0 0 0 18 3 0 0 3 1 0 
44 36 0 0 0 1 0 2 0 0 0 0 0 0 0 1 1 1 0 0 1 0 0 18 2 0 0 3 1 0 
46 36 0 0 0 2 0 2 0 0 0 0 0 0 0 1 1 1 0 0 0 0 0 18 3 0 0 3 1 0 
