https://beijingbound.wordpress.com/
benign
10 9
0 4
0 1
0 6
0 3
0 8
0 9
0 5
0 2
0 7
35 29 0 0 0 0 0 2 0 0 0 0 0 0 0 0 1 1 0 0 0 0 0 26 1 0 29 3 1 0 
41 34 0 0 0 0 0 2 0 0 0 0 0 0 0 0 1 1 0 0 0 0 0 26 2 0 0 3 1 0 
81 51 13 0 0 7 0 2 0 0 0 0 0 0 0 0 1 1 0 0 0 0 0 26 5 0 0 3 1 0 
58 50 0 0 0 0 0 2 0 0 0 0 0 0 0 0 1 1 0 0 0 0 0 26 3 0 0 3 1 0 
50 32 8 0 0 0 0 2 0 0 0 0 0 0 0 0 1 1 0 0 0 0 0 26 5 0 0 3 1 0 
72 44 13 0 0 5 0 2 0 0 0 0 0 0 0 0 1 1 0 0 0 0 0 26 5 0 0 3 1 0 
55 36 8 0 0 1 0 2 0 0 0 0 0 0 0 0 1 1 0 0 0 0 0 26 5 0 0 3 1 0 
62 42 8 0 0 2 0 2 0 0 0 0 0 0 0 0 1 1 0 0 0 0 0 26 5 0 0 3 1 0 
64 44 8 0 0 2 0 2 0 0 0 0 0 0 0 0 1 1 0 0 0 0 0 26 5 0 0 3 1 0 
68 41 13 0 0 4 0 2 0 0 0 0 0 0 0 0 1 1 0 0 0 0 0 26 5 0 0 3 1 0 
