https://bit.ly/Wmsp2O
benign
10 9
5 1
5 2
5 0
5 8
5 3
7 5
7 4
7 6
7 9
50 41 0 0 0 2 0 1 0 0 0 0 0 0 0 0 1 1 0 0 0 0 1 9 3 0 0 3 1 0 
23 18 0 0 0 0 0 1 0 0 0 0 0 0 0 0 1 1 0 0 0 0 1 9 1 0 0 3 1 0 
43 31 3 0 0 2 0 1 0 0 0 0 0 0 0 0 1 1 0 0 0 0 1 9 3 0 0 3 1 0 
50 41 0 0 0 2 0 1 0 0 0 0 0 0 0 0 1 1 0 0 0 0 1 9 3 0 0 3 1 0 
27 20 0 0 0 0 0 1 0 0 0 0 0 0 0 0 1 1 0 0 0 0 1 9 2 0 0 3 1 0 
18 13 0 0 0 0 0 1 0 0 0 0 0 0 0 0 1 1 0 0 0 0 1 9 1 0 6 3 1 0 
17 13 0 0 0 0 0 1 0 0 0 0 0 0 0 0 1 1 0 0 0 0 1 9 0 0 0 3 1 0 
21 15 1 0 0 0 0 1 0 0 0 0 0 0 0 0 1 1 0 0 0 0 1 6 1 0 4 2 1 0 
33 26 0 0 0 1 0 1 0 0 0 0 0 0 0 0 1 1 0 0 0 0 1 9 2 0 0 3 1 0 
27 20 0 0 0 0 0 1 0 0 0 0 0 0 0 0 1 1 0 0 0 0 1 9 2 0 0 3 1 0 
