https://ecnow.com/Internet_Marketing.htm
phishing
10 9
4 9
4 2
4 1
4 0
4 3
4 7
4 5
4 6
4 8
40 33 0 0 0 0 0 3 0 0 0 0 0 0 0 0 1 1 0 0 0 0 0 9 1 0 0 3 1 0 
30 24 0 0 0 0 0 2 0 0 0 0 0 0 0 0 1 1 0 0 0 0 0 9 1 0 0 3 1 0 
33 27 0 0 0 0 0 2 0 0 0 0 0 0 0 0 1 1 0 0 0 0 0 9 1 0 0 3 1 0 
31 25 0 0 0 0 0 2 0 0 0 0 0 0 0 0 1 1 0 0 0 0 0 9 1 0 0 3 1 0 
40 33 0 0 0 0 0 2 0 0 0 0 0 0 0 0 1 1 0 0 0 0 0 9 1 0 9 3 1 0 
27 21 0 0 0 0 0 2 0 0 0 0 0 0 0 0 1 1 0 0 0 0 0 9 1 0 0 3 1 0 
27 21 0 0 0 0 0 2 0 0 0 0 0 0 0 0 1 1 0 0 0 0 0 9 1 0 0 3 1 0 
30 24 0 0 0 0 0 2 0 0 0 0 0 0 0 0 1 1 0 0 0 0 0 9 1 0 0 3 1 0 
29 23 0 0 0 0 0 2 0 0 0 0 0 0 0 0 1 1 0 0 0 0 0 9 1 0 0 3 1 0 
38 31 0 0 0 0 0 3 0 0 0 0 0 0 0 0 1 1 0 0 1 0 0 9 1 0 0 3 1 0 
