https://github.com/santegouve/COVID19/raw/master/COVO%20ARTHEMISIApdf.exe
malware
10 9
1 5
1 4
1 8
1 6
1 9
1 0
1 7
1 2
1 3
19 14 0 0 0 0 0 1 0 0 0 0 0 0 0 0 1 1 0 0 0 0 0 10 1 0 0 3 1 0 
73 58 4 0 0 0 0 2 0 1 0 0 0 0 0 0 1 1 0 0 0 0 0 10 5 0 10 3 1 0 
36 30 0 0 0 0 0 1 0 0 0 0 0 0 0 0 1 1 0 0 0 0 0 10 2 0 0 3 1 0 
38 32 0 0 0 0 0 1 0 0 0 0 0 0 0 0 1 1 0 0 0 0 0 10 2 0 0 3 1 0 
39 32 0 0 0 1 0 1 0 0 0 0 0 0 0 0 1 1 0 0 0 0 0 10 2 0 0 3 1 0 
25 20 0 0 0 0 0 1 0 0 0 0 0 0 0 0 1 1 0 0 0 0 0 10 1 0 0 3 1 0 
35 29 0 0 0 0 0 1 0 0 0 0 0 0 0 0 1 1 0 0 0 0 0 10 2 0 0 3 1 0 
36 30 0 0 0 0 0 1 0 0 0 0 0 0 0 0 1 1 0 0 0 0 0 10 2 0 0 3 1 0 
35 29 0 0 0 0 0 1 0 0 0 0 0 0 0 0 1 1 0 0 0 0 0 10 2 0 0 3 1 0 
34 28 0 0 0 0 0 1 0 0 0 0 0 0 0 0 1 1 0 0 0 0 0 10 2 0 0 3 1 0 
