http://fishki.net/1525423-u-jetoj-koshki-umerli-vse-kotjata-no-u-sudby-byli-na-nee-svoi-plany.html?mode=recent
benign
10 9
7 4
7 2
7 5
7 9
7 6
7 0
7 3
7 1
7 8
73 55 7 0 0 5 0 2 0 0 0 0 0 0 0 0 0 1 0 0 0 0 0 10 1 0 0 3 1 0 
34 20 7 0 0 0 0 1 0 0 0 0 0 0 0 0 0 1 0 0 0 0 0 10 3 0 0 3 1 0 
82 60 9 0 0 7 0 2 0 0 0 0 0 0 0 0 0 1 0 0 0 0 0 10 1 0 0 3 1 0 
34 20 7 0 0 0 0 1 0 0 0 0 0 0 0 0 0 1 0 0 0 0 0 10 3 0 0 3 1 0 
91 70 7 0 0 8 0 2 0 0 0 0 0 0 0 0 0 1 0 0 0 0 0 10 1 0 0 3 1 0 
34 20 7 0 0 0 0 1 0 0 0 0 0 0 0 0 0 1 0 0 0 0 0 10 3 0 0 3 1 0 
25 19 0 0 0 0 0 1 0 0 0 0 0 0 0 0 0 1 0 0 0 0 0 10 2 0 0 3 1 0 
110 81 7 0 1 14 1 2 0 0 0 0 0 0 0 0 0 1 0 0 0 0 0 10 1 0 14 3 1 0 
18 13 0 0 0 0 0 1 0 0 0 0 0 0 0 0 0 1 0 0 0 0 0 10 1 0 0 3 1 0 
54 38 7 0 0 3 0 2 0 0 0 0 0 0 0 0 0 1 0 0 0 0 0 10 1 0 0 3 1 0 
