https://www.herdsoft.com/catalog/ehlp2rtf.html
phishing
10 9
7 6
7 9
7 0
7 3
7 4
7 2
7 8
7 1
7 5
43 35 0 0 0 0 0 3 0 0 0 0 0 0 0 1 1 1 0 0 0 0 1 16 2 0 0 3 1 0 
42 34 0 0 0 0 0 3 0 0 0 0 0 0 0 1 0 1 0 0 0 0 1 16 2 0 0 3 1 0 
53 42 0 0 0 0 0 3 0 0 0 0 0 0 0 1 1 1 0 0 0 0 1 16 3 0 0 3 1 0 
55 46 0 0 0 0 0 3 0 0 0 0 0 0 0 1 1 1 0 0 0 0 1 16 3 0 0 3 1 0 
25 19 0 0 0 0 0 2 0 0 0 0 0 0 0 1 1 1 0 0 0 0 1 16 1 0 0 3 1 0 
43 35 0 0 0 0 0 3 0 0 0 0 0 0 0 1 1 1 0 0 0 0 1 16 2 0 0 3 1 0 
24 19 0 0 0 0 0 2 0 0 0 0 0 0 0 1 0 1 0 0 0 0 1 17 0 0 0 3 1 0 
46 37 1 0 0 0 0 3 0 0 0 0 0 0 0 1 1 1 0 0 0 0 1 16 2 0 10 3 1 0 
41 33 0 0 0 0 0 3 0 0 0 0 0 0 0 1 1 1 0 0 0 0 1 16 2 0 0 3 1 0 
68 57 0 0 0 0 0 3 0 0 0 0 0 0 0 1 1 1 0 0 0 0 1 16 3 0 0 3 1 0 
