https://archiver.rootsweb.ancestry.com/th/read/BARKLEY/2001-07/0995773182
benign
10 9
5 7
7 8
7 6
7 1
7 9
7 4
7 2
7 3
7 0
54 45 0 0 0 1 0 3 0 0 0 0 0 0 0 0 1 1 0 0 0 0 0 30 2 0 0 3 1 0 
79 68 0 0 0 2 0 3 0 0 0 0 0 0 0 0 1 1 0 0 0 0 0 30 3 0 0 3 1 0 
68 57 0 0 0 2 0 3 0 0 0 0 0 0 0 0 1 1 0 0 0 0 0 30 3 0 0 3 1 0 
77 66 0 0 0 2 0 3 0 0 0 0 0 0 0 0 1 1 0 0 0 0 0 30 3 0 0 3 1 0 
49 41 0 0 0 0 0 3 0 0 0 0 0 0 0 0 1 1 0 0 0 0 0 30 2 0 0 3 1 0 
73 45 16 0 0 1 0 3 0 0 0 0 0 0 0 0 1 1 0 0 0 0 0 30 5 0 1 3 1 0 
77 65 0 0 0 3 0 3 0 0 0 0 0 0 0 0 1 1 0 0 0 0 0 30 3 0 0 3 1 0 
26 21 0 0 0 0 0 2 0 0 0 0 0 0 0 1 1 1 0 0 0 0 0 18 0 0 8 3 1 0 
73 62 0 0 0 2 0 3 0 0 0 0 0 0 0 0 1 1 0 0 0 0 0 30 3 0 0 3 1 0 
75 62 0 0 0 4 0 3 0 0 0 0 0 0 0 0 1 1 0 0 0 0 0 30 3 0 0 3 1 0 
