https://fanpix.net/gallery/antonio-davis-pictures.htm
benign
10 9
6 0
6 3
6 1
6 4
6 7
6 2
6 8
6 5
6 9
48 38 0 0 0 2 0 2 0 0 0 0 0 0 0 0 1 1 0 0 0 0 0 10 3 0 0 3 1 0 
48 38 0 0 0 2 0 2 0 0 0 0 0 0 0 0 1 1 0 0 0 0 0 10 3 0 0 3 1 0 
48 38 0 0 0 2 0 2 0 0 0 0 0 0 0 0 1 1 0 0 0 0 0 10 3 0 0 3 1 0 
48 38 0 0 0 2 0 2 0 0 0 0 0 0 0 0 1 1 0 0 0 0 0 10 3 0 0 3 1 0 
48 38 0 0 0 2 0 2 0 0 0 0 0 0 0 0 1 1 0 0 0 0 0 10 3 0 0 3 1 0 
48 38 0 0 0 2 0 2 0 0 0 0 0 0 0 0 1 1 0 0 0 0 0 10 3 0 0 3 1 0 
53 44 0 0 0 2 0 2 0 0 0 0 0 0 0 0 1 1 0 0 0 0 0 10 2 0 9 3 1 0 
19 14 0 0 0 0 0 1 0 0 0 0 0 0 0 0 1 1 0 0 0 0 0 10 1 0 0 3 1 0 
48 38 0 0 0 2 0 2 0 0 0 0 0 0 0 0 1 1 0 0 0 0 0 10 3 0 0 3 1 0 
48 38 0 0 0 2 0 2 0 0 0 0 0 0 0 0 1 1 0 0 0 0 0 10 3 0 0 3 1 0 
