https://www.slis.indiana.edu/faculty/hrosenba/www/L561/syll/syll11.html
phishing
10 9
0 6
0 2
0 3
0 1
0 9
0 8
0 5
0 4
0 7
71 53 5 0 0 0 0 4 0 0 0 0 0 0 0 2 1 1 0 0 0 0 0 20 6 0 12 3 1 0 
50 41 0 0 0 0 0 3 0 0 0 0 0 0 0 0 1 1 0 0 0 0 0 15 3 0 0 3 1 0 
23 18 0 0 0 0 0 2 0 0 0 0 0 0 0 1 1 1 0 0 0 0 0 15 0 0 0 3 1 0 
47 38 0 0 0 0 0 3 0 0 0 0 0 0 0 0 1 1 0 0 0 0 0 15 3 0 0 3 1 0 
59 49 0 0 0 1 0 3 0 0 0 0 0 0 0 0 1 1 0 0 0 0 0 15 3 0 0 3 1 0 
40 32 0 0 0 0 0 3 0 0 0 0 0 0 0 0 1 1 0 0 0 0 0 15 2 0 0 3 1 0 
36 28 0 0 0 0 0 3 0 0 0 0 0 0 0 1 1 1 0 0 0 0 0 20 2 0 0 3 1 0 
45 36 0 0 0 0 0 3 0 0 0 0 0 0 0 0 1 1 0 0 0 0 0 15 3 0 0 3 1 0 
48 40 0 0 0 0 0 3 0 0 0 0 0 0 0 0 1 1 0 0 0 0 0 15 2 0 0 3 1 0 
49 40 0 0 0 1 0 3 0 0 0 0 0 0 0 0 1 1 0 0 0 0 0 15 2 0 0 3 1 0 
