https://acronyms.thefreedictionary.com/Gesellschaft+f%c3%bcr+Resourcenschutz
benign
10 9
1 2
1 4
1 0
1 8
1 6
1 3
1 9
1 7
1 5
64 56 0 0 0 0 0 3 0 0 0 0 0 0 0 0 1 1 0 0 1 0 0 28 2 0 0 3 1 0 
76 65 1 0 0 0 0 2 0 2 2 0 0 0 0 0 1 1 0 0 1 0 0 30 1 0 19 3 1 0 
47 40 0 0 0 0 0 3 0 0 0 0 0 0 0 0 1 1 0 0 1 0 0 28 1 0 0 3 1 0 
50 39 1 0 0 0 0 3 0 0 0 0 0 0 0 1 1 1 0 0 1 0 0 25 3 0 0 3 1 0 
50 39 1 0 0 0 0 3 0 0 0 0 0 0 0 1 1 1 0 0 1 0 0 25 3 0 0 3 1 0 
40 33 0 0 0 0 0 3 0 0 0 0 0 0 0 0 0 1 0 0 1 0 0 24 1 0 0 3 1 0 
54 47 0 0 0 0 0 3 0 0 0 0 0 0 0 0 1 1 0 0 1 0 0 28 1 0 0 3 1 0 
33 28 0 0 0 0 0 2 0 0 0 0 0 0 0 1 1 1 0 0 1 0 0 25 0 0 0 3 1 0 
74 62 0 0 0 1 0 3 0 0 0 0 0 0 0 0 1 1 0 0 1 0 0 30 4 0 0 3 1 0 
52 43 0 0 0 0 0 3 0 0 0 0 0 0 0 0 1 1 0 0 1 0 0 30 2 0 0 3 1 0 
