https://billytalentgirl.tripod.com/id13.html
benign
10 9
7 9
7 1
7 8
7 5
7 2
7 4
7 6
7 3
7 0
22 16 0 0 0 0 0 2 0 0 0 0 0 0 0 1 1 1 0 0 0 0 0 13 1 0 0 3 1 0 
38 30 0 0 0 0 0 3 0 0 0 0 0 0 0 1 1 1 0 0 0 0 0 20 2 0 0 3 1 0 
29 22 0 0 0 0 0 3 0 0 0 0 0 0 0 1 1 1 0 0 0 0 0 20 1 0 0 3 1 0 
28 21 0 0 0 1 0 2 0 0 0 0 0 0 0 0 0 1 0 0 0 0 0 20 1 0 0 3 1 0 
26 20 0 0 0 0 0 2 0 0 0 0 0 0 0 0 0 1 0 0 0 0 0 18 1 0 0 3 1 0 
34 26 0 0 0 0 0 3 0 0 0 0 0 0 0 1 1 1 0 0 0 0 0 20 2 0 0 3 1 0 
23 17 0 0 0 0 0 2 0 0 0 0 0 0 0 1 1 1 0 0 0 0 0 14 1 0 0 3 1 0 
44 35 2 0 0 0 0 3 0 0 0 0 0 0 0 0 1 1 0 0 0 0 0 26 1 0 9 3 1 0 
37 29 0 0 0 0 0 3 0 0 0 0 0 0 0 1 1 1 0 0 0 0 0 20 2 0 0 3 1 0 
73 62 0 0 0 0 0 2 0 0 0 0 0 0 0 1 1 1 0 0 0 0 0 26 6 0 0 3 1 0 
