https://canada.com/topics/news/features/decisioncanada/story.html?id=4d0d737d-0013-459f-9297-71f745852ccf
benign
10 9
2 8
2 7
2 6
2 9
2 5
2 4
2 1
2 0
2 3
44 36 0 0 0 0 0 1 0 0 0 0 0 0 0 0 1 1 0 0 0 0 0 10 4 0 0 3 1 0 
48 39 0 0 0 1 0 1 0 0 0 0 0 0 0 0 1 1 0 0 0 0 0 10 4 0 0 3 1 0 
105 65 24 0 1 4 1 2 0 0 0 0 0 0 0 0 1 1 0 0 0 0 0 10 5 0 9 3 1 0 
49 40 0 0 0 1 0 1 0 0 0 0 0 0 0 0 1 1 0 0 0 0 0 10 4 0 0 3 1 0 
38 30 0 0 0 0 0 1 0 0 0 0 0 0 0 0 1 1 0 0 0 0 0 10 4 0 0 3 1 0 
65 55 0 0 0 0 0 2 0 0 0 0 0 0 0 0 1 1 0 0 0 0 0 10 5 0 0 3 1 0 
42 35 0 0 0 0 0 1 0 0 0 0 0 0 0 0 1 1 0 0 0 0 0 10 3 0 0 3 1 0 
19 14 0 0 0 0 0 1 0 0 0 0 0 0 0 0 1 1 0 0 0 0 0 10 1 0 0 3 1 0 
49 41 0 0 0 0 0 1 0 0 0 0 0 0 0 0 1 1 0 0 0 0 0 10 4 0 0 3 1 0 
35 28 0 0 0 0 0 1 0 0 0 0 0 0 0 0 1 1 0 0 0 0 0 10 3 0 0 3 1 0 
