https://brandoncondos.ca
phishing
10 9
1 5
1 8
1 9
1 2
1 7
1 4
1 3
1 0
1 6
39 33 0 0 0 0 0 2 0 0 0 0 0 0 0 0 1 1 0 0 0 0 0 16 1 0 0 2 1 0 
24 20 0 0 0 0 0 1 0 0 0 0 0 0 0 0 1 1 0 0 0 0 0 16 0 0 12 2 1 0 
45 34 1 0 0 0 0 2 0 0 0 0 0 0 0 0 1 1 0 0 0 0 0 16 4 0 0 2 1 0 
43 36 0 0 0 1 0 2 0 0 0 0 0 0 0 0 1 1 0 0 0 0 0 16 1 0 0 2 1 0 
44 36 0 0 0 2 0 2 0 0 0 0 0 0 0 0 1 1 0 0 0 0 0 16 1 0 0 2 1 0 
34 28 0 0 0 0 0 2 0 0 0 0 0 0 0 0 1 1 0 0 0 0 0 16 1 0 0 2 1 0 
37 31 0 0 0 0 0 2 0 0 0 0 0 0 0 0 1 1 0 0 0 0 0 16 1 0 0 2 1 0 
45 34 1 0 0 0 0 2 0 0 0 0 0 0 0 0 1 1 0 0 0 0 0 16 4 0 0 2 1 0 
41 34 0 0 0 1 0 2 0 0 0 0 0 0 0 0 1 1 0 0 0 0 0 16 1 0 0 2 1 0 
35 29 0 0 0 0 0 2 0 0 0 0 0 0 0 0 1 1 0 0 0 0 0 16 1 0 0 2 1 0 
