https://wikitree.com/genealogy/MACDONALD
benign
10 9
8 4
8 0
8 9
8 3
8 5
8 2
8 6
8 1
8 7
39 33 0 0 0 0 0 1 0 0 0 0 0 0 0 0 1 1 0 0 0 0 0 12 2 0 0 3 1 0 
41 35 0 0 0 0 0 1 0 0 0 0 0 0 0 0 1 1 0 0 0 0 0 12 2 0 0 3 1 0 
39 33 0 0 0 0 0 1 0 0 0 0 0 0 0 0 1 1 0 0 0 0 0 12 2 0 0 3 1 0 
40 34 0 0 0 0 0 1 0 0 0 0 0 0 0 0 1 1 0 0 0 0 0 12 2 0 0 3 1 0 
40 34 0 0 0 0 0 1 0 0 0 0 0 0 0 0 1 1 0 0 0 0 0 12 2 0 0 3 1 0 
39 33 0 0 0 0 0 1 0 0 0 0 0 0 0 0 1 1 0 0 0 0 0 12 2 0 0 3 1 0 
40 34 0 0 0 0 0 1 0 0 0 0 0 0 0 0 1 1 0 0 0 0 0 12 2 0 0 3 1 0 
21 16 0 0 0 0 0 1 0 0 0 0 0 0 0 0 1 1 0 0 0 0 0 12 1 0 0 3 1 0 
40 34 0 0 0 0 0 1 0 0 0 0 0 0 0 0 1 1 0 0 0 0 0 12 2 0 9 3 1 0 
30 24 0 0 0 0 0 2 0 0 0 0 0 0 0 0 1 1 0 0 0 0 0 12 1 0 0 3 1 0 
