https://zvon.org/xxl/WMLTutorial/Output/introduction.html
phishing
10 9
1 8
1 7
1 4
1 6
1 9
1 0
4 2
4 5
4 3
29 22 0 0 0 0 0 3 0 0 0 0 0 0 0 1 0 1 0 0 0 0 0 12 1 0 0 3 1 0 
57 48 0 0 0 0 0 2 0 0 0 0 0 0 0 0 1 1 0 0 0 0 0 8 4 0 11 3 1 0 
30 22 0 0 0 0 0 2 0 0 0 0 0 0 0 0 1 1 0 0 0 0 0 8 3 0 0 3 1 0 
30 22 0 0 0 0 0 2 0 0 0 0 0 0 0 0 1 1 0 0 0 0 0 8 3 0 0 3 1 0 
19 14 0 0 0 0 0 2 0 0 0 0 0 0 0 1 0 1 0 0 0 0 0 12 0 0 3 3 1 0 
30 22 0 0 0 0 0 2 0 0 0 0 0 0 0 0 1 1 0 0 0 0 0 8 3 0 0 3 1 0 
50 41 0 0 0 0 0 2 0 0 0 0 0 0 0 0 1 1 0 0 0 0 0 8 4 0 0 3 1 0 
50 41 0 0 0 0 0 2 0 0 0 0 0 0 0 0 1 1 0 0 0 0 0 8 4 0 0 3 1 0 
61 50 1 0 0 0 0 2 0 0 0 0 0 0 0 0 1 1 0 0 0 0 0 8 5 0 0 3 1 0 
26 20 0 0 0 0 0 2 0 0 0 0 0 0 0 0 0 1 0 0 0 0 0 8 1 0 0 3 1 0 
