https://cbc.ca/battle/2011/09/jeremy-roenick.html
benign
10 9
6 8
6 0
6 9
6 7
6 1
6 3
6 5
6 4
6 2
23 17 0 0 0 0 0 1 0 0 0 0 0 0 0 0 1 1 0 0 0 0 0 6 2 0 0 2 1 0 
25 19 0 0 0 0 0 2 0 0 0 0 0 0 0 1 1 1 0 0 0 0 0 10 1 0 0 2 1 0 
18 13 0 0 0 0 0 2 0 0 0 0 0 0 0 1 1 1 0 0 0 0 0 10 0 0 0 2 1 0 
17 12 0 0 0 0 0 2 0 0 0 0 0 0 0 1 0 1 0 0 0 0 0 10 0 0 0 2 1 0 
42 34 0 0 0 0 0 3 0 0 0 0 0 0 0 0 1 1 0 0 0 0 0 24 2 0 0 3 1 0 
30 23 0 0 0 0 0 2 0 0 0 0 0 0 0 1 1 1 0 0 0 0 0 10 2 0 0 2 1 0 
49 33 6 0 0 1 0 2 0 0 0 0 0 0 0 0 1 1 0 0 0 0 0 6 4 0 9 2 1 0 
24 18 0 0 0 0 0 2 0 0 0 0 0 0 0 1 1 1 0 0 0 0 0 15 1 0 0 2 1 0 
23 17 0 0 0 0 0 2 0 0 0 0 0 0 0 1 1 1 0 0 0 0 0 10 1 0 0 2 1 0 
25 18 0 0 0 0 0 2 0 0 0 0 0 0 0 1 1 1 0 0 0 0 0 10 2 0 0 2 1 0 
