https://mitsui-jyuku.mixh.jp/uploads/993ODNO38B.exe
malware
10 9
1 5
1 9
1 2
1 7
1 8
1 0
1 6
1 4
1 3
41 33 0 0 0 1 0 2 0 0 0 0 0 0 0 1 1 1 0 0 0 0 0 20 2 0 0 3 1 0 
51 37 5 0 0 1 0 3 0 0 0 0 0 0 0 0 1 1 0 0 0 0 0 20 2 0 10 2 1 0 
49 40 0 0 0 2 0 2 0 0 0 0 0 0 0 1 1 1 0 0 0 0 0 20 2 0 0 3 1 0 
44 34 0 0 0 3 0 2 0 0 0 0 0 0 0 1 1 1 0 0 0 0 0 20 2 0 0 3 1 0 
40 32 0 0 0 1 0 2 0 0 0 0 0 0 0 1 1 1 0 0 0 0 0 20 2 0 0 3 1 0 
43 34 0 0 0 2 0 2 0 0 0 0 0 0 0 1 1 1 0 0 0 0 0 20 2 0 0 3 1 0 
29 22 0 0 0 1 0 2 0 0 0 0 0 0 0 1 1 1 0 0 0 0 0 20 1 0 0 3 1 0 
38 26 3 0 0 2 0 2 0 0 0 0 0 0 0 1 1 1 0 0 0 0 0 20 2 0 0 3 1 0 
33 25 0 0 0 1 0 2 0 0 0 0 0 0 0 1 1 1 0 0 0 0 0 20 2 0 0 3 1 0 
36 28 0 0 0 1 0 2 0 0 0 0 0 0 0 1 1 1 0 0 0 0 0 20 2 0 0 3 1 0 
