http://pridepestcontrolservices.com/ants-identification/citronella-ants.html
defacement
8 7
0 5
1 6
1 4
1 0
1 2
1 7
1 3
24 18 0 0 0 0 0 2 0 0 0 0 0 0 0 1 0 1 0 0 0 0 1 16 1 0 1 3 1 0 
76 67 0 0 0 2 0 2 0 0 0 0 0 0 0 0 0 1 0 0 1 0 0 28 2 0 7 3 1 0 
43 34 0 0 0 0 0 2 0 0 0 0 0 0 0 1 0 1 0 0 0 0 1 16 3 0 1 3 1 0 
33 26 0 0 0 0 0 2 0 0 0 0 0 0 0 1 0 1 0 0 0 0 1 16 2 0 1 3 1 0 
32 25 0 0 0 0 0 2 0 0 0 0 0 0 0 1 0 1 0 0 0 0 1 16 2 0 1 3 1 0 
25 19 0 0 0 0 0 2 0 0 0 0 0 0 0 1 1 1 0 0 0 0 1 16 1 0 1 3 1 0 
39 31 0 0 0 1 0 2 0 0 0 0 0 0 0 1 0 1 0 0 0 0 1 16 2 0 1 3 1 0 
41 32 0 0 0 0 0 2 0 0 0 0 0 0 0 1 0 1 0 0 0 0 1 16 3 0 1 3 1 0 
