https://365rosaries.blogspot.com/2010/08/august-31-saint-raymond-nonnatus.html
benign
10 9
0 8
0 1
0 6
0 7
0 4
0 2
0 9
0 5
0 3
78 54 11 0 0 4 0 3 0 0 0 0 0 0 0 0 1 1 0 0 0 0 1 24 3 0 11 12 1 0 
77 55 9 0 0 4 0 3 0 0 0 0 0 0 0 0 0 1 0 0 0 0 1 24 3 0 0 12 1 0 
82 56 11 0 0 6 0 3 0 0 0 0 0 0 0 0 0 1 0 0 0 0 1 24 3 0 0 12 1 0 
65 45 9 0 0 4 0 2 0 0 0 0 0 0 0 1 0 1 0 0 0 0 0 22 2 0 0 3 1 0 
44 36 0 0 0 0 0 2 0 0 0 0 0 0 0 0 0 1 0 0 0 0 0 21 3 0 0 3 1 0 
37 28 3 0 0 0 0 2 0 0 0 0 0 0 0 0 0 1 0 0 0 0 1 29 1 0 0 12 1 0 
30 21 3 0 0 0 0 2 0 0 0 0 0 0 0 1 0 1 0 0 0 0 0 22 1 0 0 3 1 0 
33 24 3 0 0 0 0 2 0 0 0 0 0 0 0 0 1 1 0 0 0 0 1 24 1 0 0 12 1 0 
32 23 3 0 0 0 0 2 0 0 0 0 0 0 0 0 0 1 0 0 0 0 1 24 1 0 0 12 1 0 
39 30 3 0 0 0 0 2 0 0 0 0 0 0 0 0 0 1 0 0 0 0 1 31 1 0 0 12 1 0 
