https://casadospa.com.br/wp-content/uploads/2020/05/fougrzbplzd/2222.png
malware
10 9
5 0
5 9
5 6
5 2
5 7
5 8
5 3
5 4
5 1
37 30 0 0 0 0 0 2 0 0 0 0 0 0 0 0 1 1 0 0 0 0 0 20 2 0 0 6 1 0 
41 33 0 0 0 1 0 2 0 0 0 0 0 0 0 0 1 1 0 0 0 0 0 20 2 0 0 6 1 0 
51 42 0 0 0 2 0 2 0 0 0 0 0 0 0 0 1 1 0 0 0 0 0 20 2 0 0 6 1 0 
44 37 0 0 0 0 0 2 0 0 0 0 0 0 0 0 1 1 0 0 0 0 0 20 2 0 0 6 1 0 
37 30 0 0 0 0 0 2 0 0 0 0 0 0 0 0 1 1 0 0 0 0 0 20 2 0 0 6 1 0 
72 49 10 0 0 1 0 3 0 0 0 0 0 0 0 0 1 1 0 0 0 0 0 16 6 0 9 6 1 0 
30 23 0 0 0 0 0 2 0 0 0 0 0 0 0 0 1 1 0 0 0 0 0 16 2 0 0 3 1 0 
42 35 0 0 0 0 0 2 0 0 0 0 0 0 0 0 1 1 0 0 0 0 0 20 2 0 0 6 1 0 
38 31 0 0 0 0 0 2 0 0 0 0 0 0 0 0 1 1 0 0 0 0 0 20 2 0 0 6 1 0 
39 32 0 0 0 0 0 2 0 0 0 0 0 0 0 0 1 1 0 0 0 0 0 20 2 0 0 6 1 0 
