https://usnepalonline.com/mega.php?dir=prime&type=fbn1&men=5007&payID=qRgJDix
phishing
10 9
7 6
7 0
7 1
7 3
7 2
7 4
7 5
7 8
7 9
45 35 0 0 0 3 0 2 0 0 0 0 0 0 0 1 1 1 0 0 0 0 0 21 2 0 0 3 1 0 
46 36 0 0 0 3 0 2 0 0 0 0 0 0 0 1 1 1 0 0 0 0 0 21 2 0 0 3 1 0 
40 31 0 0 0 2 0 2 0 0 0 0 0 0 0 1 1 1 0 0 0 0 0 21 2 0 0 3 1 0 
43 35 0 0 0 0 0 2 0 0 0 0 0 0 0 1 1 1 0 0 0 0 0 21 3 0 0 3 1 0 
44 36 0 0 0 0 0 2 0 0 0 0 0 0 0 1 1 1 0 0 0 0 0 21 3 0 0 3 1 0 
34 28 0 0 0 0 0 2 0 0 0 0 0 0 0 0 1 1 0 0 0 0 0 17 1 0 0 3 1 0 
40 31 0 0 0 2 0 2 0 0 0 0 0 0 0 1 1 1 0 0 0 0 0 21 2 0 0 3 1 0 
77 58 5 0 1 0 4 2 0 0 0 0 0 0 0 0 1 1 0 0 0 0 0 17 1 0 19 3 1 0 
40 31 0 0 0 2 0 2 0 0 0 0 0 0 0 1 1 1 0 0 0 0 0 21 2 0 0 3 1 0 
30 24 0 0 0 0 0 2 0 0 0 0 0 0 0 1 1 1 0 0 0 0 0 21 1 0 0 3 1 0 
