http://purrcenter.com/https
phishing
8 7
2 0
3 5
3 2
3 7
3 4
3 6
3 1
25 19 0 0 0 0 0 2 0 0 0 0 0 0 0 1 1 1 0 0 0 0 1 16 1 0 1 3 1 0 
39 31 0 0 0 1 0 2 0 0 0 0 0 0 0 1 0 1 0 0 0 0 1 16 2 0 1 3 1 0 
24 18 0 0 0 0 0 2 0 0 0 0 0 0 0 1 0 1 0 0 0 0 1 16 1 0 1 3 1 0 
27 22 0 0 0 0 0 1 0 0 0 0 0 0 0 0 1 2 0 0 0 0 0 14 1 0 7 3 1 0 
41 32 0 0 0 0 0 2 0 0 0 0 0 0 0 1 0 1 0 0 0 0 1 16 3 0 1 3 1 0 
33 26 0 0 0 0 0 2 0 0 0 0 0 0 0 1 0 1 0 0 0 0 1 16 2 0 1 3 1 0 
43 34 0 0 0 0 0 2 0 0 0 0 0 0 0 1 0 1 0 0 0 0 1 16 3 0 1 3 1 0 
32 25 0 0 0 0 0 2 0 0 0 0 0 0 0 1 0 1 0 0 0 0 1 16 2 0 1 3 1 0 
