https://www.gnu.org/software/auctex/
phishing
10 9
6 0
6 8
6 5
6 1
6 9
6 7
6 2
6 4
6 3
55 44 0 0 0 1 0 3 0 0 0 0 0 0 0 1 1 1 0 0 0 0 0 11 4 0 0 3 1 0 
46 37 0 0 0 0 0 3 0 0 0 0 0 0 0 1 1 1 0 0 0 0 0 11 3 0 0 3 1 0 
54 44 0 0 0 1 0 3 0 0 0 0 0 0 0 1 1 1 0 0 0 0 0 11 3 0 0 3 1 0 
44 35 0 0 0 0 0 3 0 0 0 0 0 0 0 1 0 1 0 0 0 0 0 11 3 0 0 3 1 0 
18 13 0 0 0 0 0 2 0 0 0 0 0 0 0 1 0 1 0 0 0 0 0 11 0 0 0 3 1 0 
34 26 0 0 0 0 0 3 0 0 0 0 0 0 0 1 0 1 0 0 0 0 0 11 2 0 0 3 1 0 
36 28 0 0 0 0 0 2 0 0 0 0 0 0 0 1 1 1 0 0 0 0 0 11 3 0 9 3 1 0 
25 18 0 0 0 1 0 2 0 0 0 0 0 0 0 1 0 1 0 0 0 0 0 17 1 0 0 2 1 0 
35 28 0 0 0 0 0 2 0 0 0 0 0 0 0 1 0 1 0 0 0 0 0 11 2 0 0 3 1 0 
28 22 0 0 0 1 0 2 0 0 0 0 0 0 0 1 0 1 0 0 0 0 0 21 0 0 4 3 1 0 
