http://www.bjorklidensgolfklubb.se/index.php/restaurang/cafe-bodaholm
defacement
10 9
3 9
3 7
3 8
3 6
3 1
3 5
3 0
3 4
3 2
47 40 0 0 0 0 0 2 0 0 0 0 0 0 0 1 1 1 0 0 0 0 0 27 2 0 0 2 1 0 
44 37 0 0 0 0 0 2 0 0 0 0 0 0 0 1 1 1 0 0 0 0 0 27 2 0 0 2 1 0 
46 39 0 0 0 0 0 2 0 0 0 0 0 0 0 1 1 1 0 0 0 0 0 27 2 0 0 2 1 0 
69 59 0 0 0 1 0 3 0 0 0 0 0 0 0 1 0 1 0 0 0 0 0 27 3 0 11 2 1 0 
36 30 0 0 0 0 0 2 0 0 0 0 0 0 0 1 1 1 0 0 0 0 0 27 1 0 0 2 1 0 
57 49 0 0 0 0 0 2 0 0 0 0 0 0 0 1 1 1 0 0 0 0 0 27 3 0 0 2 1 0 
48 41 0 0 0 0 0 2 0 0 0 0 0 0 0 1 1 1 0 0 0 0 0 27 2 0 0 2 1 0 
56 48 0 0 0 0 0 2 0 0 0 0 0 0 0 1 1 1 0 0 0 0 0 27 3 0 0 2 1 0 
54 46 0 0 0 0 0 2 0 0 0 0 0 0 0 1 1 1 0 0 0 0 0 27 3 0 0 2 1 0 
45 38 0 0 0 0 0 2 0 0 0 0 0 0 0 1 1 1 0 0 0 0 0 27 2 0 0 2 1 0 
