http://www.jardinerie-beloeil.be/plantes/u/report_pl_u.html
defacement
10 9
2 7
2 3
7 1
7 6
7 0
7 4
7 8
7 5
7 9
61 48 3 0 0 1 0 3 0 0 0 0 0 0 0 1 0 1 0 0 0 0 0 25 3 0 0 2 1 0 
61 48 3 0 0 1 0 3 0 0 0 0 0 0 0 1 0 1 0 0 0 0 0 25 3 0 0 2 1 0 
59 47 0 0 0 1 0 3 0 0 0 0 0 0 0 1 0 1 0 0 0 0 0 25 3 0 2 2 1 0 
40 34 0 1 0 1 0 1 0 0 0 0 0 0 0 0 0 0 0 0 0 0 0 31 0 0 0 2 1 0 
61 48 3 0 0 1 0 3 0 0 0 0 0 0 0 1 0 1 0 0 0 0 0 25 3 0 0 2 1 0 
61 47 4 0 0 1 0 3 0 0 0 0 0 0 0 1 0 1 0 0 0 0 0 25 3 0 0 2 1 0 
61 49 2 0 0 1 0 3 0 0 0 0 0 0 0 1 0 1 0 0 0 0 0 25 3 0 0 2 1 0 
33 26 0 0 0 1 0 2 0 0 0 0 0 0 0 1 0 1 0 0 0 0 0 25 1 0 11 2 1 0 
55 43 1 0 0 2 0 3 0 0 0 0 0 0 0 1 0 1 0 0 0 0 0 25 3 0 0 2 1 0 
79 65 1 0 0 4 0 3 0 0 0 0 0 0 0 1 0 1 0 0 0 0 0 25 3 0 0 2 1 0 
