https://www.tx.ncsu.edu/jtatm/volume2issue2/articles/meoli/meoli_full.pdf
phishing
10 9
8 4
8 5
8 2
8 1
8 9
8 7
8 0
8 6
8 3
42 34 0 0 0 0 0 2 0 0 0 0 0 0 0 0 1 1 0 0 0 0 0 17 3 0 0 3 1 0 
57 47 0 0 0 2 0 2 0 0 0 0 0 0 0 0 1 1 0 0 0 0 0 17 3 0 0 3 1 0 
25 20 0 0 0 0 0 2 0 0 0 0 0 0 0 0 1 1 0 0 0 0 0 17 0 0 0 3 1 0 
32 25 0 0 0 0 0 2 0 0 0 0 0 0 0 0 1 1 0 0 0 0 0 17 2 0 0 3 1 0 
31 24 0 0 0 0 0 2 0 0 0 0 0 0 0 0 1 1 0 0 0 0 0 17 2 0 0 3 1 0 
34 27 0 0 0 0 0 2 0 0 0 0 0 0 0 0 1 1 0 0 0 0 0 17 2 0 0 3 1 0 
47 38 0 0 0 1 0 2 0 0 0 0 0 0 0 0 1 1 0 0 0 0 0 17 3 0 0 3 1 0 
33 26 0 0 0 0 0 2 0 0 0 0 0 0 0 0 1 1 0 0 0 0 0 17 2 0 0 3 1 0 
73 58 2 0 0 0 0 4 0 0 0 0 0 0 0 1 1 1 0 0 0 0 0 15 5 0 10 3 1 0 
63 53 0 0 0 0 0 2 0 0 0 0 0 0 0 0 1 1 0 0 0 0 0 17 2 0 0 3 1 0 
