https://www.dcs.ed.ac.uk/home/mlj/
phishing
10 9
1 4
1 2
1 8
1 6
1 9
1 0
1 5
1 7
1 3
48 36 0 0 0 0 0 5 0 0 0 0 0 0 0 1 1 1 0 0 0 0 0 16 4 0 0 5 1 0 
34 24 0 0 0 0 0 4 0 0 0 0 0 0 0 1 1 1 0 0 0 0 0 16 3 0 9 5 1 0 
44 33 0 0 0 0 0 4 0 0 0 0 0 0 0 1 0 1 0 0 0 0 0 16 4 0 0 5 1 0 
34 25 0 0 0 0 0 4 0 0 0 0 0 0 0 1 0 1 0 0 0 0 0 16 2 0 0 5 1 0 
50 38 0 0 0 0 0 5 0 0 0 0 0 0 0 1 1 1 0 0 0 0 0 16 4 0 0 5 1 0 
60 49 0 0 0 1 0 4 0 0 0 0 0 0 0 0 0 1 0 0 0 0 0 26 3 0 0 5 1 0 
51 39 0 0 0 0 0 5 0 0 0 0 0 0 0 1 1 1 0 0 0 0 0 16 4 0 0 5 1 0 
48 36 0 0 0 0 0 5 0 0 0 0 0 0 0 1 0 1 0 0 0 0 0 16 4 0 0 5 1 0 
54 43 0 0 0 1 0 4 0 0 0 0 0 0 0 0 0 1 0 0 0 0 0 26 3 0 0 5 1 0 
23 16 0 0 0 1 0 2 0 0 0 0 0 0 0 1 0 1 0 0 0 0 0 15 1 0 0 3 1 0 
