http://www.rwmossdecorating.co.uk/decorating-services/39-decorating-services.html?start=8
defacement
10 9
2 1
2 9
2 3
2 8
2 0
2 5
2 7
2 6
2 4
35 28 0 1 0 0 0 3 0 0 0 0 0 0 0 0 0 0 0 0 0 0 0 26 0 0 0 3 1 0 
71 61 0 0 0 2 0 3 0 0 0 0 0 0 0 1 0 1 0 0 1 0 0 26 2 0 0 5 1 0 
89 72 3 0 1 3 1 4 0 0 0 0 0 0 0 1 0 1 0 0 1 0 0 26 2 0 10 5 1 0 
76 66 0 0 0 2 0 3 0 0 0 0 0 0 0 1 0 1 0 0 1 0 0 26 2 0 0 5 1 0 
41 35 0 0 0 0 0 2 0 0 0 0 0 0 0 1 1 1 0 0 0 0 0 16 1 0 0 3 1 0 
62 52 0 0 0 2 0 3 0 0 0 0 0 0 0 1 0 1 0 0 1 0 0 26 2 0 0 5 1 0 
81 69 0 0 0 4 0 3 0 0 0 0 0 0 0 1 0 1 0 0 1 0 0 26 2 0 0 5 1 0 
59 50 0 0 0 1 0 3 0 0 0 0 0 0 0 1 0 1 0 0 1 0 0 26 2 0 0 5 1 0 
21 6 11 0 0 0 0 0 0 0 0 0 0 0 0 0 0 0 0 0 0 0 0 12 0 0 0 0 1 0 
81 67 2 0 0 3 0 4 0 0 0 0 0 0 0 1 0 1 0 0 1 0 0 26 2 0 0 5 1 0 
