http://www.borg4x4.org/index.php?option=com_user&view=reset
defacement
10 9
7 2
7 5
7 9
7 8
7 0
7 3
7 4
7 6
7 1
32 23 2 0 0 0 0 3 0 0 0 0 0 0 0 1 0 1 0 0 0 0 0 15 1 0 0 3 1 0 
38 28 2 0 0 0 0 3 0 0 0 0 0 0 0 0 1 1 0 0 0 0 0 22 2 0 0 5 1 0 
50 38 2 0 0 1 0 3 0 0 0 0 0 0 0 0 1 1 0 0 0 0 0 22 3 0 0 5 1 0 
43 33 2 0 0 0 0 3 0 0 0 0 0 0 0 0 1 1 0 0 0 0 0 22 2 0 0 5 1 0 
31 22 2 0 0 0 0 3 0 0 0 0 0 0 0 0 1 1 0 0 0 0 0 22 1 0 0 5 1 0 
39 29 2 0 0 0 0 3 0 0 0 0 0 0 0 0 1 1 0 0 0 0 0 22 2 0 0 5 1 0 
48 36 2 0 0 2 0 3 0 0 0 0 0 0 0 0 1 1 0 0 1 0 0 22 2 0 0 5 1 0 
59 45 2 0 1 0 2 3 0 0 0 0 0 0 0 1 0 1 0 0 0 0 0 15 1 0 10 3 1 0 
35 25 2 0 0 0 0 3 0 0 0 0 0 0 0 0 1 1 0 0 0 0 0 22 2 0 0 5 1 0 
52 40 2 0 0 1 0 3 0 0 0 0 0 0 0 0 1 1 0 0 0 0 0 22 3 0 0 5 1 0 
