https://bangmei.en.alibaba.com/
benign
10 9
4 0
4 6
4 1
4 2
4 9
4 5
4 8
4 7
4 3
62 51 0 0 0 0 0 3 0 0 0 0 0 0 0 0 1 1 0 0 0 0 0 22 3 0 0 3 1 0 
31 24 0 0 0 0 0 3 0 0 0 0 0 0 0 0 1 1 0 0 0 0 0 13 1 0 0 3 1 0 
50 41 0 0 0 0 0 3 0 0 0 0 0 0 0 0 1 1 0 0 1 0 0 16 2 0 0 3 1 0 
47 39 0 0 0 0 0 3 0 0 0 0 0 0 0 0 1 1 0 0 0 0 0 19 2 0 0 3 1 0 
31 24 0 0 0 0 0 3 0 0 0 0 0 0 0 0 1 1 0 0 0 0 0 22 1 0 9 3 1 0 
24 18 0 0 0 0 0 2 0 0 0 0 0 0 0 1 1 1 0 0 0 0 0 15 1 0 0 3 1 0 
26 20 0 0 0 0 0 2 0 0 0 0 0 0 0 0 1 1 0 0 1 0 0 17 1 0 0 3 1 0 
49 38 1 0 0 0 0 3 0 0 0 0 0 0 0 0 1 1 0 0 0 0 0 16 3 0 0 3 1 0 
38 30 0 0 0 0 0 3 0 0 0 0 0 0 0 0 1 1 0 0 0 0 0 15 2 0 0 3 1 0 
22 16 0 0 0 0 0 2 0 0 0 0 0 0 0 0 1 1 0 0 0 0 0 13 1 0 0 3 1 0 
