http://www.collectif-potager-wimmenau.fr/index.html?feed=rss2&page_id=36
defacement
10 9
4 6
4 9
9 7
9 1
9 3
9 0
9 5
9 2
9 8
56 47 0 0 0 1 0 2 0 0 0 0 0 0 0 1 1 1 0 0 0 0 0 19 3 0 0 2 1 0 
28 22 0 0 0 0 0 2 0 0 0 0 0 0 0 1 1 1 0 0 0 0 0 19 1 0 0 2 1 0 
71 61 0 0 0 3 0 2 0 0 0 0 0 0 0 1 1 1 0 0 0 0 0 19 2 0 0 2 1 0 
55 46 0 0 0 1 0 2 0 0 0 0 0 0 0 1 1 1 0 0 0 0 0 19 3 0 0 2 1 0 
72 55 3 0 1 2 2 3 0 0 0 0 0 0 0 1 0 1 0 0 0 0 0 33 1 0 2 2 1 0 
40 31 0 0 0 2 0 2 0 0 0 0 0 0 0 1 1 1 0 0 0 0 0 19 2 0 0 2 1 0 
44 36 0 0 0 2 0 2 0 0 0 0 0 0 0 1 1 1 0 0 0 0 0 21 1 0 0 3 1 0 
70 59 0 0 0 4 0 2 0 0 0 0 0 0 0 1 1 1 0 0 0 0 0 19 2 0 0 2 1 0 
51 42 0 0 0 2 0 3 0 0 0 0 0 0 0 1 0 1 0 0 0 0 0 33 1 0 0 2 1 0 
27 22 0 0 0 0 0 2 0 0 0 0 0 0 0 1 1 1 0 0 0 0 0 19 0 0 14 2 1 0 
