https://vfw.org/Assistance/BDD-Site-Locations-and-Contacts/
benign
10 9
0 9
0 3
0 7
0 6
0 8
0 5
0 2
0 4
0 1
59 48 0 0 0 4 0 1 0 0 0 0 0 0 0 0 1 1 0 0 0 0 0 7 3 0 9 3 1 0 
50 35 2 0 0 0 0 0 0 0 0 1 0 0 1 0 0 0 0 0 0 0 0 37 0 0 0 0 0 0 
36 29 0 0 0 0 0 3 0 0 0 0 0 0 0 0 1 1 0 0 0 0 0 11 1 0 0 3 1 0 
26 20 0 0 0 0 0 2 0 0 0 0 0 0 0 0 1 1 0 0 0 0 0 12 1 0 0 2 1 0 
16 11 0 0 0 0 0 1 0 0 0 0 0 0 0 0 1 1 0 0 0 0 0 7 1 0 0 3 1 0 
32 26 0 0 0 0 0 2 0 0 0 0 0 0 0 1 1 1 0 0 0 0 0 15 1 0 0 3 1 0 
24 18 0 0 0 1 0 1 0 0 0 0 0 0 0 0 1 1 0 0 0 0 0 7 1 0 0 3 1 0 
27 20 0 0 0 2 0 1 0 0 0 0 0 0 0 0 1 1 0 0 0 0 0 7 1 0 0 3 1 0 
26 20 0 0 0 1 0 1 0 0 0 0 0 0 0 0 1 1 0 0 0 0 0 7 1 0 0 3 1 0 
35 27 0 0 0 2 0 1 0 0 0 0 0 0 0 0 1 1 0 0 0 0 0 7 2 0 0 3 1 0 
