http://qz.com/356558/paradoxically-price-comparison-sites-may-be-making-everything-online-more-expensive/
benign
10 9
9 5
9 8
9 7
9 1
9 0
9 4
9 6
9 3
9 2
13 9 0 0 0 0 0 1 0 0 0 0 0 0 0 0 0 1 0 0 0 0 0 6 0 0 0 3 1 0 
18 14 0 0 0 0 0 1 0 0 0 0 0 0 0 0 0 1 0 0 0 0 1 11 0 0 0 3 1 0 
21 17 0 0 0 0 0 1 0 0 0 0 0 0 0 0 0 1 0 0 0 0 1 14 0 0 0 3 1 0 
19 15 0 0 0 0 0 1 0 0 0 0 0 0 0 0 0 1 0 0 0 0 0 12 0 0 0 3 1 0 
17 13 0 0 0 0 0 1 0 0 0 0 0 0 0 0 0 1 0 0 0 0 0 10 0 0 0 3 1 0 
19 15 0 0 0 0 0 1 0 0 0 0 0 0 0 0 0 1 0 0 0 0 0 12 0 0 0 3 1 0 
18 14 0 0 0 0 0 1 0 0 0 0 0 0 0 0 0 1 0 0 0 0 0 11 0 0 0 3 1 0 
18 14 0 0 0 0 0 1 0 0 0 0 0 0 0 0 0 1 0 0 0 0 0 11 0 0 0 3 1 0 
17 13 0 0 0 0 0 1 0 0 0 0 0 0 0 0 0 1 0 0 0 0 0 10 0 0 0 3 1 0 
105 82 6 0 0 10 0 1 0 0 0 0 0 0 0 0 0 1 0 0 0 0 0 6 3 0 9 3 1 0 
