http://koronazrt.hu/index.php/hu/honlapterkep.html
defacement
10 9
7 9
7 0
7 3
7 8
7 5
7 2
7 1
7 6
7 4
59 49 0 0 0 3 0 1 0 0 0 0 0 0 0 0 1 1 0 0 0 0 0 12 3 0 0 2 1 0 
20 15 0 0 0 0 0 1 0 0 0 0 0 0 0 0 0 1 0 0 0 0 0 12 1 0 0 2 1 0 
31 25 0 0 0 0 0 1 0 0 0 0 0 0 0 0 1 1 0 0 0 0 0 12 2 0 0 2 1 0 
77 67 0 0 0 3 0 1 0 0 0 0 0 0 0 0 1 1 0 0 0 0 0 12 3 0 0 2 1 0 
75 63 0 0 0 5 0 1 0 0 0 0 0 0 0 0 1 1 0 0 0 0 0 12 3 0 0 2 1 0 
68 58 0 0 0 3 0 1 0 0 0 0 0 0 0 0 1 1 0 0 0 0 0 12 3 0 0 2 1 0 
60 51 0 0 0 2 0 1 0 0 0 0 0 0 0 0 1 1 0 0 0 0 0 12 3 0 0 2 1 0 
50 41 0 0 0 0 0 3 0 0 0 0 0 0 0 0 0 1 0 0 0 0 0 12 3 0 10 2 1 0 
59 50 0 0 0 2 0 1 0 0 0 0 0 0 0 0 1 1 0 0 0 0 0 12 3 0 0 2 1 0 
60 50 0 0 0 3 0 1 0 0 0 0 0 0 0 0 1 1 0 0 0 0 0 12 3 0 0 2 1 0 
