http://www.englandfencing.co.uk/index.php?limitstart=15
defacement
10 9
5 8
5 7
5 9
5 2
5 1
5 6
5 4
5 0
5 3
46 38 0 0 0 0 0 2 0 0 0 0 0 0 0 0 0 1 0 0 0 0 0 20 3 0 0 5 1 0 
27 22 0 0 0 0 0 2 0 0 0 0 0 0 0 0 0 1 0 0 0 0 0 20 0 0 0 5 1 0 
69 58 0 0 0 3 0 2 0 0 0 0 0 0 0 0 0 1 0 0 0 0 0 20 3 0 0 5 1 0 
55 46 0 0 0 1 0 2 0 0 0 0 0 0 0 0 0 1 0 0 0 0 0 20 3 0 0 5 1 0 
39 32 0 0 0 0 0 2 0 0 0 0 0 0 0 0 0 1 0 0 0 0 0 20 2 0 0 5 1 0 
55 43 2 0 1 0 1 4 0 0 0 0 0 0 0 1 0 1 0 0 0 0 0 24 1 0 10 5 1 0 
40 32 0 0 0 1 0 2 0 0 0 0 0 0 0 0 0 1 0 0 0 0 0 20 2 0 0 5 1 0 
41 33 0 0 0 0 0 4 0 0 0 0 0 0 0 1 0 1 0 0 0 0 0 24 1 0 0 5 1 0 
45 37 0 0 0 1 0 2 0 0 0 0 0 0 0 0 0 1 0 0 0 0 0 20 2 0 0 5 1 0 
49 40 0 0 0 1 0 2 0 0 0 0 0 0 0 0 0 1 0 0 0 0 0 20 3 0 0 5 1 0 
