https://ziprealty.com/real-estate-agents/a/146851/Bob-Gibilisco
benign
10 9
4 9
4 8
4 0
4 7
4 2
4 3
4 1
6 5
6 4
30 24 0 0 0 0 0 1 0 0 0 0 0 0 0 0 1 1 0 0 0 0 0 13 2 0 0 3 1 0 
29 23 0 0 0 0 0 1 0 0 0 0 0 0 0 0 1 1 0 0 0 0 0 13 2 0 0 3 1 0 
42 34 0 0 0 1 0 1 0 0 0 0 0 0 0 0 1 1 0 0 0 0 0 13 3 0 0 3 1 0 
38 31 0 0 0 0 0 1 0 0 0 0 0 0 0 0 1 1 0 0 0 0 0 13 3 0 0 3 1 0 
35 30 0 0 0 0 0 2 0 0 0 0 0 0 0 1 1 1 0 0 1 0 0 27 0 0 11 3 1 0 
47 40 0 0 0 1 0 2 0 0 0 0 0 0 0 1 1 1 0 0 1 0 0 27 1 0 0 3 1 0 
63 46 6 0 0 3 0 1 0 0 0 0 0 0 0 0 1 1 0 0 0 0 0 13 4 0 3 3 1 0 
38 32 0 0 0 0 0 2 0 0 0 0 0 0 0 1 1 1 0 0 1 0 0 29 1 0 0 3 1 0 
22 17 0 0 0 0 0 1 0 0 0 0 0 0 0 0 1 1 0 0 0 0 0 13 1 0 0 3 1 0 
28 22 0 0 0 0 0 1 0 0 0 0 0 0 0 0 1 1 0 0 0 0 0 13 2 0 0 3 1 0 
