http://www.globaltax.com.br/x.txt
defacement
10 9
7 0
7 5
7 2
7 3
7 6
7 4
7 8
7 9
7 1
38 30 0 0 0 0 0 3 0 0 0 0 0 0 0 1 0 1 0 0 0 0 1 20 2 0 0 6 1 0 
33 27 0 1 0 0 0 2 0 0 0 0 0 0 0 0 0 0 0 0 0 0 1 24 0 0 0 6 1 0 
28 21 0 0 0 0 0 3 0 0 0 0 0 0 0 1 0 1 0 0 0 0 1 20 1 0 0 6 1 0 
18 3 12 0 0 0 0 0 0 0 0 0 0 0 0 0 0 0 0 0 0 0 0 12 0 0 0 0 1 0 
45 36 0 0 0 0 0 3 0 0 0 0 0 0 0 1 0 1 0 0 0 0 1 20 3 0 0 6 1 0 
37 29 0 0 0 0 0 3 0 0 0 0 0 0 0 1 0 1 0 0 0 0 1 20 2 0 0 6 1 0 
62 51 0 0 0 3 0 3 0 0 0 0 0 0 0 1 0 1 0 0 0 0 1 20 2 0 0 6 1 0 
33 25 0 0 0 0 0 4 0 0 0 0 0 0 0 1 0 1 0 0 0 0 1 20 1 0 11 6 1 0 
46 37 0 0 0 0 0 3 0 0 0 0 0 0 0 1 0 1 0 0 0 0 1 20 3 0 0 6 1 0 
27 21 0 0 0 0 0 3 0 0 0 0 0 0 0 1 0 1 0 0 0 0 1 20 0 0 0 6 1 0 
