http://www.capella.nl/nl/beurzen-en-informatiedagen.html
defacement
10 9
9 2
9 5
9 4
9 7
9 8
9 1
9 6
9 0
9 3
61 43 7 0 0 3 0 2 0 0 0 0 0 0 0 1 1 1 0 0 0 0 0 14 3 0 0 2 1 0 
52 32 8 0 0 4 0 2 0 0 0 0 0 0 0 1 1 1 0 0 0 0 0 14 3 0 0 2 1 0 
58 39 7 0 0 4 0 2 0 0 0 0 0 0 0 1 1 1 0 0 0 0 0 14 3 0 0 2 1 0 
27 20 0 0 0 0 0 2 0 0 0 0 0 0 0 1 0 1 0 0 0 0 0 14 2 0 0 2 1 0 
79 60 7 0 0 4 0 2 0 0 0 0 0 0 0 1 1 1 0 0 0 0 0 14 3 0 0 2 1 0 
23 17 0 0 0 0 0 2 0 0 0 0 0 0 0 1 1 1 0 0 0 0 0 14 1 0 0 2 1 0 
41 25 7 0 0 1 0 2 0 0 0 0 0 0 0 1 1 1 0 0 0 0 0 14 3 0 0 2 1 0 
45 28 7 0 0 2 0 2 0 0 0 0 0 0 0 1 1 1 0 0 0 0 0 14 3 0 0 2 1 0 
48 31 7 0 0 2 0 2 0 0 0 0 0 0 0 1 1 1 0 0 0 0 0 14 3 0 0 2 1 0 
56 46 0 0 0 2 0 3 0 0 0 0 0 0 0 1 0 1 0 0 0 0 0 14 2 0 11 2 1 0 
