http://www.vetquality.com.br/component/mailto/index.html?tmpl=component&link=aHR0cDovL3d3dy52ZXRxdWFsaXR5LmNvbS5ici9ob3NwaXRhbC12ZXRlcmluYXJpbw==
defacement
10 9
8 1
8 5
8 9
8 3
8 0
8 6
8 4
8 2
8 7
52 43 0 0 0 1 0 3 0 0 0 0 0 0 0 1 1 1 0 0 0 0 0 21 2 0 0 6 1 0 
15 3 8 0 0 1 0 0 0 0 0 0 0 0 0 0 0 0 0 0 0 0 0 9 0 0 0 0 1 0 
47 36 2 0 0 1 0 3 0 0 0 0 0 0 0 1 1 1 0 0 0 0 0 21 2 0 0 6 1 0 
52 42 0 0 0 2 0 3 0 0 0 0 0 0 0 1 1 1 0 0 0 0 0 21 2 0 0 6 1 0 
55 43 2 0 0 2 0 3 0 0 0 0 0 0 0 1 1 1 0 0 0 0 0 21 2 0 0 6 1 0 
52 43 0 0 0 1 0 3 0 0 0 0 0 0 0 1 1 1 0 0 0 0 0 21 2 0 0 6 1 0 
54 44 0 0 0 2 0 3 0 0 0 0 0 0 0 1 1 1 0 0 0 0 0 21 2 0 0 6 1 0 
55 46 0 0 0 1 0 3 0 0 0 0 0 0 0 1 1 1 0 0 0 0 0 21 2 0 0 6 1 0 
145 118 11 0 1 0 4 4 0 0 0 0 0 0 0 1 0 1 0 0 0 0 0 21 3 0 10 6 1 0 
30 23 0 0 0 0 0 3 0 0 0 0 0 0 0 1 1 1 0 0 0 0 0 21 1 0 0 6 1 0 
