https://interstateenterprises.com/
benign
10 9
4 7
4 8
5 0
5 9
5 6
5 3
5 1
5 4
5 2
46 40 0 0 0 0 0 2 0 0 0 0 0 0 0 0 1 1 0 0 0 0 0 25 1 0 9 3 1 0 
16 3 10 0 0 0 0 0 0 0 0 0 0 0 0 0 0 0 0 0 0 0 0 10 0 0 0 0 1 0 
43 37 0 0 0 0 0 2 0 0 0 0 0 0 0 0 1 1 0 0 0 0 0 25 1 0 10 3 1 0 
16 3 10 0 0 0 0 0 0 0 0 0 0 0 0 0 0 0 0 0 0 0 0 10 0 0 0 0 1 0 
45 40 0 0 0 0 0 2 0 0 0 0 0 0 0 0 0 1 0 0 1 0 0 38 0 0 6 3 1 0 
34 29 0 0 0 0 0 1 0 0 0 0 0 0 0 0 1 1 0 0 0 0 0 25 1 0 10 3 1 0 
18 3 10 0 0 2 0 0 0 0 0 0 0 0 0 0 0 0 0 0 0 0 0 12 0 0 0 0 1 0 
52 45 0 0 0 0 0 3 0 0 0 0 0 0 0 1 1 1 0 0 1 0 0 34 1 0 0 3 1 0 
55 48 0 0 0 0 0 3 0 0 0 0 0 0 0 1 1 1 0 0 1 0 0 34 1 0 0 3 1 0 
18 3 10 0 0 2 0 0 0 0 0 0 0 0 0 0 0 0 0 0 0 0 0 12 0 0 0 0 1 0 
