http://www.mariasfreshflowers.com.au/component/virtuemart/index.html?page=shop.browse&category_id=2
defacement
10 9
0 6
0 8
0 1
0 7
0 9
0 3
0 2
0 5
0 4
99 82 1 0 1 0 2 5 0 0 0 0 0 0 0 1 0 1 0 0 0 0 0 29 3 0 14 6 1 0 
63 46 6 0 0 3 0 3 0 0 0 0 0 0 0 1 1 1 0 0 0 0 0 30 2 0 0 6 1 0 
63 47 6 0 0 2 0 3 0 0 0 0 0 0 0 1 1 1 0 0 0 0 0 30 2 0 0 6 1 0 
21 14 1 0 0 0 0 0 0 0 0 0 0 0 0 0 0 0 0 0 0 0 0 8 0 0 0 0 0 0 
37 30 0 0 0 0 0 3 0 0 0 0 0 0 0 1 0 1 0 0 0 0 0 29 1 0 0 6 1 0 
16 3 10 0 0 0 0 0 0 0 0 0 0 0 0 0 0 0 0 0 0 0 0 10 0 0 0 0 1 0 
68 58 0 0 0 0 0 4 0 0 0 0 0 0 0 1 0 1 0 0 0 0 0 29 3 0 0 6 1 0 
60 47 3 0 0 2 0 3 0 0 0 0 0 0 0 1 1 1 0 0 0 0 0 30 2 0 0 6 1 0 
60 44 6 0 0 2 0 3 0 0 0 0 0 0 0 1 1 1 0 0 0 0 0 30 2 0 0 6 1 0 
41 34 0 0 0 0 0 3 0 0 0 0 0 0 0 1 0 1 0 0 0 0 0 29 1 0 0 6 1 0 
