https://kraonkelaere.com/site/S/13897652/5112/file.php
malware
10 9
7 6
7 3
7 0
7 8
7 4
7 5
7 9
7 2
7 1
25 20 0 0 0 0 0 1 0 0 0 0 0 0 0 0 1 1 0 0 0 0 0 16 1 0 0 3 1 0 
36 30 0 0 0 0 0 1 0 0 0 0 0 0 0 0 1 1 0 0 0 0 0 16 2 0 0 3 1 0 
66 55 0 0 0 5 0 1 0 0 0 0 0 0 0 0 1 1 0 0 0 0 0 16 2 0 0 3 1 0 
58 48 0 0 0 4 0 1 0 0 0 0 0 0 0 0 1 1 0 0 0 0 0 16 2 0 0 3 1 0 
29 23 0 0 0 0 0 1 0 0 0 0 0 0 0 0 1 1 0 0 0 0 0 16 2 0 0 3 1 0 
62 52 0 0 0 4 0 1 0 0 0 0 0 0 0 0 1 1 0 0 0 0 0 16 2 0 0 3 1 0 
63 52 0 0 0 5 0 1 0 0 0 0 0 0 0 0 1 1 0 0 0 0 0 16 2 0 0 3 1 0 
54 32 12 0 0 0 0 2 0 0 0 0 0 0 0 0 1 1 0 0 0 0 0 16 5 0 10 3 1 0 
64 52 0 0 0 6 0 1 0 0 0 0 0 0 0 0 1 1 0 0 0 0 0 16 2 0 0 3 1 0 
38 32 0 0 0 0 0 1 0 0 0 0 0 0 0 0 1 1 0 0 0 0 0 16 2 0 0 3 1 0 
