http://www.bellasposa.ro/index.php/rochii-de-mireasa-eden-bridals/eb-bridals/37-eden-bridals-bridals/268-2372?tmpl=component&print=1&layout=default&page=
defacement
10 9
0 8
0 2
0 5
0 6
0 7
0 9
0 1
0 4
0 3
153 115 10 0 1 9 4 3 0 0 0 0 0 0 0 1 0 1 0 0 0 0 0 17 5 0 9 2 1 0 
57 44 2 0 0 5 0 2 0 0 0 0 0 0 0 1 1 1 0 0 0 0 0 17 1 0 0 2 1 0 
62 49 2 0 0 5 0 2 0 0 0 0 0 0 0 1 1 1 0 0 0 0 0 17 1 0 0 2 1 0 
57 44 2 0 0 5 0 2 0 0 0 0 0 0 0 1 1 1 0 0 0 0 0 17 1 0 0 2 1 0 
57 44 2 0 0 5 0 2 0 0 0 0 0 0 0 1 1 1 0 0 0 0 0 17 1 0 0 2 1 0 
25 19 0 0 0 0 0 2 0 0 0 0 0 0 0 1 0 1 0 0 0 0 0 17 1 0 0 2 1 0 
57 44 2 0 0 5 0 2 0 0 0 0 0 0 0 1 1 1 0 0 0 0 0 17 1 0 0 2 1 0 
46 35 1 0 0 4 0 2 0 0 0 0 0 0 0 1 1 1 0 0 0 0 0 17 1 0 0 2 1 0 
56 43 2 0 0 5 0 2 0 0 0 0 0 0 0 1 1 1 0 0 0 0 0 17 1 0 0 2 1 0 
63 49 2 0 0 6 0 2 0 0 0 0 0 0 0 1 1 1 0 0 0 0 0 17 1 0 0 2 1 0 
