https://slumz.boxden.com/f16/throwback-allen-iverson-2000-01-playoffs-vs-vince-carter-video-1619806/
benign
10 9
5 6
5 8
5 3
5 2
5 1
5 7
5 0
5 4
5 9
35 28 0 0 0 0 0 2 0 0 0 0 0 0 0 0 1 1 0 0 0 0 0 10 1 0 0 3 1 0 
17 13 0 0 0 0 0 1 0 0 0 0 0 0 0 0 1 1 0 0 0 0 1 9 0 0 0 3 1 0 
42 35 0 0 0 0 0 3 0 0 0 0 0 0 0 0 1 1 0 0 0 0 0 16 1 0 0 3 1 0 
25 19 0 0 0 0 0 1 0 0 0 0 0 0 0 0 1 1 0 0 0 0 0 10 2 0 0 3 1 0 
35 29 0 0 0 0 0 2 0 0 0 0 0 0 0 0 1 1 0 0 0 0 0 10 1 0 0 3 1 0 
100 67 15 0 0 10 0 2 0 0 0 0 0 0 0 0 1 1 0 0 0 0 0 16 3 0 37 3 1 0 
36 30 0 0 0 0 0 2 0 0 0 0 0 0 0 0 1 1 0 0 0 0 0 10 1 0 0 3 1 0 
35 28 0 0 0 0 0 2 0 0 0 0 0 0 0 0 1 1 0 0 0 0 0 10 1 0 0 3 1 0 
19 14 0 0 0 0 0 1 0 0 0 0 0 0 0 0 1 1 0 0 0 0 0 10 1 0 0 3 1 0 
31 25 0 0 0 0 0 2 0 0 0 0 0 0 0 0 1 1 0 0 0 0 0 10 1 0 0 3 1 0 
