http://www.goecklingerhausbraeu.de/neuigkeiten.feed?type=atom
defacement
10 9
1 9
1 8
1 4
1 3
1 5
1 2
1 7
1 6
1 0
35 30 0 0 0 0 0 2 0 0 0 0 0 0 0 1 1 1 0 0 0 0 0 27 0 0 0 2 1 0 
61 52 0 0 1 0 1 3 0 0 0 0 0 0 0 1 0 1 0 0 0 0 0 27 1 0 10 2 1 0 
56 46 0 0 0 3 0 2 0 0 0 0 0 0 0 1 1 1 0 0 0 0 0 27 2 0 0 2 1 0 
36 30 0 0 0 0 0 2 0 0 0 0 0 0 0 1 1 1 0 0 0 0 0 27 1 0 0 2 1 0 
48 41 0 0 0 0 0 2 0 0 0 0 0 0 0 1 1 1 0 0 0 0 0 27 2 0 0 2 1 0 
49 42 0 0 0 0 0 2 0 0 0 0 0 0 0 1 1 1 0 0 0 0 0 27 2 0 0 2 1 0 
51 44 0 0 0 0 0 3 0 0 0 0 0 0 0 1 0 1 0 0 0 0 0 27 1 0 0 2 1 0 
49 41 0 0 0 1 0 2 0 0 0 0 0 0 0 1 1 1 0 0 0 0 0 27 2 0 0 2 1 0 
44 37 0 0 0 0 0 2 0 0 0 0 0 0 0 1 1 1 0 0 0 0 0 27 2 0 0 2 1 0 
56 48 0 0 0 1 0 2 0 0 0 0 0 0 0 1 1 1 0 0 0 0 0 27 2 0 0 2 1 0 
