https://free.aol.com/tryaolfree/cdt.adp?139331
phishing
10 9
5 3
5 7
5 0
6 8
6 1
6 9
6 4
6 5
6 2
21 15 0 0 0 0 0 2 0 0 0 0 0 0 0 0 1 1 0 0 1 0 0 12 1 0 0 3 1 0 
39 31 0 0 0 0 0 3 0 0 0 0 0 0 0 0 1 1 0 0 1 0 0 12 2 0 0 3 1 0 
22 16 0 0 0 0 0 2 0 0 0 0 0 0 0 0 1 1 0 0 1 0 0 13 1 0 0 3 1 0 
29 22 0 0 0 0 0 2 0 0 0 0 0 0 0 0 1 1 0 0 0 0 0 12 2 0 0 3 1 0 
54 43 0 0 0 0 0 3 0 0 0 0 0 0 0 0 1 1 0 0 0 0 0 15 5 0 0 3 1 0 
20 14 0 0 0 0 0 2 0 0 0 0 0 0 0 1 1 1 0 0 0 0 0 11 1 0 4 3 1 0 
46 31 6 0 1 0 0 3 0 0 0 0 0 0 0 0 1 1 0 0 1 0 0 12 2 0 6 3 1 0 
18 3 10 0 0 2 0 0 0 0 0 0 0 0 0 0 0 0 0 0 0 0 0 12 0 0 0 0 1 0 
57 45 0 0 0 0 0 3 0 0 0 0 0 0 0 0 1 1 0 0 0 0 0 15 6 0 0 3 1 0 
21 15 0 0 0 0 0 2 0 0 0 0 0 0 0 0 1 1 0 0 0 0 0 12 1 0 0 3 1 0 
