https://docs.google.com/forms/d/e/1FAIpQLSc7S2uktR-BLi6WowBvcNkUEnFxMjbQeOWenBmiKHnHHGTlvQ/viewform?usp=sf_link/
phishing
10 9
0 6
0 2
0 4
0 3
0 9
0 8
1 0
1 7
7 5
35 28 0 0 0 0 0 2 0 0 0 0 0 0 0 0 1 1 0 0 0 0 0 16 2 0 14 3 1 0 
112 93 4 0 1 1 1 2 0 0 0 0 0 0 0 0 1 1 0 0 0 0 0 15 5 0 2 3 1 0 
40 34 0 0 0 0 0 2 0 0 0 0 0 0 0 0 1 1 0 0 1 0 0 19 1 0 1 3 1 0 
38 30 0 0 0 0 0 2 0 0 0 0 0 0 0 1 1 1 0 0 0 0 0 14 3 0 0 3 1 0 
45 37 0 0 0 0 0 2 0 0 0 0 0 0 0 0 1 1 0 0 0 0 0 20 3 0 0 3 1 0 
35 29 0 0 0 0 0 2 0 0 0 0 0 0 0 0 1 1 0 0 1 0 0 18 1 0 12 3 1 0 
30 23 0 0 0 0 0 2 0 0 0 0 0 0 0 0 1 1 0 0 0 0 0 15 2 0 0 3 1 0 
24 18 0 0 0 0 0 2 0 0 0 0 0 0 0 0 1 1 0 0 0 0 0 15 1 0 1 3 1 0 
99 84 4 0 0 1 0 2 0 0 0 0 0 0 0 0 1 1 0 0 0 0 0 15 5 0 0 3 1 0 
29 22 0 0 0 0 0 2 0 0 0 0 0 0 0 1 1 1 0 0 0 0 0 14 2 0 0 3 1 0 
