https://rainbowsendsigns.tripod.com/index/
phishing
10 9
5 9
5 7
5 1
5 6
5 0
5 2
5 3
5 4
5 8
50 41 1 0 0 0 0 3 0 0 0 0 0 0 0 0 1 1 0 0 0 0 0 27 2 0 0 3 1 0 
50 41 1 0 0 0 0 3 0 0 0 0 0 0 0 0 1 1 0 0 0 0 0 27 2 0 0 3 1 0 
50 41 1 0 0 0 0 3 0 0 0 0 0 0 0 0 1 1 0 0 0 0 0 27 2 0 0 3 1 0 
50 41 1 0 0 0 0 3 0 0 0 0 0 0 0 0 1 1 0 0 0 0 0 27 2 0 0 3 1 0 
52 44 0 0 0 0 0 3 0 0 0 0 0 0 0 0 1 1 0 0 0 0 0 27 2 0 0 3 1 0 
42 35 0 0 0 0 0 2 0 0 0 0 0 0 0 0 1 1 0 0 0 0 0 27 2 0 9 3 1 0 
50 41 1 0 0 0 0 3 0 0 0 0 0 0 0 0 1 1 0 0 0 0 0 27 2 0 0 3 1 0 
50 41 1 0 0 0 0 3 0 0 0 0 0 0 0 0 1 1 0 0 0 0 0 27 2 0 0 3 1 0 
50 41 1 0 0 0 0 3 0 0 0 0 0 0 0 0 1 1 0 0 0 0 0 27 2 0 0 3 1 0 
50 41 1 0 0 0 0 3 0 0 0 0 0 0 0 0 1 1 0 0 0 0 0 27 2 0 0 3 1 0 
