https://www.minnesotasafetycouncil.org/home.cfm
phishing
10 9
5 7
5 8
5 4
5 3
5 9
5 6
5 1
5 2
5 0
45 39 0 0 0 0 0 2 0 0 0 0 0 0 0 1 1 1 0 0 0 0 0 30 1 0 0 3 1 0 
56 49 0 0 0 0 0 3 0 0 0 0 0 0 0 1 1 1 0 0 0 0 0 30 1 0 0 3 1 0 
50 43 0 0 0 0 0 3 0 0 0 0 0 0 0 1 1 1 0 0 0 0 0 30 1 0 0 3 1 0 
52 45 0 0 0 0 0 3 0 0 0 0 0 0 0 1 1 1 0 0 0 0 0 30 1 0 0 3 1 0 
48 42 0 0 0 0 0 2 0 0 0 0 0 0 0 1 1 1 0 0 0 0 0 30 1 0 0 3 1 0 
47 40 0 0 0 0 0 3 0 0 0 0 0 0 0 1 1 1 0 0 0 0 0 30 1 0 9 3 1 0 
46 40 0 0 0 0 0 2 0 0 0 0 0 0 0 1 1 1 0 0 0 0 0 30 1 0 0 3 1 0 
55 47 0 0 0 0 0 3 0 0 0 0 0 0 0 1 1 1 0 0 0 0 0 30 2 0 0 3 1 0 
33 29 0 0 0 0 0 1 0 0 0 0 0 0 0 0 0 1 0 0 0 0 0 26 0 0 0 3 1 0 
51 43 0 0 0 0 0 3 0 0 0 0 0 0 0 1 1 1 0 0 0 0 0 30 2 0 0 3 1 0 
