http://goldcity888.com/theme/topic/ironman/ironman_files/style.css
malware
10 9
4 2
4 6
4 9
4 1
4 5
4 7
4 0
4 3
8 4
57 44 3 0 0 0 0 1 0 0 0 0 0 0 0 0 0 1 0 0 0 0 0 15 5 0 0 3 1 0 
26 17 3 0 0 0 0 1 0 0 0 0 0 0 0 0 0 1 0 0 0 0 0 15 2 0 0 3 1 0 
26 17 3 0 0 0 0 1 0 0 0 0 0 0 0 0 0 1 0 0 0 0 0 15 2 0 0 3 1 0 
26 17 3 0 0 0 0 1 0 0 0 0 0 0 0 0 0 1 0 0 0 0 0 15 2 0 0 3 1 0 
34 27 0 0 0 1 0 2 0 0 0 0 0 0 0 1 1 1 0 0 0 0 1 25 1 0 9 3 1 0 
26 17 3 0 0 0 0 1 0 0 0 0 0 0 0 0 0 1 0 0 0 0 0 15 2 0 0 3 1 0 
26 17 3 0 0 0 0 1 0 0 0 0 0 0 0 0 0 1 0 0 0 0 0 15 2 0 0 3 1 0 
26 17 3 0 0 0 0 1 0 0 0 0 0 0 0 0 0 1 0 0 0 0 0 15 2 0 0 3 1 0 
66 52 3 0 0 0 0 2 0 0 0 0 0 0 0 0 0 1 0 0 0 0 0 15 5 0 1 3 1 0 
26 17 3 0 0 0 0 1 0 0 0 0 0 0 0 0 0 1 0 0 0 0 0 15 2 0 0 3 1 0 
