http://www.xuhss.com/wp-content/uploads/2019/10/hhh.exe
malware
10 9
0 1
0 8
0 7
0 3
0 2
0 4
0 5
0 9
6 0
61 51 0 0 0 2 0 1 0 0 0 0 0 0 0 0 1 1 0 0 0 0 0 13 4 0 9 3 1 0 
22 17 0 0 0 0 0 1 0 0 0 0 0 0 0 0 1 1 0 0 0 0 0 13 1 0 0 3 1 0 
31 25 0 0 0 0 0 1 0 0 0 0 0 0 0 0 1 1 0 0 0 0 0 13 2 0 0 3 1 0 
30 24 0 0 0 0 0 1 0 0 0 0 0 0 0 0 1 1 0 0 0 0 0 13 2 0 0 3 1 0 
30 24 0 0 0 0 0 1 0 0 0 0 0 0 0 0 1 1 0 0 0 0 0 13 2 0 0 3 1 0 
31 25 0 0 0 0 0 1 0 0 0 0 0 0 0 0 1 1 0 0 0 0 0 13 2 0 0 3 1 0 
55 37 6 0 0 1 0 3 0 0 0 0 0 0 0 1 0 1 0 0 0 0 0 13 5 0 1 3 1 0 
27 21 0 0 0 0 0 1 0 0 0 0 0 0 0 0 1 1 0 0 0 0 0 13 2 0 0 3 1 0 
29 23 0 0 0 0 0 1 0 0 0 0 0 0 0 0 1 1 0 0 0 0 0 13 2 0 0 3 1 0 
29 23 0 0 0 0 0 1 0 0 0 0 0 0 0 0 1 1 0 0 0 0 0 13 2 0 0 3 1 0 
