http://176.123.9.171/bins/arm5.neiru
malware
10 9
2 6
2 8
2 1
2 4
2 0
2 3
2 7
2 5
2 9
45 36 0 0 0 2 0 1 0 0 0 0 0 0 0 0 1 1 0 0 0 0 0 17 3 0 0 2 1 0 
45 36 0 0 0 2 0 1 0 0 0 0 0 0 0 0 1 1 0 0 0 0 0 17 3 0 0 2 1 0 
36 16 11 0 0 0 0 4 0 0 0 0 0 0 0 0 0 1 1 0 0 0 0 13 2 0 9 0 1 0 
32 25 0 0 0 1 0 1 0 0 0 0 0 0 0 0 1 1 0 0 0 0 0 17 2 0 0 2 1 0 
26 20 0 0 0 1 0 1 0 0 0 0 0 0 0 0 1 1 0 0 0 0 0 17 1 0 0 2 1 0 
45 36 0 0 0 2 0 1 0 0 0 0 0 0 0 0 1 1 0 0 0 0 0 17 3 0 0 2 1 0 
44 35 0 0 0 2 0 1 0 0 0 0 0 0 0 0 1 1 0 0 0 0 0 17 3 0 0 2 1 0 
31 25 0 0 0 1 0 1 0 0 0 0 0 0 0 0 1 1 0 0 0 0 0 17 1 0 0 2 1 0 
25 20 0 0 0 1 0 1 0 0 0 0 0 0 0 0 1 1 0 0 0 0 0 17 0 0 0 2 1 0 
52 42 0 0 0 3 0 1 0 0 0 0 0 0 0 0 1 1 0 0 0 0 0 17 3 0 0 2 1 0 
