https://www.mass.gov/?pageID=osdhomepage&amp;L=1&amp;L0=Home&amp;sid=Aosd
phishing
10 9
2 8
2 4
2 7
2 0
2 3
2 5
2 1
2 9
2 6
42 35 0 0 0 0 0 2 0 0 0 0 0 0 0 1 1 1 0 0 0 0 0 12 2 0 0 3 1 0 
42 33 0 0 0 0 0 4 0 0 0 0 0 0 0 0 1 1 0 0 1 0 0 19 2 0 0 5 1 0 
73 54 2 0 1 0 4 2 0 0 0 0 0 0 0 1 1 1 0 0 0 0 0 12 1 0 10 3 1 0 
44 36 0 0 0 1 0 2 0 0 0 0 0 0 0 1 1 1 0 0 0 0 0 12 2 0 0 3 1 0 
21 15 0 0 0 0 0 2 0 0 0 0 0 0 0 1 1 1 0 0 0 0 0 12 1 0 0 3 1 0 
45 37 0 0 0 1 0 2 0 0 0 0 0 0 0 1 1 1 0 0 0 0 0 12 2 0 0 3 1 0 
74 61 0 0 0 6 0 2 0 0 0 0 0 0 0 1 1 1 0 0 0 0 0 12 2 0 0 3 1 0 
51 42 0 0 0 0 0 3 0 0 0 0 0 0 0 0 1 1 0 0 0 0 0 18 3 0 0 3 1 0 
49 38 0 0 0 0 0 5 0 0 0 0 0 0 0 0 1 1 0 0 1 0 0 20 3 0 0 5 1 0 
50 41 0 0 0 2 0 2 0 0 0 0 0 0 0 1 1 1 0 0 1 0 0 12 2 0 0 3 1 0 
