https://geography.about.com/od/populationgeography/a/babyboom_2.htm
benign
10 9
0 8
0 6
0 1
0 9
0 4
0 2
0 3
0 7
0 5
67 55 1 0 0 0 0 3 0 0 0 0 0 0 0 0 1 1 0 0 0 0 1 19 4 0 9 3 1 0 
28 22 0 0 0 0 0 2 0 0 0 0 0 0 0 0 1 1 0 0 0 0 1 19 1 0 0 3 1 0 
47 32 7 0 0 2 0 2 0 0 0 0 0 0 0 1 1 1 0 0 0 0 0 17 1 0 0 3 1 0 
50 35 7 0 0 2 0 2 0 0 0 0 0 0 0 1 1 1 0 0 0 0 0 17 1 0 0 3 1 0 
41 27 7 0 0 1 0 2 0 0 0 0 0 0 0 1 1 1 0 0 0 0 0 17 1 0 0 3 1 0 
49 34 7 0 0 2 0 2 0 0 0 0 0 0 0 1 1 1 0 0 0 0 0 17 1 0 0 3 1 0 
44 30 7 0 0 1 0 2 0 0 0 0 0 0 0 1 1 1 0 0 0 0 0 17 1 0 0 3 1 0 
53 37 7 0 0 3 0 2 0 0 0 0 0 0 0 1 1 1 0 0 0 0 0 17 1 0 0 3 1 0 
52 36 7 0 0 3 0 2 0 0 0 0 0 0 0 1 1 1 0 0 0 0 0 17 1 0 0 3 1 0 
38 24 7 0 0 1 0 2 0 0 0 0 0 0 0 1 1 1 0 0 0 0 0 17 1 0 0 3 1 0 
