https://leatherkonnect.com
phishing
10 9
7 1
7 2
7 6
7 5
7 9
7 4
7 0
7 3
7 8
17 13 0 0 0 0 0 1 0 0 0 0 0 0 0 0 1 1 0 0 0 0 0 9 0 0 0 2 1 0 
34 27 0 0 0 0 0 3 0 0 0 0 0 0 0 1 1 1 0 0 0 0 0 16 1 0 0 3 1 0 
27 20 0 0 0 1 0 1 0 0 0 0 0 0 0 0 1 1 0 0 0 0 0 9 2 0 0 2 1 0 
18 13 0 0 0 0 0 1 0 0 0 0 0 0 0 0 1 1 0 0 0 0 0 9 1 0 0 2 1 0 
44 35 0 0 0 1 0 2 0 0 0 0 0 0 0 1 1 1 0 0 0 0 0 16 3 0 0 3 1 0 
24 18 0 0 0 0 0 1 0 0 0 0 0 0 0 0 1 1 0 0 0 0 0 9 2 0 0 2 1 0 
31 25 0 0 0 0 0 2 0 0 0 0 0 0 0 0 1 1 0 0 0 0 0 13 1 0 0 3 1 0 
26 22 0 0 0 0 0 1 0 0 0 0 0 0 0 0 1 1 0 0 0 0 1 18 0 0 31 3 1 0 
29 22 0 0 0 1 0 1 0 0 0 0 0 0 0 0 1 1 0 0 0 0 0 9 2 0 0 2 1 0 
31 24 0 0 0 1 0 1 0 0 0 0 0 0 0 0 1 1 0 0 1 0 0 9 2 0 0 2 1 0 
