https://experts-exchange.com/Software/System_Utilities/Remote_Access/VPN/Q_24436687.html
benign
10 9
0 3
0 5
0 8
0 2
0 7
0 4
0 9
0 6
0 1
88 66 8 0 0 1 0 2 0 0 0 0 0 0 0 0 1 1 0 0 0 0 0 20 5 0 17 3 1 0 
38 31 0 0 0 1 0 2 0 0 0 0 0 0 0 0 1 1 0 0 1 0 0 20 1 0 0 3 1 0 
37 30 0 0 0 1 0 2 0 0 0 0 0 0 0 0 1 1 0 0 0 0 0 23 1 0 0 3 1 0 
41 34 0 0 0 1 0 2 0 0 0 0 0 0 0 0 1 1 0 0 0 0 0 23 1 0 0 3 1 0 
45 37 0 0 0 1 0 3 0 0 0 0 0 0 0 1 1 1 0 0 0 0 0 24 1 0 0 3 1 0 
29 23 0 0 0 1 0 1 0 0 0 0 0 0 0 0 1 1 0 0 0 0 0 20 1 0 0 3 1 0 
39 32 0 0 0 1 0 2 0 0 0 0 0 0 0 0 1 1 0 0 0 0 0 23 1 0 0 3 1 0 
40 32 0 0 0 2 0 2 0 0 0 0 0 0 0 0 1 1 0 0 0 0 0 23 1 0 0 3 1 0 
46 38 0 0 0 2 0 2 0 0 0 0 0 0 0 0 1 1 0 0 0 0 0 23 1 0 0 3 1 0 
49 41 0 0 0 1 0 2 0 0 0 0 0 0 0 0 1 1 0 0 0 0 0 20 2 0 0 3 1 0 
