https://www.abc.net.au/sundayprofile/stories/s1144341.htm
phishing
10 9
8 6
8 5
8 1
8 0
8 7
8 3
8 9
8 4
8 2
26 18 0 0 0 0 0 3 0 0 0 0 0 0 0 1 1 1 0 0 0 0 0 14 2 0 0 6 1 0 
24 18 0 0 0 0 0 3 0 0 0 0 0 0 0 0 1 1 0 0 0 0 0 16 0 0 0 6 1 0 
14 10 0 0 0 0 0 0 0 0 0 0 0 0 0 0 0 0 0 0 0 0 0 1 0 0 0 0 1 0 
24 17 0 0 0 0 0 3 0 0 0 0 0 0 0 0 1 1 0 0 0 0 0 15 1 0 0 6 1 0 
23 16 0 0 0 0 0 3 0 0 0 0 0 0 0 1 1 1 0 0 0 0 0 14 1 0 0 6 1 0 
25 18 0 0 0 0 0 3 0 0 0 0 0 0 0 0 1 1 0 0 0 0 0 16 1 0 0 6 1 0 
32 24 0 0 0 0 0 3 0 0 0 0 0 0 0 1 1 1 0 0 0 0 0 14 2 0 0 6 1 0 
28 20 0 0 0 0 0 3 0 0 0 0 0 0 0 1 1 1 0 0 0 0 0 14 2 0 0 6 1 0 
57 40 7 0 0 0 0 4 0 0 0 0 0 0 0 1 1 1 0 0 0 0 0 14 3 0 10 6 1 0 
28 20 0 0 0 0 0 3 0 0 0 0 0 0 0 1 1 1 0 0 0 0 0 14 2 0 0 6 1 0 
