https://www.ics.uci.edu/~franz/
phishing
10 9
1 3
1 7
1 0
1 6
1 8
1 4
1 5
1 9
1 2
32 24 0 0 0 0 0 3 0 0 0 0 0 0 0 1 0 1 0 0 0 0 0 15 2 0 0 3 1 0 
31 22 0 0 0 0 0 3 0 0 0 0 0 0 0 1 1 1 0 0 0 0 0 15 2 0 11 3 1 0 
48 42 0 0 0 0 0 2 0 0 0 0 0 0 0 0 0 1 0 0 0 0 0 16 1 0 0 3 1 0 
27 20 0 0 0 0 0 2 0 0 0 0 0 0 0 1 0 1 0 0 0 0 0 11 1 0 0 2 1 0 
21 16 0 0 0 0 0 2 0 0 0 0 0 0 0 1 0 1 0 0 0 0 0 14 0 0 0 3 1 0 
21 15 0 0 0 0 0 2 0 0 0 0 0 0 0 1 1 1 0 0 0 0 0 12 1 0 0 3 1 0 
31 22 1 0 0 0 0 3 0 1 0 0 0 0 0 1 0 1 0 0 0 0 0 15 1 0 0 2 1 0 
39 31 0 0 0 0 0 3 0 0 0 0 0 0 0 1 0 1 0 0 0 0 0 15 2 0 0 3 1 0 
19 13 0 0 0 0 0 2 0 0 0 0 0 0 0 1 0 1 0 0 0 0 0 11 1 0 0 3 1 0 
28 22 0 0 0 0 0 2 0 0 0 0 0 0 0 1 0 1 0 0 0 0 0 14 1 0 0 3 1 0 
