http://www.steffen-lemme.de/component/k2/item/332-lemme-besucht-ausstellungserรถffnung-in-der-klosterschule-ro\303%9Fleben
defacement
10 9
8 7
8 4
8 3
8 1
8 0
8 9
8 5
8 2
8 6
64 46 4 0 0 4 0 3 0 0 0 0 0 0 0 1 0 1 0 0 0 0 0 20 4 0 0 2 1 0 
66 49 4 0 0 3 0 3 0 0 0 0 0 0 0 1 0 1 0 0 0 0 0 20 4 0 0 2 1 0 
65 49 3 0 0 3 0 3 0 0 0 0 0 0 0 1 0 1 0 0 0 0 0 20 4 0 0 2 1 0 
62 46 3 0 0 3 0 3 0 0 0 0 0 0 0 1 0 1 0 0 0 0 0 20 4 0 0 2 1 0 
68 51 3 0 0 4 0 3 0 0 0 0 0 0 0 1 0 1 0 0 0 0 0 20 4 0 0 2 1 0 
52 42 0 0 0 1 0 3 0 0 0 0 0 0 0 1 0 1 0 0 0 1 0 20 3 0 0 2 1 0 
74 56 3 0 0 5 0 3 0 0 0 0 0 0 0 1 0 1 0 0 0 0 0 20 4 0 0 2 1 0 
68 51 3 0 0 4 0 3 0 0 0 0 0 0 0 1 0 1 0 0 0 0 0 20 4 0 0 2 1 0 
122 95 8 0 0 8 0 2 0 1 0 0 0 0 0 1 0 1 0 0 0 0 0 20 4 0 28 2 1 0 
65 48 3 0 0 4 0 3 0 0 0 0 0 0 0 1 0 1 0 0 0 0 0 20 4 0 0 2 1 0 
