http://www.allsolarflorida.com/index.php/preferred-vendor-signup/8
defacement
10 9
3 5
3 4
3 2
3 7
3 9
3 0
3 6
3 1
3 8
44 36 0 0 0 1 0 3 0 0 0 0 0 0 0 1 1 1 0 0 0 0 0 19 1 0 0 3 0 0 
45 37 0 0 0 0 0 3 0 0 0 0 0 0 0 1 1 1 0 0 0 0 0 19 1 0 0 3 0 0 
20 3 11 0 0 3 0 0 0 0 0 0 0 0 0 0 0 0 0 0 0 0 0 14 0 0 0 0 1 0 
66 54 1 0 0 2 0 3 0 0 0 0 0 0 0 1 0 1 0 0 0 0 0 23 3 0 13 3 1 0 
39 32 0 0 0 0 0 3 0 0 0 0 0 0 0 1 1 1 0 0 0 0 0 19 1 0 0 3 0 0 
37 30 0 0 0 0 0 3 0 0 0 0 0 0 0 1 1 1 0 0 0 0 0 19 1 0 0 3 0 0 
35 28 0 0 0 0 0 3 0 0 0 0 0 0 0 1 1 1 0 0 0 0 0 19 1 0 0 3 0 0 
50 41 0 0 0 2 0 3 0 0 0 0 0 0 0 1 1 1 0 0 1 0 0 19 1 0 0 3 0 0 
37 30 0 0 0 0 0 3 0 0 0 0 0 0 0 1 1 1 0 0 0 0 0 19 1 0 0 3 0 0 
50 41 0 0 0 2 0 3 0 0 0 0 0 0 0 1 1 1 0 0 0 0 0 19 1 0 0 3 0 0 
