http://www.hillview.com.cy/pissouri-map.html
defacement
10 9
6 0
6 9
6 3
6 2
6 1
6 7
6 4
6 5
6 8
47 38 0 0 0 2 0 2 0 0 0 0 0 0 0 0 1 1 0 0 0 0 0 15 2 0 0 6 1 0 
53 43 0 0 0 3 0 2 0 0 0 0 0 0 0 0 1 1 0 0 0 0 0 15 2 0 0 6 1 0 
24 18 0 0 0 0 0 2 0 0 0 0 0 0 0 0 1 1 0 0 0 0 0 15 1 0 0 6 1 0 
52 43 0 0 0 2 0 2 0 0 0 0 0 0 0 0 1 1 0 0 0 0 0 15 2 0 0 6 1 0 
32 25 0 0 0 0 0 2 0 0 0 0 0 0 0 0 1 1 0 0 0 0 0 15 2 0 0 6 1 0 
45 36 0 0 0 2 0 2 0 0 0 0 0 0 0 0 1 1 0 0 0 0 0 15 2 0 0 6 1 0 
44 35 0 0 0 1 0 4 0 0 0 0 0 0 0 1 0 1 0 0 0 0 0 19 1 0 10 6 1 0 
33 26 0 0 0 0 0 2 0 0 0 0 0 0 0 0 1 1 0 0 0 0 0 15 2 0 0 6 1 0 
23 18 0 0 0 0 0 2 0 0 0 0 0 0 0 0 1 1 0 0 0 0 0 15 0 0 0 6 1 0 
32 25 0 0 0 0 0 2 0 0 0 0 0 0 0 0 1 1 0 0 0 0 0 15 2 0 0 6 1 0 
