https://guitarconnection.com/
benign
10 9
4 5
4 2
4 7
4 1
4 0
4 8
4 6
4 9
4 3
33 27 0 0 0 0 0 2 0 0 0 0 0 0 0 1 1 1 0 0 0 0 0 24 1 0 0 3 1 0 
56 47 0 0 0 2 0 3 0 0 0 0 0 0 0 1 1 1 0 0 0 0 0 24 1 0 0 3 1 0 
48 40 0 0 0 1 0 3 0 0 0 0 0 0 0 1 1 1 0 0 0 0 0 24 1 0 0 3 1 0 
49 41 0 0 0 1 0 3 0 0 0 0 0 0 0 1 1 1 0 0 0 0 0 24 1 0 0 3 1 0 
29 24 0 0 0 0 0 1 0 0 0 0 0 0 0 0 1 1 0 0 0 0 0 20 1 0 15 3 1 0 
48 40 0 0 0 1 0 3 0 0 0 0 0 0 0 1 1 1 0 0 0 0 0 24 1 0 0 3 1 0 
52 44 0 0 0 1 0 3 0 0 0 0 0 0 0 1 1 1 0 0 1 0 0 24 1 0 0 3 1 0 
54 46 0 0 0 1 0 3 0 0 0 0 0 0 0 1 1 1 0 0 0 0 0 24 1 0 0 3 1 0 
53 45 0 0 0 1 0 3 0 0 0 0 0 0 0 1 1 1 0 0 0 0 0 24 1 0 0 3 1 0 
53 45 0 0 0 1 0 3 0 0 0 0 0 0 0 1 1 1 0 0 0 0 0 24 1 0 0 3 1 0 
