https://www.roundworldmedia.com/prflash.htm
phishing
10 9
3 0
3 9
3 2
3 5
3 8
3 4
3 6
3 7
3 1
42 35 0 0 0 0 0 3 0 0 0 0 0 0 0 1 1 1 0 0 0 0 0 23 1 0 0 3 1 0 
43 36 0 0 0 0 0 3 0 0 0 0 0 0 0 1 1 1 0 0 0 0 0 23 1 0 0 3 1 0 
44 37 0 0 0 0 0 3 0 0 0 0 0 0 0 1 1 1 0 0 0 0 0 23 1 0 0 3 1 0 
43 36 0 0 0 0 0 3 0 0 0 0 0 0 0 1 1 1 0 0 0 0 0 23 1 0 10 3 1 0 
40 32 1 0 0 0 0 3 0 0 0 0 0 0 0 1 1 1 0 0 0 0 0 23 1 0 0 3 1 0 
41 34 0 0 0 0 0 3 0 0 0 0 0 0 0 1 1 1 0 0 0 0 0 23 1 0 0 3 1 0 
43 36 0 0 0 0 0 3 0 0 0 0 0 0 0 1 1 1 0 0 0 0 0 23 1 0 0 3 1 0 
44 35 1 0 0 0 0 3 0 0 0 0 0 0 0 1 1 1 0 0 0 0 0 23 2 0 0 3 1 0 
48 39 1 0 0 0 0 3 0 0 0 0 0 0 0 1 1 1 0 0 0 0 0 23 2 0 0 3 1 0 
49 42 0 0 0 0 0 3 0 0 0 0 0 0 0 1 1 1 0 0 0 0 0 23 1 0 0 3 1 0 
