https://angelfire.com/pa3/lorraine/index.html
benign
10 9
4 0
4 7
4 6
4 8
4 3
4 1
4 2
4 5
9 4
38 32 0 0 0 0 0 2 0 0 0 0 0 0 0 1 1 1 0 0 0 0 0 16 1 0 0 3 1 0 
32 26 0 0 0 0 0 1 0 0 0 0 0 0 0 0 1 1 0 0 0 0 0 13 2 0 0 3 1 0 
28 23 0 0 0 0 0 1 0 0 0 0 0 0 0 0 0 1 0 0 0 0 0 11 1 0 0 3 1 0 
36 31 0 0 0 0 0 1 0 0 0 0 0 0 0 0 1 1 0 0 0 0 0 13 1 0 0 3 1 0 
32 25 0 0 0 0 0 3 0 0 0 0 0 0 0 1 1 1 0 0 0 0 0 23 1 0 9 3 1 0 
57 49 0 0 0 0 0 3 0 0 0 0 0 0 0 0 1 1 0 0 0 0 0 22 1 0 0 3 1 0 
42 34 0 0 0 0 0 3 0 0 0 0 0 0 0 1 1 1 0 0 1 0 0 23 2 0 0 3 1 0 
41 34 0 0 0 0 0 3 0 0 0 0 0 0 0 0 1 1 0 0 0 0 0 22 1 0 0 3 1 0 
39 31 0 0 0 0 0 1 0 0 0 0 0 0 0 1 1 1 0 0 0 0 0 13 4 0 0 3 1 0 
45 36 1 0 0 0 0 2 0 0 0 0 0 0 0 0 1 1 0 0 0 0 0 13 3 0 2 3 1 0 
