https://www.awiedemann.de/compiler
phishing
10 9
3 2
3 5
3 8
3 4
3 7
3 0
3 6
3 1
3 9
43 35 0 0 0 0 0 3 0 0 0 0 0 0 0 1 1 1 0 0 0 0 0 17 2 0 0 2 1 0 
44 28 5 0 0 0 0 6 0 0 0 0 0 0 0 1 1 1 0 0 0 0 0 17 1 0 0 2 1 0 
20 14 0 0 0 0 0 2 0 0 0 0 0 0 0 1 0 1 0 0 0 0 0 12 1 0 0 3 1 0 
34 28 0 0 0 0 0 2 0 0 0 0 0 0 0 1 1 1 0 0 0 0 0 17 1 0 10 2 1 0 
44 31 5 0 0 0 0 4 0 0 0 0 0 0 0 1 1 1 0 0 0 0 0 17 1 0 0 2 1 0 
42 35 0 0 0 0 0 3 0 0 0 0 0 0 0 1 1 1 0 0 0 0 0 17 1 0 0 2 1 0 
43 31 4 0 0 0 0 4 0 0 0 0 0 0 0 1 1 1 0 0 0 0 0 17 1 0 0 2 1 0 
40 30 3 0 0 0 0 3 0 0 0 0 0 0 0 1 1 1 0 0 0 0 0 17 1 0 0 2 1 0 
44 29 4 0 0 0 0 6 0 0 0 0 0 0 0 1 1 1 0 0 0 0 0 17 1 0 0 2 1 0 
26 20 0 0 0 0 0 2 0 0 0 0 0 0 0 1 0 1 0 0 0 0 0 18 1 0 0 3 1 0 
