http://mashable.com/category/entertainment/2015/05/12/assassins-creed-syndicate-gameplay
benign
10 9
1 6
1 3
1 2
1 9
1 0
1 7
1 5
1 8
1 4
53 43 0 0 0 4 0 1 0 0 0 0 0 0 0 0 0 1 0 0 0 0 0 12 2 0 0 3 1 0 
88 67 8 0 0 3 0 1 0 0 0 0 0 0 0 0 0 1 0 0 0 0 0 12 6 0 9 3 1 0 
34 29 0 0 0 0 0 1 0 0 0 0 0 0 0 0 1 1 0 0 0 0 0 12 1 0 0 3 1 0 
25 20 0 0 0 0 0 1 0 0 0 0 0 0 0 0 1 1 0 0 0 0 0 12 1 0 0 3 1 0 
26 21 0 0 0 0 0 1 0 0 0 0 0 0 0 0 1 1 0 0 0 0 0 12 1 0 0 3 1 0 
41 34 0 0 0 1 0 1 0 0 0 0 0 0 0 0 1 1 0 0 0 0 0 12 2 0 0 3 1 0 
39 29 3 0 0 1 0 1 0 0 0 0 0 0 0 0 0 1 0 0 0 0 0 12 2 0 0 3 1 0 
25 20 0 0 0 0 0 1 0 0 0 0 0 0 0 0 1 1 0 0 0 0 0 12 1 0 0 3 1 0 
28 23 0 0 0 0 0 1 0 0 0 0 0 0 0 0 1 1 0 0 0 0 0 12 1 0 0 3 1 0 
20 16 0 0 0 0 0 1 0 0 0 0 0 0 0 0 1 1 0 0 0 0 0 12 0 0 0 3 1 0 
