https://homerecording.com/bbs/general-discussions/newbies/yamaha-audiogram-6-adobe-audition-crackling-issues-293080/
benign
10 9
3 9
3 8
3 6
3 2
3 7
3 1
3 4
3 0
3 5
37 30 0 0 0 0 0 1 0 0 0 0 0 0 0 0 1 1 0 0 0 0 0 17 3 0 0 3 1 0 
46 37 0 0 0 1 0 1 0 0 0 0 0 0 0 0 1 1 0 0 0 0 0 17 4 0 0 3 1 0 
40 32 0 0 0 1 0 1 0 0 0 0 0 0 0 0 1 1 0 0 0 0 0 17 3 0 0 3 1 0 
116 92 7 0 0 8 0 1 0 0 0 0 0 0 0 0 1 1 0 0 0 0 0 17 5 0 15 3 1 0 
54 44 0 0 0 2 0 1 0 0 0 0 0 0 0 0 1 1 0 0 0 0 0 17 4 0 0 3 1 0 
30 24 0 0 0 0 0 1 0 0 0 0 0 0 0 0 1 1 0 0 0 0 0 17 2 0 0 3 1 0 
55 46 0 0 0 2 0 1 0 0 0 0 0 0 0 0 1 1 0 0 0 0 0 17 3 0 0 3 1 0 
38 31 0 0 0 0 0 1 0 0 0 0 0 0 0 0 1 1 0 0 0 0 0 17 3 0 0 3 1 0 
25 21 0 0 0 0 0 1 0 0 0 0 0 0 0 0 1 1 0 0 0 0 0 17 0 0 0 3 1 0 
37 30 0 0 0 0 0 1 0 0 0 0 0 0 0 0 1 1 0 0 0 0 0 17 3 0 0 3 1 0 
