https://mba.tuck.dartmouth.edu/digital/
phishing
10 9
3 9
3 7
3 5
3 8
3 6
3 1
3 2
3 4
3 0
38 30 0 0 0 0 0 3 0 0 0 0 0 0 0 1 0 1 0 0 0 0 0 22 2 0 0 3 1 0 
59 48 0 0 0 1 0 3 0 0 0 0 0 0 0 1 0 1 0 0 0 0 0 22 4 0 0 3 1 0 
58 47 0 0 0 1 0 3 0 0 0 0 0 0 0 1 0 1 0 0 0 0 0 22 4 0 0 3 1 0 
39 31 0 0 0 0 0 3 0 0 0 0 0 0 0 0 1 1 0 0 0 0 0 22 2 0 10 3 1 0 
52 42 0 0 0 0 0 3 0 0 0 0 0 0 0 1 0 1 0 0 0 0 0 22 4 0 0 3 1 0 
60 48 2 0 0 0 0 4 0 0 0 0 0 0 0 0 0 1 0 0 0 0 0 22 3 0 0 3 1 0 
25 19 0 0 0 0 0 2 0 0 0 0 0 0 0 1 0 1 0 0 0 0 0 17 1 0 0 3 1 0 
52 42 0 0 0 0 0 3 0 0 0 0 0 0 0 1 0 1 0 0 0 0 0 22 4 0 0 3 1 0 
30 23 0 0 0 0 0 3 0 0 0 0 0 0 0 1 0 1 0 0 0 0 0 22 1 0 0 3 1 0 
56 46 0 0 0 0 0 3 0 0 0 0 0 0 0 1 0 1 0 0 0 0 0 22 4 0 0 3 1 0 
