http://pridepestcontrolservices.com/component/content/section/4.html
defacement
8 7
0 4
6 2
6 5
6 7
6 3
6 0
6 1
24 18 0 0 0 0 0 2 0 0 0 0 0 0 0 1 0 1 0 0 0 0 1 16 1 0 1 3 1 0 
43 34 0 0 0 0 0 2 0 0 0 0 0 0 0 1 0 1 0 0 0 0 1 16 3 0 1 3 1 0 
33 26 0 0 0 0 0 2 0 0 0 0 0 0 0 1 0 1 0 0 0 0 1 16 2 0 1 3 1 0 
32 25 0 0 0 0 0 2 0 0 0 0 0 0 0 1 0 1 0 0 0 0 1 16 2 0 1 3 1 0 
25 19 0 0 0 0 0 2 0 0 0 0 0 0 0 1 1 1 0 0 0 0 1 16 1 0 1 3 1 0 
39 31 0 0 0 1 0 2 0 0 0 0 0 0 0 1 0 1 0 0 0 0 1 16 2 0 1 3 1 0 
68 58 1 0 0 0 0 2 0 0 0 0 0 0 0 0 0 1 0 0 1 0 0 28 4 0 7 3 1 0 
41 32 0 0 0 0 0 2 0 0 0 0 0 0 0 1 0 1 0 0 0 0 1 16 3 0 1 3 1 0 
