https://www.informatik.uni-kiel.de/~curry/
phishing
10 9
4 5
4 0
4 8
4 3
4 6
4 9
4 1
4 2
7 4
52 41 0 0 0 1 0 3 0 0 0 0 0 0 0 1 1 1 0 0 0 0 0 26 3 0 0 2 1 0 
53 41 1 0 0 2 0 3 0 0 0 0 0 0 0 1 1 1 0 0 0 0 0 29 3 0 0 2 1 0 
42 32 0 0 0 1 0 3 0 0 0 0 0 0 0 1 1 1 0 0 0 0 0 26 2 0 0 2 1 0 
44 33 1 0 0 2 0 3 0 0 0 0 0 0 0 1 1 1 0 0 0 0 0 29 2 0 0 2 1 0 
25 19 0 0 0 1 0 2 0 0 0 0 0 0 0 1 0 1 0 0 0 0 0 18 0 0 24 3 1 0 
79 65 0 0 0 2 0 4 0 0 0 0 0 0 0 1 1 1 0 0 0 0 0 29 4 0 0 2 1 0 
44 35 0 0 0 1 0 4 0 0 0 0 0 0 0 0 1 1 0 0 0 0 0 27 1 0 0 2 1 0 
42 32 0 0 0 1 0 3 0 0 0 0 0 0 0 1 1 1 0 0 0 0 0 26 2 0 1 2 1 0 
27 20 0 0 0 1 0 2 0 0 0 0 0 0 0 0 1 1 0 0 0 0 0 18 1 0 0 3 1 0 
48 38 0 0 0 2 0 3 0 0 0 0 0 0 0 1 1 1 0 0 0 0 0 29 2 0 0 2 1 0 
