https://yabiladi.com/forum/free-moroccan-movies-44-1809053.html
benign
10 9
3 9
3 5
3 6
3 1
3 7
3 0
3 8
3 4
3 2
52 42 1 0 0 0 0 2 0 0 0 0 0 0 0 0 1 1 0 0 0 0 0 12 4 0 0 3 1 0 
27 21 0 0 0 0 0 1 0 0 0 0 0 0 0 0 1 1 0 0 0 0 0 12 2 0 0 3 1 0 
48 38 1 0 0 0 0 2 0 0 0 0 0 0 0 0 1 1 0 0 0 0 0 12 4 0 0 3 1 0 
63 43 9 0 0 4 0 2 0 0 0 0 0 0 0 0 1 1 0 0 1 0 0 12 2 0 12 3 1 0 
34 28 0 0 0 0 0 1 0 0 0 0 0 0 0 0 1 1 0 0 0 0 0 12 2 0 0 3 1 0 
57 46 1 0 0 0 1 1 0 0 0 0 0 0 0 0 1 1 0 0 0 0 0 12 4 0 0 3 1 0 
30 24 0 0 0 0 0 1 0 0 0 0 0 0 0 0 1 1 0 0 0 0 0 12 2 0 0 3 1 0 
34 25 2 0 0 0 0 1 0 0 0 0 0 0 0 0 1 1 0 0 0 0 0 12 3 0 0 3 1 0 
28 22 0 0 0 0 0 1 0 0 0 0 0 0 0 0 1 1 0 0 0 0 0 12 2 0 0 3 1 0 
50 40 1 0 0 0 0 2 0 0 0 0 0 0 0 0 1 1 0 0 0 0 0 12 4 0 0 3 1 0 
