http://techcrunch.com/2015/05/05/france-is-one-step-closer-to-adopting-extensive-surveillance-law/
benign
10 9
0 2
0 3
0 7
0 9
0 6
0 8
0 4
0 1
0 5
98 72 8 0 0 9 0 1 0 0 0 0 0 0 0 0 0 1 0 0 0 0 0 14 5 0 9 3 1 0 
58 38 8 0 0 3 0 1 0 0 0 0 0 0 0 0 1 1 0 0 0 0 0 14 5 0 0 3 1 0 
147 121 0 0 0 19 0 2 0 0 0 0 0 0 0 1 0 1 0 0 0 0 0 12 2 0 0 3 1 0 
41 33 0 0 0 0 0 2 0 0 0 0 0 0 0 0 1 1 0 0 0 0 0 16 2 0 0 3 1 0 
57 42 4 0 0 0 0 2 0 0 0 0 0 0 0 0 1 1 0 0 0 0 0 16 2 0 0 3 1 0 
86 70 2 0 0 0 0 2 0 1 0 0 0 0 0 0 1 1 0 0 0 0 0 16 2 0 0 3 1 0 
44 36 0 0 0 1 0 1 0 0 0 0 0 0 0 0 1 1 0 0 0 0 0 14 3 0 0 3 1 0 
99 84 0 0 0 0 0 2 0 0 0 0 0 0 0 0 1 1 0 0 0 0 0 16 2 0 0 3 1 0 
32 27 0 0 0 0 0 1 0 0 0 0 0 0 0 0 1 1 0 0 0 0 0 11 1 0 0 3 1 0 
62 52 0 0 0 0 0 2 0 0 0 0 0 0 0 0 1 1 0 0 0 0 0 16 2 0 0 3 1 0 
