https://projects.haskell.org/haskellmode-emacs/
phishing
10 9
1 8
1 0
1 5
1 7
1 9
1 3
1 2
1 6
1 4
46 38 0 0 0 1 0 1 0 0 0 0 0 0 0 0 1 1 0 0 0 0 0 10 3 0 0 3 1 0 
47 39 0 0 0 1 0 2 0 0 0 0 0 0 0 0 1 1 0 0 0 0 0 20 2 0 10 3 1 0 
70 55 2 0 0 3 0 5 0 0 0 0 0 0 0 0 1 1 0 0 0 0 0 20 2 0 0 3 1 0 
23 17 0 0 0 0 0 2 0 0 0 0 0 0 0 1 0 1 0 0 0 0 0 15 1 0 0 3 1 0 
72 55 3 0 0 3 0 6 0 0 0 0 0 0 0 0 1 1 0 0 0 0 0 20 2 0 0 3 1 0 
72 55 3 0 0 3 0 6 0 0 0 0 0 0 0 0 1 1 0 0 0 0 0 20 2 0 0 3 1 0 
70 59 0 0 0 2 0 2 0 0 0 0 0 0 0 0 0 1 0 0 0 0 0 20 4 0 0 3 1 0 
28 21 0 0 0 0 0 2 0 0 0 0 0 0 0 1 0 1 0 0 0 0 0 15 2 0 0 3 1 0 
72 55 3 0 0 3 0 6 0 0 0 0 0 0 0 0 1 1 0 0 0 0 0 20 2 0 0 3 1 0 
72 55 3 0 0 3 0 6 0 0 0 0 0 0 0 0 1 1 0 0 0 0 0 20 2 0 0 3 1 0 
