http://notiamazonia.com/index.php?limitstart=9
defacement
10 9
5 8
5 0
5 2
5 4
5 6
5 7
5 3
5 1
5 9
89 74 0 0 0 7 0 2 0 0 0 0 0 0 0 1 1 1 0 0 0 0 0 20 3 0 0 3 1 0 
33 27 0 0 0 0 0 2 0 0 0 0 0 0 0 0 0 1 0 0 0 0 0 16 1 0 0 3 1 0 
23 17 0 0 0 0 0 2 0 0 0 0 0 0 0 1 1 1 0 0 0 0 0 14 1 0 0 2 1 0 
29 23 0 0 0 0 0 2 0 0 0 0 0 0 0 1 1 1 0 0 0 0 0 20 1 0 0 3 1 0 
103 85 2 0 0 8 0 2 0 0 0 0 0 0 0 1 1 1 0 0 0 0 0 20 3 0 0 3 1 0 
46 37 1 0 1 0 1 2 0 0 0 0 0 0 0 0 0 1 0 0 0 0 0 16 1 0 11 3 1 0 
131 110 0 0 0 13 0 2 0 0 0 0 0 0 0 1 1 1 0 0 0 0 0 20 3 0 0 3 1 0 
107 87 2 0 0 10 0 2 0 0 0 0 0 0 0 1 1 1 0 0 0 0 0 20 3 0 0 3 1 0 
128 108 0 0 0 12 0 2 0 0 0 0 0 0 0 1 1 1 0 0 0 0 0 20 3 0 0 3 1 0 
49 41 0 0 0 0 0 2 0 0 0 0 0 0 0 1 1 1 0 0 0 0 0 20 3 0 0 3 1 0 
