http://abbeygymnastics.com/classes/tots-and-me
defacement
10 9
9 3
9 1
9 8
9 4
9 6
9 0
9 2
9 7
9 5
42 35 0 0 0 0 0 2 0 0 0 0 0 0 0 1 1 1 0 0 0 0 0 23 2 0 0 3 1 0 
47 37 0 0 0 3 0 2 0 0 0 0 0 0 0 1 1 1 0 0 0 0 0 23 2 0 0 3 1 0 
32 26 0 0 0 0 0 2 0 0 0 0 0 0 0 1 1 1 0 0 0 0 0 23 1 0 0 3 1 0 
43 35 0 0 0 1 0 2 0 0 0 0 0 0 0 1 1 1 0 0 0 0 0 23 2 0 0 3 1 0 
46 37 0 0 0 2 0 2 0 0 0 0 0 0 0 1 1 1 0 0 0 0 0 23 2 0 0 3 1 0 
49 41 0 0 0 1 0 2 0 0 0 0 0 0 0 1 1 1 0 0 0 0 0 23 2 0 0 3 1 0 
42 34 0 0 0 1 0 2 0 0 0 0 0 0 0 1 1 1 0 0 0 0 0 23 2 0 0 3 1 0 
39 32 0 0 0 0 0 2 0 0 0 0 0 0 0 1 1 1 0 0 0 0 0 23 2 0 0 3 1 0 
41 33 0 0 0 1 0 2 0 0 0 0 0 0 0 1 1 1 0 0 0 0 0 23 2 0 0 3 1 0 
46 38 0 0 0 2 0 1 0 0 0 0 0 0 0 0 0 1 0 0 0 0 0 19 2 0 15 3 1 0 
