http://ap.org/Content/AP-In-The-News/2013/AP-Names-Roger-Schneider-as-Michigan-News-Editor
benign
10 9
1 7
1 6
1 0
1 3
1 8
1 5
1 9
1 4
1 2
17 11 0 0 0 0 0 1 0 0 0 0 0 0 0 0 0 1 0 0 0 0 0 6 2 0 0 3 1 0 
90 68 4 0 0 10 0 1 0 0 0 0 0 0 0 0 0 1 0 0 0 0 0 6 4 0 12 3 1 0 
17 11 0 0 0 0 0 1 0 0 0 0 0 0 0 0 0 1 0 0 0 0 0 6 2 0 0 3 1 0 
17 11 0 0 0 0 0 1 0 0 0 0 0 0 0 0 0 1 0 0 0 0 0 6 2 0 0 3 1 0 
17 11 0 0 0 0 0 1 0 0 0 0 0 0 0 0 0 1 0 0 0 0 0 6 2 0 0 3 1 0 
17 11 0 0 0 0 0 1 0 0 0 0 0 0 0 0 0 1 0 0 0 0 0 6 2 0 0 3 1 0 
17 11 0 0 0 0 0 1 0 0 0 0 0 0 0 0 0 1 0 0 0 0 0 6 2 0 0 3 1 0 
17 11 0 0 0 0 0 1 0 0 0 0 0 0 0 0 0 1 0 0 0 0 0 6 2 0 0 3 1 0 
17 11 0 0 0 0 0 1 0 0 0 0 0 0 0 0 0 1 0 0 0 0 0 6 2 0 0 3 1 0 
17 11 0 0 0 0 0 1 0 0 0 0 0 0 0 0 0 1 0 0 0 0 0 6 2 0 0 3 1 0 
