http://www.rugbyzwolle.nl/teams/jeugd/op-de-hoogte-blijven
defacement
10 9
0 2
0 5
0 7
0 3
0 4
0 8
0 9
0 1
0 6
58 47 0 0 0 3 0 2 0 0 0 0 0 0 0 1 0 1 0 0 0 0 0 18 3 0 11 2 1 0 
23 18 0 0 0 0 0 1 0 0 0 0 0 0 0 0 1 1 0 0 0 0 0 14 1 0 0 2 1 0 
36 28 0 0 0 2 0 1 0 0 0 0 0 0 0 0 1 1 0 0 0 0 0 14 2 0 0 2 1 0 
46 38 0 0 0 2 0 1 0 0 0 0 0 0 0 0 1 1 0 0 0 0 0 14 2 0 0 2 1 0 
44 36 0 0 0 2 0 1 0 0 0 0 0 0 0 0 1 1 0 0 0 0 0 14 2 0 0 2 1 0 
31 23 1 0 0 1 0 1 0 0 0 0 0 0 0 0 1 1 0 0 0 0 0 14 2 0 0 2 1 0 
31 23 1 0 0 1 0 1 0 0 0 0 0 0 0 0 1 1 0 0 0 0 0 14 2 0 0 2 1 0 
29 23 0 0 0 0 0 1 0 0 0 0 0 0 0 0 1 1 0 0 0 0 0 14 2 0 0 2 1 0 
33 23 2 0 0 2 0 1 0 0 0 0 0 0 0 0 1 1 0 0 0 0 0 14 2 0 0 2 1 0 
31 23 1 0 0 1 0 1 0 0 0 0 0 0 0 0 1 1 0 0 0 0 0 14 2 0 0 2 1 0 
