https://jeremy.zawodny.com/blog/archives/003862.html
phishing
10 9
7 1
7 6
7 5
7 8
7 4
7 0
7 2
7 3
7 9
51 42 0 0 0 0 0 3 0 0 0 0 0 0 0 0 0 2 0 0 0 0 0 16 3 0 0 3 1 0 
51 36 6 0 0 0 0 3 0 0 0 0 0 0 0 0 0 1 0 0 0 0 0 18 3 0 0 3 1 0 
50 34 6 0 0 1 0 3 0 0 0 0 0 0 0 1 0 1 0 0 0 0 0 17 3 0 0 3 1 0 
49 39 0 0 0 0 0 3 0 0 0 0 0 0 0 0 0 2 0 0 0 0 0 16 3 0 0 3 1 0 
38 29 0 0 0 1 0 3 0 0 0 0 0 0 0 0 0 1 0 0 0 0 0 18 2 0 0 3 1 0 
29 23 0 0 0 0 0 2 0 0 0 0 0 0 0 0 0 1 0 0 0 0 0 12 1 0 0 3 1 0 
29 23 0 0 0 0 0 2 0 0 0 0 0 0 0 0 0 1 0 0 0 0 0 21 1 0 0 3 1 0 
52 37 6 0 0 0 0 3 0 0 0 0 0 0 0 0 1 1 0 0 0 0 0 18 3 0 34 3 1 0 
43 28 6 0 0 1 0 3 0 0 0 0 0 0 0 0 0 1 0 0 0 0 0 16 2 0 0 2 1 0 
46 29 8 0 0 0 0 2 0 0 0 0 0 0 0 1 0 1 0 0 0 0 0 14 4 0 0 3 1 0 
