http://avesis.nl/diensten/advies.html
defacement
10 9
3 9
3 0
3 2
3 6
3 8
3 1
3 4
3 5
3 7
39 31 0 0 0 1 0 2 0 0 0 0 0 0 0 1 1 1 0 0 0 0 0 21 2 0 0 2 1 0 
30 24 0 0 0 0 0 2 0 0 0 0 0 0 0 1 1 1 0 0 0 0 0 21 1 0 0 2 1 0 
49 40 0 0 0 1 0 2 0 0 0 0 0 0 0 1 1 1 0 0 0 0 0 16 3 0 0 3 1 0 
37 30 0 0 0 0 0 2 0 0 0 0 0 0 0 0 0 1 0 0 0 0 0 9 2 0 9 2 1 0 
35 29 0 0 0 0 0 1 0 0 0 0 0 0 0 0 1 1 0 0 0 0 0 11 1 0 0 3 1 0 
37 31 0 0 0 0 0 2 0 0 0 0 0 0 0 1 1 1 0 0 0 0 0 21 1 0 0 2 1 0 
49 40 0 0 0 1 0 2 0 0 0 0 0 0 0 1 1 1 0 0 0 0 0 21 3 0 0 2 1 0 
29 24 0 0 0 0 0 2 0 0 0 0 0 0 0 1 1 1 0 0 0 0 0 21 0 0 0 2 1 0 
40 33 0 0 0 0 0 2 0 0 0 0 0 0 0 1 1 1 0 0 0 0 0 21 2 0 0 2 1 0 
38 31 0 0 0 0 0 2 0 0 0 0 0 0 0 1 1 1 0 0 1 0 0 21 2 0 0 2 1 0 
