https://www.freewarepalm.com/games/games.shtml
phishing
10 9
5 1
5 0
5 6
5 2
5 4
5 8
5 3
5 9
5 7
43 35 0 0 0 0 0 2 0 0 0 0 0 0 0 1 1 1 0 0 1 0 0 20 3 0 0 3 1 0 
49 40 0 0 0 1 0 2 0 0 0 0 0 0 0 1 1 1 0 0 1 0 0 20 3 0 0 3 1 0 
29 23 0 0 0 0 0 2 0 0 0 0 0 0 0 1 1 1 0 0 1 0 0 20 1 0 0 3 1 0 
28 22 0 0 0 0 0 2 0 0 0 0 0 0 0 1 0 1 0 0 1 0 0 20 1 0 0 3 1 0 
43 35 0 0 0 0 0 2 0 0 0 0 0 0 0 1 1 1 0 0 1 0 0 20 3 0 0 3 1 0 
46 38 0 0 0 0 0 3 0 0 0 0 0 0 0 1 1 1 0 0 1 0 0 20 2 0 10 3 1 0 
71 56 2 0 0 6 0 2 0 0 0 0 0 0 0 1 1 1 0 0 1 0 0 20 2 0 0 3 1 0 
43 35 0 0 0 0 0 2 0 0 0 0 0 0 0 1 1 1 0 0 1 0 0 20 3 0 0 3 1 0 
22 16 0 0 0 0 0 2 0 0 0 0 0 0 0 1 1 1 0 0 0 0 0 13 1 0 0 3 1 0 
40 32 0 0 0 1 0 2 0 0 0 0 0 0 0 1 1 1 0 0 1 0 0 20 2 0 0 3 1 0 
