http://www.preisler.co.uk/blog/2012/05/28/42-bedroom-with-reused-timber.html
defacement
10 9
8 6
8 0
8 4
8 1
8 9
8 2
8 3
8 5
8 7
36 28 0 0 0 0 0 3 0 0 0 0 0 0 0 1 1 1 0 0 0 0 0 18 2 0 0 5 1 0 
69 54 1 0 0 5 0 3 0 0 0 0 0 0 0 1 1 1 0 0 0 0 0 18 3 0 0 5 1 0 
33 25 0 0 0 0 0 3 0 0 0 0 0 0 0 1 1 1 0 0 0 0 0 18 2 0 0 5 1 0 
45 39 0 0 0 0 0 2 0 0 0 0 0 0 0 1 1 1 0 0 0 0 0 16 1 0 0 3 1 0 
47 40 0 0 0 0 0 2 0 0 0 0 0 0 0 1 1 1 0 0 0 0 0 17 2 0 0 3 1 0 
26 20 0 0 0 0 0 3 0 0 0 0 0 0 0 1 1 1 0 0 0 0 0 18 0 0 0 5 1 0 
35 27 0 0 0 0 0 3 0 0 0 0 0 0 0 1 1 1 0 0 0 0 0 18 2 0 0 5 1 0 
87 71 1 0 0 6 0 3 0 0 0 0 0 0 0 1 1 1 0 0 0 0 0 18 3 0 0 5 1 0 
76 50 10 0 0 4 0 4 0 0 0 0 0 0 0 1 0 1 0 0 0 0 0 18 5 0 11 5 1 0 
36 28 0 0 0 0 0 3 0 0 0 0 0 0 0 1 1 1 0 0 1 0 0 18 2 0 0 5 1 0 
