https://alphabetic-custody.000webhostapp.com/u.php?l=DHl-dTracking_=_JeHFUq_VJOXK0QWHtoGYDw=_JeHFUq_VJOXK0QWHtoGYDw=_JeHFUq_VJOXK0QWHto=
phishing
10 9
0 3
0 1
0 9
0 7
0 5
0 8
2 4
2 6
2 0
44 34 3 0 0 0 0 2 0 0 0 0 0 0 0 1 1 1 0 0 0 0 0 17 2 0 12 3 1 0 
92 77 3 0 0 4 0 2 0 0 0 0 0 0 0 0 1 1 0 0 0 0 0 36 3 0 0 3 1 0 
136 108 6 0 1 2 5 3 0 0 0 0 0 0 0 0 1 1 0 0 0 0 0 36 1 0 4 3 1 0 
91 76 3 0 0 4 0 2 0 0 0 0 0 0 0 0 1 1 0 0 0 0 0 36 3 0 0 3 1 0 
47 35 3 0 0 3 0 2 0 0 0 0 0 0 0 1 1 1 0 0 1 0 1 18 1 0 0 3 1 0 
91 76 3 0 0 4 0 2 0 0 0 0 0 0 0 0 1 1 0 0 0 0 0 36 3 0 0 3 1 0 
39 29 3 0 0 1 0 2 0 0 0 0 0 0 0 1 1 1 0 0 1 0 1 18 1 0 0 3 1 0 
50 39 3 0 0 1 0 3 0 0 0 0 0 0 0 0 1 1 0 0 0 0 0 36 1 0 0 3 1 0 
62 51 3 0 0 2 0 2 0 0 0 0 0 0 0 0 1 1 0 0 0 0 0 36 1 0 0 3 1 0 
55 45 3 0 0 1 0 2 0 0 0 0 0 0 0 0 1 1 0 0 0 0 0 36 1 0 0 3 1 0 
