https://www.cosmicflame.com/archive/scripts.shtml
phishing
10 9
0 5
6 2
6 8
6 0
6 9
6 7
7 1
7 4
7 3
33 27 0 0 0 0 0 2 0 0 0 0 0 0 0 1 1 1 0 0 0 0 0 19 1 0 1 3 1 0 
23 18 0 0 0 0 0 1 0 0 0 0 0 0 0 0 1 1 0 0 0 0 0 11 1 0 0 3 1 0 
36 31 0 0 0 0 0 1 0 0 0 0 0 0 0 0 0 1 0 0 0 0 0 13 1 0 0 3 1 0 
65 55 0 0 0 3 0 2 0 0 0 0 0 0 0 0 1 1 0 0 0 0 0 16 2 0 0 3 1 0 
27 22 0 0 0 0 0 1 0 0 0 0 0 0 0 0 1 1 0 0 0 0 0 11 1 0 0 3 1 0 
44 37 0 0 0 0 0 2 0 0 0 0 0 0 0 0 1 1 0 0 1 0 0 20 2 0 0 3 1 0 
49 41 0 0 0 0 0 3 0 0 0 0 0 0 0 1 1 1 0 0 0 0 0 19 2 0 7 3 1 0 
35 30 0 0 0 0 0 1 0 0 0 0 0 0 0 0 1 1 0 0 0 0 0 11 1 0 3 3 1 0 
23 18 0 0 0 0 0 2 0 0 0 0 0 0 0 1 1 1 0 0 0 0 0 15 0 0 0 3 1 0 
35 29 0 1 0 0 0 1 0 0 0 0 0 0 0 0 1 1 0 0 0 0 0 10 1 0 0 3 1 0 
