https://www.ii.uib.no/swat2000/
phishing
10 9
3 5
3 1
3 8
3 2
3 9
3 4
3 7
3 0
6 3
32 24 0 0 0 0 0 3 0 0 0 0 0 0 0 1 1 1 0 0 0 0 0 13 2 0 0 2 1 0 
35 27 0 0 0 0 0 3 0 0 0 0 0 0 0 1 1 1 0 0 0 0 0 13 2 0 0 2 1 0 
34 26 0 0 0 0 0 3 0 0 0 0 0 0 0 1 1 1 0 0 0 0 0 13 2 0 0 2 1 0 
40 32 0 0 0 0 0 2 0 0 0 0 0 0 0 1 0 1 0 0 0 0 0 10 3 0 10 2 1 0 
27 19 0 0 0 0 0 3 0 0 0 0 0 0 0 1 1 1 0 0 0 0 0 13 2 0 0 2 1 0 
34 26 0 0 0 0 0 3 0 0 0 0 0 0 0 1 1 1 0 0 0 0 0 13 2 0 0 2 1 0 
31 19 4 0 0 0 0 3 0 0 0 0 0 0 0 1 1 1 0 0 0 0 0 13 2 0 1 2 1 0 
24 17 0 0 0 0 0 3 0 0 0 0 0 0 0 1 1 1 0 0 0 0 0 13 1 0 0 2 1 0 
27 19 0 0 0 0 0 3 0 0 0 0 0 0 0 1 1 1 0 0 0 0 0 13 2 0 0 2 1 0 
35 27 0 0 0 0 0 3 0 0 0 0 0 0 0 1 1 1 0 0 0 0 0 13 2 0 0 2 1 0 
