https://www.freewebs.com/chemindia/
phishing
10 9
5 6
5 3
5 8
5 1
5 0
5 4
5 2
5 7
5 9
25 19 0 0 0 0 0 2 0 0 0 0 0 0 0 1 0 1 0 0 0 0 0 12 1 0 0 3 1 0 
28 21 0 0 0 1 0 2 0 0 0 0 0 0 0 1 0 1 0 0 0 0 0 12 1 0 0 3 1 0 
26 20 0 0 0 0 0 2 0 0 0 0 0 0 0 1 0 1 0 0 0 0 0 12 1 0 0 3 1 0 
42 34 0 0 0 0 0 3 0 0 0 0 0 0 0 1 1 1 0 0 0 0 1 18 2 0 0 3 1 0 
36 27 0 0 0 0 0 2 0 0 0 0 0 0 0 1 0 1 0 0 1 0 0 12 4 0 0 3 1 0 
35 28 0 0 0 0 0 2 0 0 0 0 0 0 0 1 1 1 0 0 1 0 0 16 2 0 9 3 1 0 
24 18 0 0 0 0 0 2 0 0 0 0 0 0 0 1 0 1 0 0 0 0 0 16 1 0 0 3 1 0 
32 24 0 0 0 2 0 2 0 0 0 0 0 0 0 1 0 1 0 0 0 0 0 12 1 0 0 3 1 0 
20 14 0 0 0 0 0 2 0 0 0 0 0 0 0 1 0 1 0 0 0 0 0 12 1 0 0 3 1 0 
28 22 0 0 0 0 0 2 0 0 0 0 0 0 0 1 0 1 0 0 0 0 0 12 1 0 0 3 1 0 
