https://www.billauer.co.il/frandom.html
phishing
10 9
8 2
8 6
8 5
8 3
8 0
8 9
8 1
8 4
8 7
27 20 0 0 0 0 0 2 0 0 0 0 0 0 0 0 0 1 0 0 0 0 0 14 2 0 0 5 1 0 
27 20 0 0 0 0 0 3 0 0 0 0 0 0 0 1 1 1 0 0 0 0 0 18 1 0 0 5 1 0 
61 41 6 0 0 4 0 2 0 0 0 0 0 0 0 0 0 1 0 0 0 0 0 14 5 0 0 5 1 0 
80 56 7 0 0 7 0 2 0 0 0 0 0 0 0 0 0 1 0 0 0 0 0 14 5 0 0 5 1 0 
83 61 6 0 0 6 0 2 0 0 0 0 0 0 0 0 0 1 0 0 0 0 0 14 5 0 0 5 1 0 
66 46 6 0 0 4 0 2 0 0 0 0 0 0 0 0 0 1 0 0 0 0 0 14 5 0 0 5 1 0 
53 35 6 0 0 2 0 2 0 0 0 0 0 0 0 0 0 1 0 0 0 0 0 14 5 0 0 5 1 0 
29 22 0 0 0 0 0 3 0 0 0 0 0 0 0 0 0 1 0 0 0 0 0 14 1 0 0 5 1 0 
39 31 0 0 0 0 0 4 0 0 0 0 0 0 0 1 1 1 0 0 0 0 0 18 1 0 10 5 1 0 
80 56 7 0 0 7 0 2 0 0 0 0 0 0 0 0 0 1 0 0 0 0 0 14 5 0 0 5 1 0 
