https://mitsui-jyuku.mixh.jp/uploads/329ODNO38B.exe
malware
10 9
9 2
9 0
9 8
9 7
9 3
9 6
9 1
9 5
9 4
41 33 0 0 0 1 0 2 0 0 0 0 0 0 0 1 1 1 0 0 0 0 0 20 2 0 0 3 1 0 
29 22 0 0 0 1 0 2 0 0 0 0 0 0 0 1 1 1 0 0 0 0 0 20 1 0 0 3 1 0 
49 40 0 0 0 2 0 2 0 0 0 0 0 0 0 1 1 1 0 0 0 0 0 20 2 0 0 3 1 0 
43 34 0 0 0 2 0 2 0 0 0 0 0 0 0 1 1 1 0 0 0 0 0 20 2 0 0 3 1 0 
40 32 0 0 0 1 0 2 0 0 0 0 0 0 0 1 1 1 0 0 0 0 0 20 2 0 0 3 1 0 
38 26 3 0 0 2 0 2 0 0 0 0 0 0 0 1 1 1 0 0 0 0 0 20 2 0 0 3 1 0 
36 28 0 0 0 1 0 2 0 0 0 0 0 0 0 1 1 1 0 0 0 0 0 20 2 0 0 3 1 0 
33 25 0 0 0 1 0 2 0 0 0 0 0 0 0 1 1 1 0 0 0 0 0 20 2 0 0 3 1 0 
44 34 0 0 0 3 0 2 0 0 0 0 0 0 0 1 1 1 0 0 0 0 0 20 2 0 0 3 1 0 
51 37 5 0 0 1 0 3 0 0 0 0 0 0 0 0 1 1 0 0 0 0 0 20 2 0 10 2 1 0 
