http://9779.info/%E5%BA%9F%E6%97%A7%E6%8A%A5%E7%BA%B8%E7%AB%8B%E4%BD%93%E6%8B%BC%E8%B4%B4%E7%94%BB/
malware
10 9
9 3
9 6
9 1
9 5
9 7
9 2
9 8
9 4
9 0
21 11 4 0 0 0 0 2 0 0 0 0 0 0 0 1 0 1 0 0 0 0 0 13 1 0 9 4 1 0 
23 13 4 0 0 0 0 1 0 0 0 0 0 0 0 0 0 1 0 0 0 0 0 9 2 0 0 4 1 0 
22 12 4 0 0 0 0 1 0 0 0 0 0 0 0 0 0 1 0 0 0 0 0 9 2 0 0 4 1 0 
21 11 4 0 0 0 0 1 0 0 0 0 0 0 0 0 0 1 0 0 0 0 0 9 2 0 0 4 1 0 
21 11 4 0 0 0 0 1 0 0 0 0 0 0 0 0 0 1 0 0 0 0 0 9 2 0 0 4 1 0 
21 11 4 0 0 0 0 1 0 0 0 0 0 0 0 0 0 1 0 0 0 0 0 9 2 0 0 4 1 0 
21 11 4 0 0 0 0 1 0 0 0 0 0 0 0 0 0 1 0 0 0 0 0 9 2 0 0 4 1 0 
22 12 4 0 0 0 0 1 0 0 0 0 0 0 0 0 0 1 0 0 0 0 0 9 2 0 0 4 1 0 
23 13 4 0 0 0 0 1 0 0 0 0 0 0 0 0 0 1 0 0 0 0 0 9 2 0 0 4 1 0 
99 38 28 0 0 0 0 1 0 27 0 0 0 0 0 0 0 1 0 0 0 0 0 9 2 0 9 4 1 0 
