https://www.soloseo.com/blog/
phishing
10 9
2 4
2 0
2 8
2 6
2 3
2 7
2 9
2 5
2 1
24 18 0 0 0 0 0 2 0 0 0 0 0 0 0 1 1 1 0 0 0 0 0 15 1 0 0 3 1 0 
55 43 1 0 0 3 0 2 0 0 0 0 0 0 0 0 1 1 0 0 0 0 0 21 3 0 0 3 1 0 
29 22 0 0 0 0 0 2 0 0 0 0 0 0 0 1 1 1 0 0 0 0 0 15 2 0 16 3 1 0 
35 27 0 0 0 1 0 2 0 0 0 0 0 0 0 1 1 1 0 0 0 0 0 15 2 0 0 3 1 0 
33 25 0 0 0 1 0 2 0 0 0 0 0 0 0 1 1 1 0 0 0 0 0 15 2 0 0 3 1 0 
104 86 0 0 0 11 0 2 0 0 0 0 0 0 0 1 1 1 0 0 0 0 0 15 2 0 0 3 1 0 
24 19 0 0 0 0 0 1 0 0 0 0 0 0 0 0 1 1 0 0 0 0 0 11 1 0 0 3 1 0 
63 50 0 0 0 6 0 2 0 0 0 0 0 0 0 1 1 1 0 0 0 0 0 15 2 0 0 3 1 0 
62 50 0 0 0 5 0 2 0 0 0 0 0 0 0 1 1 1 0 0 0 0 0 15 2 0 0 3 1 0 
23 18 0 0 0 0 0 2 0 0 0 0 0 0 0 1 1 1 0 0 0 0 0 15 0 0 0 3 1 0 
