http://softua.net/index.php/posmain/xp-c2008
defacement
10 9
4 0
4 7
4 1
4 8
4 3
4 6
4 2
4 5
9 4
26 19 0 0 0 0 0 2 0 0 0 0 0 0 0 0 1 1 0 0 0 0 0 14 2 0 0 5 1 0 
18 13 0 0 0 0 0 1 0 0 0 0 0 0 0 0 1 1 0 0 0 0 0 9 1 0 0 5 1 0 
29 22 0 0 0 0 0 1 0 0 0 0 0 0 0 0 0 1 0 0 0 0 0 10 3 0 0 3 1 0 
21 15 0 0 0 0 0 1 0 0 0 0 0 0 0 0 0 1 0 0 0 0 0 10 2 0 0 3 1 0 
63 50 0 0 0 2 0 3 0 0 0 0 0 0 0 1 1 1 0 0 0 0 0 18 5 0 11 6 1 0 
38 30 0 0 0 1 0 1 0 0 0 0 0 0 0 0 0 1 0 0 0 0 0 10 3 0 0 3 1 0 
29 22 0 0 0 0 0 1 0 0 0 0 0 0 0 0 0 1 0 0 0 0 0 10 3 0 0 3 1 0 
25 18 0 0 0 0 0 1 0 0 0 0 0 0 0 0 0 1 0 0 0 0 0 10 3 0 0 3 1 0 
31 24 0 0 0 0 0 1 0 0 0 0 0 0 0 0 0 1 0 0 0 0 0 10 3 0 0 3 1 0 
44 31 4 0 0 1 0 2 0 0 0 0 0 0 0 0 0 1 0 0 0 0 0 10 3 0 1 3 1 0 
