http://kizombafestival.pl/index.php?view=article&catid=43:news&id=118:data-2-wkf&tmpl=component&print=1&layout=default&page=&lang=en
defacement
10 9
2 7
2 1
2 5
2 8
2 0
2 6
2 3
2 9
4 2
48 41 0 0 0 0 0 2 0 0 0 0 0 0 0 0 0 1 0 0 0 0 0 18 2 0 0 2 1 0 
42 36 0 0 0 0 0 2 0 0 0 0 0 0 0 0 0 1 0 0 0 0 0 18 1 0 0 2 1 0 
35 29 0 0 0 0 0 2 0 0 0 0 0 0 0 0 0 1 0 0 0 0 0 18 1 0 10 2 1 0 
29 23 0 0 0 0 0 1 0 0 0 0 0 0 0 0 0 1 0 0 0 0 0 18 2 0 0 2 1 0 
132 99 7 0 1 2 8 2 0 0 0 0 0 0 0 0 0 1 0 0 0 0 0 18 1 0 1 2 1 0 
48 39 0 0 0 2 0 2 0 0 0 0 0 0 0 0 0 1 0 0 0 0 0 18 2 0 0 2 1 0 
26 21 0 0 0 0 0 1 0 0 0 0 0 0 0 0 0 1 0 0 0 0 0 18 1 0 0 2 1 0 
51 44 0 0 0 0 0 2 0 0 0 0 0 0 0 0 0 1 0 0 0 0 0 18 2 0 0 2 1 0 
56 48 0 0 0 1 0 2 0 0 0 0 0 0 0 0 0 1 0 0 0 0 0 18 2 0 0 2 1 0 
42 35 0 0 0 0 0 2 0 0 0 0 0 0 0 0 0 1 0 0 0 0 0 18 2 0 0 2 1 0 
