https://kwve.com/
benign
10 9
1 3
1 4
1 8
1 0
1 2
1 7
1 9
1 5
1 6
17 13 0 0 0 0 0 1 0 0 0 0 0 0 0 0 1 1 0 0 0 0 0 9 0 0 0 3 1 0 
17 12 0 0 0 0 0 1 0 0 0 0 0 0 0 0 1 1 0 0 0 0 0 8 1 0 18 3 1 0 
25 19 0 0 0 0 0 1 0 0 0 0 0 0 0 0 1 1 0 0 0 0 0 9 2 0 0 3 1 0 
65 46 6 0 0 2 0 2 0 0 0 0 0 0 0 0 1 1 0 0 0 0 0 9 5 0 0 3 1 0 
30 24 0 0 0 0 0 1 0 0 0 0 0 0 0 0 1 1 0 0 0 0 0 11 2 0 0 3 1 0 
66 47 6 0 0 2 0 2 0 0 0 0 0 0 0 0 1 1 0 0 0 0 0 9 5 0 0 3 1 0 
64 45 6 0 0 2 0 2 0 0 0 0 0 0 0 0 1 1 0 0 0 0 0 9 5 0 0 3 1 0 
27 21 0 0 0 0 0 1 0 0 0 0 0 0 0 0 1 1 0 0 0 0 0 9 2 0 0 3 1 0 
73 54 6 0 0 2 0 2 0 0 0 0 0 0 0 0 1 1 0 0 0 0 0 9 5 0 0 3 1 0 
33 22 5 0 0 0 0 2 0 0 0 0 0 0 0 0 0 1 0 0 0 0 0 20 1 0 0 2 1 0 
