https://nederveencosmetics.nl/plugins/panel/gate.php
malware
10 9
3 9
3 2
3 7
3 5
3 0
3 4
3 1
3 6
3 8
29 25 0 0 0 0 0 1 0 0 0 0 0 0 0 0 1 1 0 0 0 0 0 21 0 0 0 2 1 0 
84 72 0 0 0 3 0 1 0 0 0 0 0 0 0 0 1 1 0 0 0 0 0 21 5 0 0 2 1 0 
60 50 0 0 0 2 0 2 0 0 0 0 0 0 0 1 1 1 0 0 1 0 0 25 3 0 0 2 1 0 
52 44 0 0 0 0 0 2 0 0 0 0 0 0 0 0 1 1 0 0 0 0 0 21 3 0 16 2 1 0 
30 25 0 0 0 0 0 1 0 0 0 0 0 0 0 0 1 1 0 0 0 0 0 21 1 0 0 2 1 0 
41 35 0 0 0 0 0 1 0 0 0 0 0 0 0 0 1 1 0 0 0 0 0 21 2 0 0 2 1 0 
60 50 0 0 0 3 0 1 0 0 0 0 0 0 0 0 1 1 0 0 0 0 0 21 3 0 0 2 1 0 
63 55 0 0 0 1 0 1 0 0 0 0 0 0 0 0 1 1 0 0 0 0 0 21 3 0 0 2 1 0 
61 52 0 0 0 2 0 1 0 0 0 0 0 0 0 0 1 1 0 0 0 0 0 21 3 0 0 2 1 0 
61 52 0 0 0 2 0 1 0 0 0 0 0 0 0 0 1 1 0 0 0 0 0 21 3 0 0 2 1 0 
