http://clinicavisualiza.com/sejeal.jpg
defacement
10 9
5 3
5 7
5 1
5 9
5 8
5 4
5 2
5 6
5 0
48 37 3 0 0 2 0 2 0 0 0 0 0 0 0 0 0 1 0 0 0 0 0 20 1 0 0 3 1 0 
58 50 0 0 0 2 0 2 0 0 0 0 0 0 0 0 0 1 0 0 0 0 0 20 1 0 0 3 1 0 
42 36 0 0 0 0 0 2 0 0 0 0 0 0 0 0 0 1 0 0 0 0 0 20 1 0 0 3 1 0 
40 34 0 0 0 0 0 2 0 0 0 0 0 0 0 0 0 1 0 0 0 0 0 20 1 0 0 3 1 0 
42 36 0 0 0 0 0 2 0 0 0 0 0 0 0 0 0 1 0 0 0 0 0 20 1 0 0 3 1 0 
38 32 0 0 0 0 0 2 0 0 0 0 0 0 0 0 0 1 0 0 0 0 0 20 1 0 10 3 1 0 
38 32 0 0 0 0 0 2 0 0 0 0 0 0 0 0 0 1 0 0 0 0 0 20 1 0 0 3 1 0 
46 39 0 0 0 1 0 2 0 0 0 0 0 0 0 0 0 1 0 0 0 0 0 20 1 0 0 3 1 0 
44 38 0 0 0 0 0 2 0 0 0 0 0 0 0 0 0 1 0 0 0 0 0 20 1 0 0 3 1 0 
43 37 0 0 0 0 0 2 0 0 0 0 0 0 0 0 0 1 0 0 0 0 0 20 1 0 0 3 1 0 
