http://www.zruby.sk/index.php/kontakt-mainmenu-79/reakcie-naich-zakaznikov-mainmenu-89
defacement
10 9
4 9
4 5
4 0
4 7
4 3
4 1
4 6
4 2
4 8
20 14 0 0 0 0 0 2 0 0 0 0 0 0 0 1 0 1 0 0 0 0 0 12 1 0 0 2 1 0 
35 28 0 0 0 1 0 2 0 0 0 0 0 0 0 1 0 1 0 0 0 0 0 12 1 0 0 2 1 0 
32 26 0 0 0 0 0 2 0 0 0 0 0 0 0 1 0 1 0 0 0 0 0 22 1 0 0 2 1 0 
56 46 3 0 0 0 0 2 0 0 0 0 0 0 0 1 1 1 0 0 0 0 0 15 2 0 0 3 1 0 
86 67 4 0 0 6 0 3 0 0 0 0 0 0 0 1 0 1 0 0 0 0 0 12 3 0 9 2 1 0 
36 29 0 0 0 0 0 2 0 0 0 0 0 0 0 1 1 1 0 0 0 0 0 16 2 0 0 3 1 0 
38 30 0 0 0 0 0 2 0 0 0 0 0 0 0 1 1 1 0 0 0 0 0 17 2 0 0 3 1 0 
21 15 0 0 0 0 0 2 0 0 0 0 0 0 0 1 1 1 0 0 0 0 0 12 1 0 0 2 1 0 
32 26 0 0 0 0 0 2 0 0 0 0 0 0 0 1 0 1 0 0 0 0 0 22 1 0 0 2 1 0 
29 23 0 0 0 0 0 2 0 0 0 0 0 0 0 1 1 1 0 0 0 0 0 20 1 0 0 2 1 0 
