http://www.paypal.com.it.webscr.logq.vdns.pl/?cmd=_run-check-cookie-submit&redirectCmd=_login-submit
phishing
10 9
7 5
7 6
7 1
7 3
7 8
7 0
7 2
7 9
7 4
23 18 0 0 0 0 0 2 0 0 0 0 0 0 0 1 0 1 0 0 0 0 0 16 0 0 0 2 1 0 
29 23 0 0 0 0 0 3 0 0 0 0 0 0 0 1 0 1 0 0 0 0 1 22 0 0 0 3 1 0 
21 16 0 0 0 0 0 2 0 0 0 0 0 0 0 1 0 1 0 0 0 0 1 14 0 0 0 3 1 0 
23 18 0 0 0 0 0 2 0 0 0 0 0 0 0 1 0 1 0 0 0 0 0 16 0 0 0 3 1 0 
18 11 2 0 0 0 0 2 0 0 0 0 0 0 0 1 0 1 0 0 0 0 0 11 0 0 0 2 1 0 
14 10 0 0 0 0 0 1 0 0 0 0 0 0 0 0 0 1 0 0 0 0 0 7 0 0 0 2 1 0 
17 12 0 0 0 0 0 2 0 0 0 0 0 0 0 1 0 1 0 0 0 0 0 10 0 0 0 2 1 0 
100 79 0 0 1 4 2 7 0 0 0 0 0 0 0 1 0 1 0 0 1 0 0 37 1 0 10 2 1 0 
19 12 2 0 0 0 0 2 0 0 0 0 0 0 0 1 0 1 0 0 0 0 0 12 0 0 0 2 1 0 
16 11 0 0 0 0 0 2 0 0 0 0 0 0 0 1 0 1 0 0 0 0 0 9 0 0 0 2 1 0 
