http://www.rendeck.nl/index.php/en/services/consultancy
defacement
10 9
7 3
7 2
7 6
7 9
7 4
7 0
7 8
7 5
7 1
16 3 10 0 0 0 0 0 0 0 0 0 0 0 0 0 0 0 0 0 0 0 0 10 0 0 0 0 1 0 
37 30 0 0 0 1 0 2 0 0 0 0 0 0 0 1 0 1 0 0 1 0 0 14 1 0 0 2 1 0 
25 20 0 0 0 0 0 2 0 0 0 0 0 0 0 0 1 1 0 0 0 0 0 17 0 0 0 2 1 0 
26 21 0 1 0 0 0 1 0 0 0 0 0 0 0 0 0 0 0 0 0 0 0 17 0 0 0 2 1 0 
33 26 0 0 0 0 0 3 0 0 0 0 0 0 0 1 0 1 0 0 0 0 0 16 1 0 0 3 1 0 
38 31 0 0 0 0 0 2 0 0 0 0 0 0 0 1 0 1 0 0 0 0 0 16 2 0 0 3 1 0 
32 26 0 0 0 0 0 2 0 0 0 0 0 0 0 1 0 1 0 0 0 0 0 15 1 0 0 3 1 0 
55 45 0 0 0 0 0 3 0 0 0 0 0 0 0 1 0 1 0 0 1 0 0 14 4 0 10 2 1 0 
18 13 0 0 0 0 0 1 0 0 0 0 0 0 0 0 1 1 0 0 0 0 0 9 1 0 0 2 1 0 
34 26 2 0 0 0 0 2 0 0 0 0 0 0 0 0 1 1 0 0 0 0 0 18 1 0 0 3 1 0 
