http://www.oshinkan.com/fr/component/jevents/month.calendar/2013/01/31/-.html
defacement
10 9
3 5
5 1
5 4
5 7
5 0
5 8
5 2
5 6
5 9
57 48 0 0 0 1 0 2 0 0 0 0 0 0 0 1 0 1 0 0 0 0 0 16 3 0 0 3 1 0 
24 18 0 0 0 0 0 2 0 0 0 0 0 0 0 1 0 1 0 0 0 0 0 16 1 0 0 3 1 0 
37 30 0 0 0 0 0 2 0 0 0 0 0 0 0 1 0 1 0 0 0 0 0 16 2 0 0 3 1 0 
77 53 8 0 0 1 0 4 0 0 0 0 0 0 0 1 0 1 0 0 0 0 0 16 8 0 1 3 1 0 
27 20 0 0 0 0 0 2 0 0 0 0 0 0 0 1 0 1 0 0 0 0 0 16 2 0 0 3 1 0 
33 26 0 0 0 0 0 3 0 0 0 0 0 0 0 1 0 1 0 0 0 0 0 16 1 0 9 3 1 0 
27 20 0 0 0 0 0 2 0 0 0 0 0 0 0 1 0 1 0 0 0 0 0 16 2 0 0 3 1 0 
61 51 0 0 0 2 0 2 0 0 0 0 0 0 0 1 0 1 0 0 0 0 0 16 3 0 0 3 1 0 
40 32 0 0 0 1 0 2 0 0 0 0 0 0 0 1 0 1 0 0 0 0 0 16 2 0 0 3 1 0 
36 29 0 0 0 0 0 2 0 0 0 0 0 0 0 1 0 1 0 0 0 0 0 16 2 0 0 3 1 0 
