https://www.gnu.org/software/auctex/reftex.html
phishing
10 9
7 1
7 9
7 0
7 8
7 6
7 3
9 4
9 2
9 5
30 22 0 0 0 0 0 2 0 0 0 0 0 0 0 0 0 1 0 0 0 0 0 11 3 0 0 3 1 0 
46 37 0 0 0 0 0 3 0 0 0 0 0 0 0 1 1 1 0 0 0 0 0 11 3 0 0 3 1 0 
26 19 0 0 0 0 0 2 0 0 0 0 0 0 0 1 1 1 0 0 0 0 0 11 2 0 0 3 1 0 
44 35 0 0 0 0 0 3 0 0 0 0 0 0 0 1 0 1 0 0 0 0 0 11 3 0 0 3 1 0 
20 14 0 0 0 0 0 2 0 0 0 0 0 0 0 1 1 1 0 0 0 0 0 11 1 0 0 3 1 0 
24 17 0 0 0 0 0 2 0 0 0 0 0 0 0 1 1 1 0 0 0 0 0 11 2 0 0 3 1 0 
54 44 0 0 0 1 0 3 0 0 0 0 0 0 0 1 1 1 0 0 0 0 0 11 3 0 0 3 1 0 
47 38 0 0 0 0 0 3 0 0 0 0 0 0 0 1 1 1 0 0 0 0 0 11 3 0 8 3 1 0 
60 49 0 0 0 0 0 4 0 0 0 0 0 0 0 1 1 1 0 0 0 0 0 11 4 0 0 3 1 0 
28 22 0 0 0 1 0 2 0 0 0 0 0 0 0 1 0 1 0 0 0 0 0 21 0 0 4 3 1 0 
