https://uejuliogarmendia.com
phishing
10 9
0 4
0 9
0 6
1 7
2 1
3 8
3 5
3 0
3 2
23 17 0 0 0 0 0 2 0 0 0 0 0 0 0 1 0 1 0 0 0 0 1 15 1 0 14 3 1 0 
40 34 0 0 0 0 0 2 0 0 0 0 0 0 0 0 1 1 0 0 1 0 0 19 1 0 1 3 1 0 
70 54 4 0 0 2 0 2 0 0 0 0 0 0 0 0 1 1 0 0 0 0 0 16 4 0 1 3 1 0 
28 24 0 0 0 0 0 1 0 0 0 0 0 0 0 0 1 1 0 0 0 0 0 20 0 0 31 3 1 0 
27 22 0 0 0 0 0 2 0 0 0 0 0 0 0 0 0 1 0 0 0 0 1 20 0 0 0 3 1 0 
53 45 0 0 0 0 0 2 0 0 0 0 0 0 0 0 1 1 0 0 0 0 0 20 2 0 31 3 1 0 
28 23 0 0 0 0 0 2 0 0 0 0 0 0 0 0 0 1 0 0 0 0 1 21 0 0 0 3 1 0 
35 29 0 0 0 0 0 2 0 0 0 0 0 0 0 0 1 1 0 0 1 0 0 18 1 0 12 3 1 0 
38 33 0 0 0 0 0 1 0 0 0 0 0 0 0 0 1 1 0 0 0 0 0 13 1 0 0 3 1 0 
25 19 0 0 0 0 0 3 0 0 0 0 0 0 0 1 0 1 0 0 0 0 1 18 0 0 0 6 1 0 
