http://176.123.9.171/bins/mpsl.neiru
malware
10 9
3 1
3 4
3 0
3 7
3 2
3 5
3 9
3 8
3 6
45 36 0 0 0 2 0 1 0 0 0 0 0 0 0 0 1 1 0 0 0 0 0 17 3 0 0 2 1 0 
45 36 0 0 0 2 0 1 0 0 0 0 0 0 0 0 1 1 0 0 0 0 0 17 3 0 0 2 1 0 
32 25 0 0 0 1 0 1 0 0 0 0 0 0 0 0 1 1 0 0 0 0 0 17 2 0 0 2 1 0 
36 17 10 0 0 0 0 4 0 0 0 0 0 0 0 0 0 1 1 0 0 0 0 13 2 0 9 0 1 0 
26 20 0 0 0 1 0 1 0 0 0 0 0 0 0 0 1 1 0 0 0 0 0 17 1 0 0 2 1 0 
45 36 0 0 0 2 0 1 0 0 0 0 0 0 0 0 1 1 0 0 0 0 0 17 3 0 0 2 1 0 
44 35 0 0 0 2 0 1 0 0 0 0 0 0 0 0 1 1 0 0 0 0 0 17 3 0 0 2 1 0 
31 25 0 0 0 1 0 1 0 0 0 0 0 0 0 0 1 1 0 0 0 0 0 17 1 0 0 2 1 0 
25 20 0 0 0 1 0 1 0 0 0 0 0 0 0 0 1 1 0 0 0 0 0 17 0 0 0 2 1 0 
52 42 0 0 0 3 0 1 0 0 0 0 0 0 0 0 1 1 0 0 0 0 0 17 3 0 0 2 1 0 
