https://mitsui-jyuku.mixh.jp/uploads/3280nH6.exe
malware
10 9
7 1
7 4
7 3
7 6
7 9
7 8
7 0
7 2
7 5
41 33 0 0 0 1 0 2 0 0 0 0 0 0 0 1 1 1 0 0 0 0 0 20 2 0 0 3 1 0 
29 22 0 0 0 1 0 2 0 0 0 0 0 0 0 1 1 1 0 0 0 0 0 20 1 0 0 3 1 0 
43 34 0 0 0 2 0 2 0 0 0 0 0 0 0 1 1 1 0 0 0 0 0 20 2 0 0 3 1 0 
40 32 0 0 0 1 0 2 0 0 0 0 0 0 0 1 1 1 0 0 0 0 0 20 2 0 0 3 1 0 
38 26 3 0 0 2 0 2 0 0 0 0 0 0 0 1 1 1 0 0 0 0 0 20 2 0 0 3 1 0 
36 28 0 0 0 1 0 2 0 0 0 0 0 0 0 1 1 1 0 0 0 0 0 20 2 0 0 3 1 0 
33 25 0 0 0 1 0 2 0 0 0 0 0 0 0 1 1 1 0 0 0 0 0 20 2 0 0 3 1 0 
48 34 5 0 0 1 0 3 0 0 0 0 0 0 0 0 1 1 0 0 0 0 0 20 2 0 10 2 1 0 
44 34 0 0 0 3 0 2 0 0 0 0 0 0 0 1 1 1 0 0 0 0 0 20 2 0 0 3 1 0 
49 40 0 0 0 2 0 2 0 0 0 0 0 0 0 1 1 1 0 0 0 0 0 20 2 0 0 3 1 0 
