http://www.napm.co.za/dropbox/dropbox/
phishing
10 9
0 1
0 7
0 6
0 5
0 4
0 2
0 3
8 0
8 9
18 13 0 0 0 0 0 1 0 0 0 0 0 0 0 0 0 1 0 0 0 0 0 10 1 0 8 3 1 0 
22 15 0 0 0 0 0 3 0 0 0 0 0 0 0 1 0 1 0 0 0 0 0 14 1 0 0 5 1 0 
30 22 0 0 0 0 0 3 0 0 0 0 0 0 0 1 0 1 0 0 0 0 0 14 2 0 0 5 1 0 
37 28 0 0 0 0 0 3 0 0 0 0 0 0 0 1 0 1 0 0 0 0 0 14 3 0 0 5 1 0 
48 38 0 0 0 1 0 3 0 0 0 0 0 0 0 1 0 1 0 0 0 0 0 14 3 0 0 5 1 0 
31 23 0 0 0 0 0 3 0 0 0 0 0 0 0 1 0 1 0 0 0 0 0 14 2 0 0 5 1 0 
51 40 0 0 0 2 0 3 0 0 0 0 0 0 0 1 0 1 0 0 0 0 0 14 3 0 0 5 1 0 
31 23 0 0 0 0 0 3 0 0 0 0 0 0 0 1 0 1 0 0 0 0 0 14 2 0 0 5 1 0 
38 29 0 0 0 0 0 3 0 0 0 0 0 0 0 1 0 1 0 0 0 0 0 14 3 0 2 5 1 0 
34 25 2 1 0 0 0 3 0 0 0 0 0 0 0 0 0 0 0 0 0 0 0 25 0 0 0 5 1 0 
