https://hustlebelt.com/2011/11/1/2519346/lavon-brazill-ohio-bobcats-interview
benign
10 9
0 1
0 3
0 5
0 8
0 6
0 2
0 9
0 7
0 4
77 50 14 0 0 4 0 1 0 0 0 0 0 0 0 0 1 1 0 0 0 0 1 14 5 0 12 3 1 0 
23 18 0 0 0 0 0 1 0 0 0 0 0 0 0 0 1 1 0 0 0 0 1 14 1 0 0 3 1 0 
57 33 15 0 0 1 0 2 0 0 0 0 0 0 0 1 0 1 0 0 0 0 0 16 3 0 0 3 1 0 
34 28 0 0 0 0 0 2 0 0 0 0 0 0 0 1 1 1 0 0 0 0 0 15 1 0 0 3 1 0 
31 26 0 0 0 0 0 1 0 0 0 0 0 0 0 0 1 1 0 0 0 0 1 14 1 0 0 3 1 0 
32 26 0 0 0 0 0 2 0 0 0 0 0 0 0 0 1 1 0 0 0 0 0 17 1 0 0 3 1 0 
31 26 0 0 0 0 0 1 0 0 0 0 0 0 0 0 1 1 0 0 0 0 1 14 1 0 0 3 1 0 
31 26 0 0 0 0 0 1 0 0 0 0 0 0 0 0 1 1 0 0 0 0 1 14 1 0 0 3 1 0 
32 26 0 0 0 0 0 2 0 0 0 0 0 0 0 0 1 1 0 0 0 0 0 23 1 0 0 3 1 0 
31 25 0 0 0 0 0 2 0 0 0 0 0 0 0 0 1 1 0 0 1 0 0 17 1 0 0 3 1 0 
