https://chrissima-tours.com/old_aol.1.2/?Login=&amp;Lis=10&amp;LigertID=1993745&amp;us=1
benign
10 9
6 3
6 8
6 2
6 4
6 1
6 7
6 9
6 5
6 0
90 74 0 0 0 8 0 2 0 0 0 0 0 0 0 1 1 1 0 0 0 0 0 23 3 0 0 3 1 0 
35 27 0 0 0 1 0 2 0 0 0 0 0 0 0 1 1 1 0 0 0 0 0 23 2 0 0 3 1 0 
14 10 0 0 0 0 0 0 0 0 0 0 0 0 0 0 0 0 0 0 0 0 0 1 0 0 0 0 1 0 
58 47 0 0 0 4 0 2 0 0 0 0 0 0 0 1 1 1 0 0 0 0 0 23 2 0 0 3 1 0 
80 66 0 0 0 6 0 2 0 0 0 0 0 0 0 1 1 1 0 0 0 0 0 23 3 0 0 3 1 0 
50 41 0 0 0 2 0 2 0 0 0 0 0 0 0 1 1 1 0 0 0 0 0 23 2 0 0 3 1 0 
88 55 12 0 1 1 4 3 0 0 0 0 0 0 0 0 1 1 0 0 0 0 0 19 2 0 10 3 1 0 
40 28 2 0 0 1 0 3 0 0 0 0 0 0 0 0 1 1 0 0 0 0 0 19 2 0 0 3 1 0 
80 66 0 0 0 6 0 2 0 0 0 0 0 0 0 1 1 1 0 0 0 0 0 23 3 0 0 3 1 0 
35 27 0 0 0 1 0 2 0 0 0 0 0 0 0 1 1 1 0 0 0 0 0 23 2 0 0 3 1 0 
