https://www.blumentals.net/rapidphp/
phishing
10 9
0 8
0 1
0 4
0 5
0 9
0 3
0 6
0 7
0 2
36 29 0 0 0 0 0 2 0 0 0 0 0 0 0 1 1 1 0 0 0 0 0 18 2 0 11 3 1 0 
39 32 0 0 0 0 0 3 0 0 0 0 0 0 0 1 1 1 0 0 0 0 0 18 1 0 0 3 1 0 
48 40 0 0 0 0 0 3 0 0 0 0 0 0 0 1 1 1 0 0 0 0 0 18 2 0 0 3 1 0 
34 28 0 0 0 0 0 2 0 0 0 0 0 0 0 1 1 1 0 0 0 0 0 15 1 0 0 3 1 0 
43 35 0 0 0 0 0 3 0 0 0 0 0 0 0 1 1 1 0 0 0 0 0 18 2 0 0 3 1 0 
48 40 0 0 0 0 0 3 0 0 0 0 0 0 0 1 1 1 0 0 0 0 0 18 2 0 0 3 1 0 
49 41 0 0 0 0 0 3 0 0 0 0 0 0 0 1 1 1 0 0 0 0 0 18 2 0 0 3 1 0 
27 21 0 0 0 0 0 2 0 0 0 0 0 0 0 1 1 1 0 0 0 0 0 18 1 0 0 3 1 0 
35 29 0 0 0 0 0 2 0 0 0 0 0 0 0 1 1 1 0 0 0 0 0 16 1 0 0 3 1 0 
50 42 0 0 0 0 0 3 0 0 0 0 0 0 0 1 1 1 0 0 0 0 0 18 2 0 0 3 1 0 
