https://thealps.com/resorts/france/saint-gervais-mont-blanc.aspx?tab=hotels-and-hotel-booking
benign
10 9
0 4
0 2
0 8
0 5
0 6
0 3
0 7
0 1
0 9
93 77 0 0 1 6 1 2 0 0 0 0 0 0 0 0 1 1 0 0 0 0 0 11 3 0 10 3 1 0 
24 18 0 0 0 0 0 2 0 0 0 0 0 0 0 1 1 1 0 0 0 0 0 15 1 0 0 3 1 0 
55 41 0 0 0 0 0 0 0 0 0 2 0 0 1 0 0 0 0 0 0 0 0 42 0 0 0 0 0 0 
30 24 0 0 0 0 0 2 0 0 0 0 0 0 0 1 1 1 0 0 0 0 0 15 1 0 0 3 1 0 
34 28 0 0 0 0 0 2 0 0 0 0 0 0 0 1 1 1 0 0 0 0 0 15 1 0 0 3 1 0 
64 53 0 0 0 3 0 2 0 0 0 0 0 0 0 0 1 1 0 0 0 0 0 11 3 0 0 3 1 0 
32 26 0 0 0 0 0 2 0 0 0 0 0 0 0 1 1 1 0 0 0 0 0 15 1 0 0 3 1 0 
36 29 0 0 0 1 0 2 0 0 0 0 0 0 0 1 1 1 0 0 0 0 0 15 1 0 0 3 1 0 
33 26 0 0 0 1 0 2 0 0 0 0 0 0 0 1 1 1 0 0 0 0 0 15 1 0 0 3 1 0 
48 38 0 0 0 4 0 2 0 0 0 0 0 0 0 1 1 1 0 0 0 0 0 15 1 0 0 3 1 0 
