http://freesoftpage.de/download-server/viewcategory/35-portable-programme.html
defacement
10 9
4 5
4 8
8 0
8 9
8 1
8 2
8 3
9 6
9 7
37 31 0 0 0 0 0 2 0 0 0 0 0 0 0 1 1 1 0 0 0 0 0 17 1 0 0 2 1 0 
28 23 0 0 0 0 0 1 0 0 0 0 0 0 0 0 0 1 0 0 1 0 0 15 1 0 2 2 1 0 
36 29 1 0 0 0 0 2 0 0 0 0 0 0 0 0 1 1 0 0 0 0 0 20 1 0 0 2 1 0 
33 26 1 0 0 0 0 2 0 0 0 0 0 0 0 0 1 1 0 0 0 0 0 20 1 0 0 2 1 0 
78 65 2 0 0 3 0 2 0 0 0 0 0 0 0 0 0 1 0 0 1 0 0 15 3 0 2 2 1 0 
21 14 1 0 0 0 0 0 0 0 0 0 0 0 0 0 0 0 0 0 0 0 0 8 0 0 0 0 0 0 
39 32 0 0 0 1 0 2 0 0 0 0 0 0 0 1 1 1 0 0 0 0 0 17 1 0 0 2 1 0 
26 20 0 0 0 0 0 2 0 0 0 0 0 0 0 1 1 1 0 0 0 0 0 17 1 0 0 2 1 0 
47 39 0 0 0 0 0 3 0 0 0 0 0 0 0 1 0 1 0 0 1 0 0 17 2 0 9 2 1 0 
29 23 0 0 0 0 0 2 0 0 0 0 0 0 0 1 1 1 0 0 0 0 0 17 1 0 2 2 1 0 
