https://ictv1.com/music/dtours/
benign
10 9
6 3
6 5
6 8
6 1
6 4
6 7
6 9
6 0
6 2
72 61 2 0 0 0 0 2 0 0 0 0 0 0 0 0 0 1 0 0 0 0 0 9 3 0 0 3 1 0 
72 61 2 0 0 0 0 2 0 0 0 0 0 0 0 0 0 1 0 0 0 0 0 9 3 0 0 3 1 0 
21 16 0 0 0 1 0 1 0 0 0 0 0 0 0 0 0 1 0 0 0 0 0 14 0 0 0 3 1 0 
73 63 1 0 0 0 0 2 0 0 0 0 0 0 0 0 0 1 0 0 0 0 0 9 3 0 0 3 1 0 
72 61 1 0 0 0 0 2 0 0 0 0 0 0 0 0 0 1 0 0 0 0 0 9 3 0 0 3 1 0 
69 58 2 0 0 0 0 2 0 0 0 0 0 0 0 0 0 1 0 0 0 0 0 9 3 0 0 3 1 0 
31 23 1 0 0 0 0 1 0 0 0 0 0 0 0 0 1 1 0 0 0 0 0 9 3 0 14 3 1 0 
69 58 2 0 0 0 0 2 0 0 0 0 0 0 0 0 0 1 0 0 0 0 0 9 3 0 0 3 1 0 
41 33 1 0 0 0 0 2 0 0 0 0 0 0 0 0 0 1 0 0 0 0 0 9 2 0 0 3 1 0 
20 16 0 0 0 0 0 1 0 0 0 0 0 0 0 0 0 1 0 0 0 0 0 13 0 0 0 3 1 0 
