https://investigate3.tripod.com/tib/
phishing
10 9
3 5
3 9
3 6
3 2
7 1
7 3
7 4
7 8
8 0
46 37 1 0 0 0 0 3 0 0 0 0 0 0 0 0 1 1 0 0 0 0 0 23 2 0 0 3 1 0 
44 34 2 0 0 0 0 3 0 0 0 0 0 0 0 0 1 1 0 0 0 0 0 23 2 0 0 3 1 0 
28 21 0 0 0 0 0 4 0 0 0 0 0 0 0 1 0 1 0 0 0 0 0 21 0 0 0 10 1 0 
44 34 2 0 0 0 0 3 0 0 0 0 0 0 0 0 1 1 0 0 0 0 0 23 2 0 7 3 1 0 
27 22 0 1 0 0 0 1 0 0 0 0 0 0 0 0 0 0 0 0 0 0 0 18 0 0 0 3 1 0 
21 15 0 0 0 0 0 3 0 0 0 0 0 0 0 1 0 1 0 0 0 0 0 14 0 0 0 6 1 0 
28 21 0 0 0 0 0 4 0 0 0 0 0 0 0 1 0 1 0 0 0 0 0 21 0 0 0 10 1 0 
36 28 1 0 0 0 0 2 0 0 0 0 0 0 0 0 1 1 0 0 0 0 0 23 2 0 4 3 1 0 
44 34 2 0 0 0 0 3 0 0 0 0 0 0 0 0 1 1 0 0 0 0 0 23 2 0 4 3 1 0 
25 18 0 0 0 0 0 3 0 0 0 0 0 0 0 1 0 1 0 0 0 0 0 13 1 0 0 6 1 0 
