http://absolutebeautysalon.com/holistic/reflexology
defacement
10 9
4 9
4 3
4 7
4 0
4 2
4 5
4 6
4 1
4 8
64 55 0 0 0 1 0 2 0 0 0 0 0 0 0 1 0 1 0 0 0 0 0 27 3 0 0 3 1 0 
80 69 0 0 0 2 0 2 0 0 0 0 0 0 0 1 0 1 0 0 0 0 0 27 4 0 0 3 1 0 
65 34 21 0 0 0 0 2 0 0 1 0 0 0 0 0 1 1 0 0 0 0 0 15 4 0 0 3 1 0 
46 39 0 0 0 0 0 2 0 0 0 0 0 0 0 1 0 1 0 0 0 0 0 27 2 0 0 3 1 0 
51 45 0 0 0 0 0 1 0 0 0 0 0 0 0 0 0 1 0 0 0 0 0 23 2 0 10 3 1 0 
30 25 0 0 0 0 0 1 0 0 0 0 0 0 0 0 1 1 0 0 0 0 0 11 1 0 0 3 1 0 
47 40 0 0 0 0 0 2 0 0 0 0 0 0 0 1 0 1 0 0 0 0 0 27 2 0 0 3 1 0 
17 3 11 0 0 0 0 0 0 0 0 0 0 0 0 0 0 0 0 0 0 0 0 11 0 0 0 0 1 0 
35 29 0 0 0 0 0 2 0 0 0 0 0 0 0 1 1 1 0 0 0 0 0 16 1 0 0 3 1 0 
34 29 0 0 0 0 0 2 0 0 0 0 0 0 0 1 0 1 0 0 0 0 0 27 0 0 0 3 1 0 
