https://fifohbibou.blogspot.com/?m=1
phishing
10 9
1 0
1 2
1 7
1 6
8 1
8 9
8 4
8 3
8 5
39 32 0 0 0 0 0 2 0 0 0 0 0 0 0 0 1 1 0 0 0 0 1 23 2 0 0 12 1 0 
23 18 0 0 0 0 0 2 0 0 0 0 0 0 0 1 1 1 0 0 0 0 0 15 0 0 9 3 1 0 
49 42 0 0 0 0 0 2 0 0 0 0 0 0 0 0 1 1 0 0 0 0 1 23 2 0 0 12 1 0 
32 26 0 0 0 0 0 2 0 0 0 0 0 0 0 0 1 1 0 0 0 0 1 23 1 0 7 12 1 0 
52 25 20 0 0 0 0 2 0 0 0 0 0 0 0 1 1 1 0 0 0 0 0 15 2 0 0 3 1 0 
39 31 0 0 0 1 0 2 0 0 0 0 0 0 0 1 1 1 0 0 0 0 0 15 2 0 0 3 1 0 
41 34 0 0 0 0 0 2 0 0 0 0 0 0 0 0 1 1 0 0 1 0 1 23 2 0 0 12 1 0 
45 38 0 0 0 0 0 2 0 0 0 0 0 0 0 0 1 1 0 0 0 0 1 23 2 0 0 12 1 0 
36 27 1 0 1 0 1 2 0 0 0 0 0 0 0 0 1 1 0 0 0 0 1 23 1 0 7 12 1 0 
35 22 6 0 0 0 0 2 0 0 0 0 0 0 0 1 0 1 0 0 0 0 1 14 2 0 0 3 1 0 
