https://www.fibre2fashion.com/glossary/GLOSSARY.HTM
phishing
10 9
3 6
3 7
3 0
3 4
3 2
7 8
7 5
7 9
7 1
49 40 1 0 0 1 0 2 0 0 0 0 0 0 0 1 1 1 0 0 0 0 0 21 2 0 0 3 1 0 
39 31 1 0 0 0 0 2 0 0 0 0 0 0 0 1 1 1 0 0 0 0 0 16 2 0 0 3 1 0 
38 31 1 0 0 0 0 2 0 0 0 0 0 0 0 1 1 1 0 0 0 0 0 21 1 0 0 3 1 0 
51 42 1 0 0 0 0 3 0 0 0 0 0 0 0 1 1 1 0 0 0 0 0 21 2 0 6 3 1 0 
45 37 1 0 0 0 0 2 0 0 0 0 0 0 0 1 1 1 0 0 0 0 0 21 2 0 0 3 1 0 
43 34 1 0 0 0 0 2 0 0 0 0 0 0 0 0 1 1 0 0 0 0 0 26 3 0 0 3 1 0 
40 32 1 0 0 0 0 2 0 0 0 0 0 0 0 1 1 1 0 0 0 0 0 21 2 0 0 3 1 0 
30 23 1 0 0 0 0 2 0 0 0 0 0 0 0 1 1 1 0 0 0 0 0 21 1 0 7 3 1 0 
45 37 1 0 0 0 0 2 0 0 0 0 0 0 0 1 1 1 0 0 0 0 0 15 2 0 0 3 1 0 
37 29 1 0 0 0 0 2 0 0 0 0 0 0 0 1 1 1 0 0 0 0 0 21 2 0 0 3 1 0 
