https://www.znep.com/~marcs/passport/
phishing
10 9
3 4
3 2
3 9
3 7
3 8
3 6
8 1
8 5
8 0
93 68 9 0 0 7 0 2 0 0 0 0 0 0 0 0 1 1 0 0 0 0 0 22 4 0 0 3 1 0 
34 27 0 0 0 1 0 2 0 0 0 0 0 0 0 1 1 1 0 0 0 0 0 18 1 0 0 3 1 0 
36 22 6 0 0 0 0 3 0 0 0 0 0 0 0 1 0 1 0 0 0 0 0 13 2 0 0 3 1 0 
37 28 0 0 0 0 0 2 0 0 0 0 0 0 0 1 1 1 0 0 0 0 0 12 3 0 23 3 1 0 
23 17 0 0 0 0 0 2 0 0 0 0 0 0 0 1 0 1 0 0 0 0 0 15 1 0 0 3 1 0 
76 55 9 0 0 3 0 2 0 0 0 0 0 0 0 0 1 1 0 0 0 0 0 22 4 0 0 3 1 0 
47 36 1 0 0 0 0 3 0 0 0 0 0 0 0 1 1 1 0 0 0 0 0 12 3 0 0 3 1 0 
57 33 12 0 0 0 0 3 0 0 0 0 0 0 3 1 0 1 0 0 0 0 0 13 3 0 0 3 1 0 
47 37 0 0 0 2 0 2 0 0 0 0 0 0 0 1 1 1 0 0 0 0 0 12 3 0 3 3 1 0 
49 23 15 0 0 3 0 3 0 0 0 0 0 0 0 0 0 1 0 0 0 0 1 13 2 0 0 3 1 0 
