http://www.bishopstrings.com/violins/ยฃ25000-ยฃ50000/index.html
defacement
10 9
4 8
4 5
4 7
4 9
4 2
4 6
4 1
4 0
4 3
38 32 0 0 0 0 0 1 0 0 0 0 0 0 0 0 1 1 0 0 0 0 0 17 2 0 0 3 1 0 
44 36 0 0 0 1 0 1 0 0 0 0 0 0 0 0 1 1 0 0 0 0 0 17 3 0 0 3 1 0 
44 36 0 0 0 1 0 1 0 0 0 0 0 0 0 0 1 1 0 0 0 0 0 17 3 0 0 3 1 0 
38 31 0 0 0 0 0 1 0 0 0 0 0 0 0 0 1 1 0 0 0 0 0 17 3 0 0 3 1 0 
63 43 10 0 0 1 0 3 0 0 0 0 0 0 0 1 0 1 0 0 0 0 0 21 3 0 9 3 1 0 
32 26 0 0 0 0 0 1 0 0 0 0 0 0 0 0 1 1 0 0 0 0 0 17 2 0 0 3 1 0 
56 47 0 0 0 2 0 1 0 0 0 0 0 0 0 0 1 1 0 0 0 0 0 17 3 0 0 3 1 0 
46 38 0 0 0 1 0 1 0 0 0 0 0 0 0 0 1 1 0 0 0 0 0 17 3 0 0 3 1 0 
51 43 0 0 0 1 0 1 0 0 0 0 0 0 0 0 1 1 0 0 0 0 0 17 3 0 0 3 1 0 
45 38 0 0 0 0 0 1 0 0 0 0 0 0 0 0 1 1 0 0 0 0 0 17 3 0 0 3 1 0 
