http://www.bjorklidensgolfklubb.se/index.php/klubben/news-feeds
defacement
10 9
6 0
6 5
6 1
6 3
6 8
6 4
6 7
6 2
6 9
47 40 0 0 0 0 0 2 0 0 0 0 0 0 0 1 1 1 0 0 0 0 0 27 2 0 0 2 1 0 
44 37 0 0 0 0 0 2 0 0 0 0 0 0 0 1 1 1 0 0 0 0 0 27 2 0 0 2 1 0 
46 39 0 0 0 0 0 2 0 0 0 0 0 0 0 1 1 1 0 0 0 0 0 27 2 0 0 2 1 0 
36 30 0 0 0 0 0 2 0 0 0 0 0 0 0 1 1 1 0 0 0 0 0 27 1 0 0 2 1 0 
57 49 0 0 0 0 0 2 0 0 0 0 0 0 0 1 1 1 0 0 0 0 0 27 3 0 0 2 1 0 
48 41 0 0 0 0 0 2 0 0 0 0 0 0 0 1 1 1 0 0 0 0 0 27 2 0 0 2 1 0 
63 53 0 0 0 1 0 3 0 0 0 0 0 0 0 1 0 1 0 0 0 0 0 27 3 0 11 2 1 0 
56 48 0 0 0 0 0 2 0 0 0 0 0 0 0 1 1 1 0 0 0 0 0 27 3 0 0 2 1 0 
54 46 0 0 0 0 0 2 0 0 0 0 0 0 0 1 1 1 0 0 0 0 0 27 3 0 0 2 1 0 
45 38 0 0 0 0 0 2 0 0 0 0 0 0 0 1 1 1 0 0 0 0 0 27 2 0 0 2 1 0 
