https://news.lalate.com/2009/03/21/ikhyd-edgar-arular-bronfman/
benign
10 9
0 5
0 4
0 8
0 9
0 2
0 7
0 1
0 6
0 3
63 42 8 0 0 3 0 2 0 0 0 0 0 0 0 0 1 1 0 0 0 0 0 15 5 0 9 3 1 0 
47 39 0 0 0 0 0 2 0 0 0 0 0 0 0 0 1 1 0 0 0 0 0 15 3 0 0 3 1 0 
38 30 0 0 0 0 0 2 0 0 0 0 0 0 0 0 1 1 0 0 0 0 0 15 3 0 0 3 1 0 
29 23 0 0 0 0 0 1 0 0 0 0 0 0 0 0 1 1 0 0 0 0 0 13 1 0 0 3 1 0 
27 22 0 0 0 0 0 1 0 0 0 0 0 0 0 0 0 1 0 0 0 0 1 13 1 0 0 3 1 0 
30 25 0 0 0 0 0 1 0 0 0 0 0 0 0 0 0 1 0 0 0 0 0 12 1 0 0 3 1 0 
33 25 0 0 0 0 0 2 0 0 0 0 0 0 0 0 1 1 0 0 0 0 0 15 3 0 0 3 1 0 
25 20 0 0 0 0 0 1 0 0 0 0 0 0 0 0 0 1 0 0 0 0 0 11 1 0 0 3 1 0 
23 18 0 0 0 0 0 1 0 0 0 0 0 0 0 0 0 1 0 0 0 0 0 15 1 0 0 3 1 0 
25 20 0 0 0 0 0 1 0 0 0 0 0 0 0 0 0 1 0 0 0 0 0 11 1 0 0 3 1 0 
