https://www.wired.com/science/discoveries/news/1998/08/14617
phishing
10 9
9 6
9 4
9 5
9 8
9 1
9 0
9 7
9 3
9 2
40 32 0 0 0 0 0 2 0 0 0 0 0 0 0 1 1 1 0 0 0 0 0 13 3 0 0 3 1 0 
39 31 0 0 0 0 0 2 0 0 0 0 0 0 0 1 1 1 0 0 0 0 0 13 3 0 0 3 1 0 
35 28 0 0 0 0 0 2 0 0 0 0 0 0 0 1 1 1 0 0 1 0 0 13 2 0 0 3 1 0 
39 31 0 0 0 0 0 2 0 0 0 0 0 0 0 1 1 1 0 0 0 0 0 13 3 0 0 3 1 0 
40 32 0 0 0 0 0 2 0 0 0 0 0 0 0 1 1 1 0 0 0 0 0 13 3 0 0 3 1 0 
22 16 0 0 0 0 0 2 0 0 0 0 0 0 0 1 1 1 0 0 0 0 0 13 1 0 0 3 1 0 
36 28 0 0 0 0 0 2 0 0 0 0 0 0 0 1 1 1 0 0 0 0 0 13 3 0 0 3 1 0 
37 29 0 0 0 0 0 2 0 0 0 0 0 0 0 1 1 1 0 0 0 0 0 13 3 0 0 3 1 0 
43 35 0 0 0 0 0 2 0 0 0 0 0 0 0 1 1 1 0 0 0 0 0 13 3 0 0 3 1 0 
60 38 11 0 0 0 0 2 0 0 0 0 0 0 0 1 1 1 0 0 0 0 0 13 6 0 10 3 1 0 
