http://www.bonato.it/index.php?view=article&catid=2:documenti-pubblici&id=5:un-pensiero-per-oggi&tmpl=component&print=1&layout=default&page=
defacement
10 9
0 2
0 7
0 6
0 1
0 9
0 5
4 0
4 3
8 4
25 19 0 0 0 0 0 2 0 0 0 0 0 0 0 0 1 1 0 0 0 0 0 16 1 0 8 3 1 0 
33 26 0 0 0 0 0 2 0 0 0 0 0 0 0 0 1 1 0 0 0 0 0 16 2 0 0 3 1 0 
32 25 0 0 0 0 0 2 0 0 0 0 0 0 0 0 1 1 0 0 0 0 0 16 2 0 0 3 1 0 
22 16 0 0 0 0 0 2 0 0 0 0 0 0 0 1 1 1 0 0 0 0 0 13 1 0 0 2 1 0 
34 26 0 0 0 1 0 3 0 0 0 0 0 0 0 1 1 1 0 0 1 0 0 13 1 0 3 2 1 0 
33 26 0 0 0 0 0 2 0 0 0 0 0 0 0 0 1 1 0 0 0 0 0 16 2 0 0 3 1 0 
30 23 0 0 0 0 0 3 0 0 0 0 0 0 0 1 0 1 0 0 0 0 0 13 1 0 0 2 1 0 
30 23 0 0 0 0 0 2 0 0 0 0 0 0 0 0 1 1 0 0 0 0 0 16 2 0 0 3 1 0 
140 110 3 0 1 4 7 3 0 0 0 0 0 0 0 1 0 1 0 0 0 0 0 13 1 0 1 2 1 0 
40 32 0 0 0 0 0 2 0 0 0 0 0 0 0 0 1 1 0 0 0 0 0 16 3 0 0 3 1 0 
