https://twitter.com/Jean_Lapierre/status/55776847220322304
benign
10 9
1 3
1 0
1 7
1 5
1 8
1 9
9 6
9 2
9 4
78 65 0 0 0 3 0 3 0 0 0 0 0 0 0 0 1 1 0 0 0 0 0 20 4 0 0 3 1 0 
58 33 17 0 0 0 0 1 0 0 0 0 0 0 0 0 1 1 0 0 0 0 0 11 3 0 6 3 1 0 
25 19 0 0 0 0 0 2 0 0 0 0 0 0 0 0 1 1 0 0 0 0 0 16 1 0 0 3 1 0 
45 30 8 0 0 0 0 2 0 0 0 0 0 0 0 0 1 1 0 0 0 0 0 19 2 0 0 3 1 0 
26 21 0 0 0 0 0 1 0 0 0 0 0 0 0 0 1 1 0 0 0 0 1 13 1 0 0 3 1 0 
27 22 0 0 0 0 0 1 0 0 0 0 0 0 0 0 1 1 0 0 0 0 0 11 1 0 0 3 1 0 
28 22 0 0 0 0 0 2 0 0 0 0 0 0 0 1 1 1 0 0 0 0 0 13 1 0 0 3 1 0 
23 18 0 0 0 0 0 1 0 0 0 0 0 0 0 0 1 1 0 0 0 0 0 11 1 0 0 3 1 0 
38 31 0 0 0 0 0 3 0 0 0 0 0 0 0 0 1 1 0 0 0 0 0 17 1 0 0 3 1 0 
65 55 0 0 0 3 0 2 0 0 0 0 0 0 0 0 1 1 0 0 0 0 0 16 2 0 4 3 1 0 
