http://www.seep.gr/news/2-newsflash/156-anakoinosi063.html?tmpl=component&print=1&layout=default&page=
defacement
10 9
4 9
4 8
4 6
4 7
4 0
4 1
4 2
4 3
4 5
58 40 7 0 0 2 0 3 0 0 0 0 0 0 0 1 0 1 0 0 0 0 0 11 3 0 0 2 1 0 
20 14 0 0 0 0 0 2 0 0 0 0 0 0 0 1 1 1 0 0 0 0 0 11 1 0 0 2 1 0 
84 48 10 0 0 0 0 2 0 18 0 0 0 0 0 1 1 1 0 0 0 0 0 11 3 0 0 2 1 0 
103 58 12 0 0 1 0 2 0 24 0 0 0 0 0 1 1 1 0 0 0 0 0 11 3 0 0 2 1 0 
102 75 8 0 1 2 4 3 0 0 0 0 0 0 0 1 0 1 0 0 0 0 0 11 3 0 10 2 1 0 
102 59 11 0 0 0 0 2 0 24 0 0 0 0 0 1 1 1 0 0 0 0 0 11 3 0 0 2 1 0 
96 53 13 0 0 0 0 2 0 22 0 0 0 0 0 1 1 1 0 0 0 0 0 11 3 0 0 2 1 0 
115 59 19 0 0 1 0 2 0 28 0 0 0 0 0 1 1 1 0 0 0 0 0 11 3 0 0 2 1 0 
109 63 11 0 0 1 0 2 0 26 0 0 0 0 0 1 1 1 0 0 0 0 0 11 3 0 0 2 1 0 
139 78 16 0 0 1 0 2 0 36 0 0 0 0 0 1 1 1 0 0 0 0 0 11 3 0 0 2 1 0 
