https://neil.fraser.name/hardware/lamp/
phishing
10 9
6 1
6 3
6 0
6 8
6 5
6 2
8 4
8 9
8 7
34 27 0 0 0 0 0 2 0 0 0 0 0 0 0 0 1 1 0 0 0 0 0 16 2 0 0 4 1 0 
54 43 0 0 0 2 0 3 0 0 0 0 0 0 0 0 1 1 0 0 0 0 0 16 3 0 0 4 1 0 
57 46 0 0 0 2 0 3 0 0 0 0 0 0 0 0 1 1 0 0 0 0 0 16 3 0 0 4 1 0 
25 19 0 0 0 0 0 2 0 0 0 0 0 0 0 0 1 1 0 0 0 0 0 16 1 0 0 4 1 0 
44 36 0 0 0 0 0 3 0 0 0 0 0 0 0 0 1 1 0 0 0 0 0 16 2 0 0 4 1 0 
76 64 0 0 0 0 0 1 0 0 0 0 0 0 0 0 0 1 0 0 0 0 0 8 7 0 0 3 1 0 
39 31 0 0 0 0 0 2 0 0 0 0 0 0 0 0 1 1 0 0 0 0 0 16 3 0 6 4 1 0 
45 37 0 0 0 0 0 3 0 0 0 0 0 0 0 0 1 1 0 0 0 0 0 16 2 0 0 4 1 0 
33 26 0 0 0 0 0 1 0 0 0 0 0 0 0 0 0 1 0 0 0 0 0 17 2 0 3 2 1 0 
48 40 0 0 0 0 0 3 0 0 0 0 0 0 0 0 1 1 0 0 0 0 0 16 2 0 0 4 1 0 
