https://ndp.ca/shadow-cabinet
benign
10 9
6 7
6 8
6 0
6 9
6 2
6 5
6 3
6 1
6 4
26 20 0 0 0 0 0 2 0 0 0 0 0 0 0 1 1 1 0 0 0 0 0 10 1 0 0 2 1 0 
18 13 0 0 0 0 0 2 0 0 0 0 0 0 0 1 1 1 0 0 0 0 0 10 0 0 0 2 1 0 
30 24 0 0 0 0 0 2 0 0 0 0 0 0 0 1 1 1 0 0 0 0 0 10 1 0 0 2 1 0 
25 19 0 0 0 0 0 2 0 0 0 0 0 0 0 1 1 1 0 0 0 0 0 10 1 0 0 2 1 0 
29 23 0 0 0 0 0 2 0 0 0 0 0 0 0 1 1 1 0 0 0 0 0 10 1 0 0 2 1 0 
23 17 0 0 0 0 0 2 0 0 0 0 0 0 0 1 1 1 0 0 0 0 0 10 1 0 0 2 1 0 
29 23 0 0 0 1 0 1 0 0 0 0 0 0 0 0 1 1 0 0 0 0 0 6 1 0 18 2 1 0 
23 17 0 0 0 0 0 2 0 0 0 0 0 0 0 1 1 1 0 0 0 0 0 10 1 0 0 2 1 0 
25 19 0 0 0 0 0 2 0 0 0 0 0 0 0 1 1 1 0 0 0 0 0 10 1 0 0 2 1 0 
23 17 0 0 0 0 0 2 0 0 0 0 0 0 0 1 1 1 0 0 0 0 0 10 1 0 0 2 1 0 
