https://people.csail.mit.edu/jaffer/infobar/
phishing
10 9
4 0
4 7
4 6
4 5
4 1
4 9
4 3
4 8
4 2
47 38 0 0 0 0 0 3 0 0 0 0 0 0 0 0 1 1 0 0 0 0 0 20 3 0 0 3 1 0 
38 30 0 0 0 0 0 3 0 0 0 0 0 0 0 0 0 1 0 0 0 0 0 20 2 0 0 3 1 0 
54 42 2 0 0 0 0 4 0 0 0 0 0 0 0 0 1 1 0 0 0 0 0 20 3 0 0 3 1 0 
56 44 2 0 0 0 0 4 0 0 0 0 0 0 0 0 1 1 0 0 0 0 0 20 3 0 0 3 1 0 
44 35 0 0 0 0 0 3 0 0 0 0 0 0 0 0 1 1 0 0 0 0 0 20 3 0 11 3 1 0 
54 42 2 0 0 0 0 4 0 0 0 0 0 0 0 0 1 1 0 0 0 0 0 20 3 0 0 3 1 0 
39 31 0 0 0 0 0 3 0 0 0 0 0 0 0 0 0 1 0 0 0 0 0 20 2 0 0 3 1 0 
58 46 2 0 0 0 0 4 0 0 0 0 0 0 0 0 1 1 0 0 0 0 0 20 3 0 0 3 1 0 
35 28 0 0 0 0 0 2 0 0 0 0 0 0 0 1 0 1 0 0 0 0 0 11 2 0 0 3 1 0 
42 34 0 0 0 0 0 3 0 0 0 0 0 0 0 0 0 1 0 0 0 0 0 20 2 0 0 3 1 0 
