https://www.jeffjournal.org/papers/Volume2/Swan(6-14R1).pdf
phishing
10 9
4 2
4 7
4 9
4 8
4 3
4 1
6 0
7 5
9 6
54 45 0 0 0 2 0 2 0 0 0 0 0 0 0 1 1 1 0 0 0 0 0 19 2 0 0 3 1 0 
38 31 0 0 0 1 0 1 0 0 0 0 0 0 0 0 1 1 0 0 1 0 0 19 2 0 11 3 1 0 
39 32 0 0 0 1 0 1 0 0 0 0 0 0 0 0 1 1 0 0 0 0 0 19 2 0 11 3 1 0 
28 22 0 0 0 0 0 2 0 0 0 0 0 0 0 1 1 1 0 0 0 0 0 19 1 0 11 3 1 0 
59 42 5 0 0 1 0 3 0 0 0 0 0 0 0 1 1 1 0 0 0 0 0 19 3 0 11 3 1 0 
28 23 0 0 0 0 0 1 0 0 0 0 0 0 0 0 1 1 0 0 0 0 0 19 1 0 11 3 1 0 
44 38 0 0 0 0 0 2 0 0 0 0 0 0 0 1 1 1 0 0 0 0 0 35 1 0 4 3 1 0 
37 30 0 0 0 1 0 1 0 0 0 0 0 0 0 0 1 1 0 0 0 0 0 19 2 0 8 3 1 0 
63 54 0 0 0 3 0 1 0 0 0 0 0 0 0 0 1 1 0 0 0 0 0 19 2 0 7 3 1 0 
49 41 0 0 0 2 0 1 0 0 0 0 0 0 0 0 1 1 0 0 0 0 0 19 2 0 8 3 1 0 
