http://porquebiotecnologia.com.ar/components/com_wrapper/views/update/amazon/moises/528b6fa14ed72db8ee68c6ebc6f767ad
phishing
10 9
3 6
3 2
3 8
3 5
3 4
3 9
3 1
3 7
3 0
26 21 0 0 0 0 0 1 0 0 0 0 0 0 0 0 1 1 0 0 0 0 0 9 1 0 0 3 1 0 
35 30 0 0 0 0 0 1 0 0 0 0 0 0 0 0 1 1 0 0 0 0 0 11 1 0 0 3 1 0 
44 38 0 0 0 0 0 2 0 0 0 0 0 0 0 0 0 1 0 0 0 0 0 26 1 0 0 6 1 0 
116 87 16 0 0 0 0 2 0 0 0 0 0 0 0 0 0 1 0 0 1 0 0 26 7 0 12 6 1 0 
45 38 0 0 0 1 0 2 0 0 0 0 0 0 0 0 0 1 0 0 0 0 0 26 1 0 0 6 1 0 
38 32 0 0 0 0 0 2 0 0 0 0 0 0 0 0 0 1 0 0 0 0 0 26 1 0 0 6 1 0 
41 34 0 0 0 0 0 2 0 0 0 0 0 0 0 1 1 1 0 0 0 0 0 16 2 0 0 3 1 0 
35 29 0 0 0 0 0 2 0 0 0 0 0 0 0 0 1 1 0 0 0 0 0 26 1 0 0 6 1 0 
34 27 0 0 0 0 0 2 0 0 0 0 0 0 0 1 1 1 0 0 0 0 0 16 2 0 0 3 1 0 
46 40 0 0 0 0 0 2 0 0 0 0 0 0 0 0 0 1 0 0 0 0 0 26 1 0 0 6 1 0 
