https://aafmua.org/
benign
10 9
3 9
3 6
3 0
3 1
3 4
6 8
6 7
6 2
9 5
33 26 0 0 0 0 0 1 0 0 0 0 0 0 0 0 1 1 0 0 0 0 0 10 3 0 10 3 1 0 
35 28 0 0 0 0 0 1 0 0 0 0 0 0 0 0 1 1 0 0 0 0 0 10 3 0 10 3 1 0 
60 51 0 0 0 1 0 1 0 0 0 0 0 0 0 0 0 1 0 0 0 0 0 15 4 0 0 3 1 0 
19 14 0 0 0 0 0 1 0 0 0 0 0 0 0 0 1 1 0 0 0 0 0 10 1 0 9 3 1 0 
37 30 0 0 0 0 0 1 0 0 0 0 0 0 0 0 1 1 0 0 0 0 0 10 3 0 10 3 1 0 
18 14 0 0 0 0 0 1 0 0 0 0 0 0 0 0 1 1 0 0 0 0 0 10 0 0 0 3 1 0 
23 19 0 0 0 0 0 1 0 0 0 0 0 0 0 0 1 1 0 0 0 0 0 15 0 0 6 3 1 0 
24 19 0 0 0 0 0 1 0 0 0 0 0 0 0 0 1 1 0 0 0 0 0 15 1 0 0 3 1 0 
41 33 0 0 0 0 0 1 0 0 0 0 0 0 0 0 0 1 0 0 0 0 0 15 4 0 0 3 1 0 
24 18 0 0 0 0 0 1 0 0 0 0 0 0 0 0 1 1 0 0 0 0 0 10 2 0 10 3 1 0 
