https://sps-furnitura.ru/templates/www.paypal.com/
benign
10 9
4 7
4 0
4 6
4 8
4 5
4 3
4 2
4 1
9 4
44 36 0 0 0 2 0 1 0 0 0 0 0 0 0 0 1 1 0 0 1 0 0 16 2 0 0 2 1 0 
35 28 0 0 0 1 0 1 0 0 0 0 0 0 0 0 1 1 0 0 0 0 0 16 2 0 0 2 1 0 
54 44 0 0 0 3 0 1 0 0 0 0 0 0 0 0 1 1 0 0 0 0 0 16 3 0 0 2 1 0 
52 43 0 0 0 2 0 1 0 0 0 0 0 0 0 0 1 1 0 0 1 0 0 16 3 0 0 2 1 0 
26 21 0 0 0 0 0 2 0 0 0 0 0 0 0 1 1 1 0 0 0 0 0 18 0 0 8 3 1 0 
54 45 0 0 0 2 0 1 0 0 0 0 0 0 0 0 1 1 0 0 0 0 0 16 3 0 0 2 1 0 
56 47 0 0 0 2 0 1 0 0 0 0 0 0 0 0 1 1 0 0 1 0 0 16 3 0 0 2 1 0 
35 28 0 0 0 1 0 1 0 0 0 0 0 0 0 0 1 1 0 0 0 0 0 16 2 0 0 2 1 0 
40 32 0 0 0 2 0 1 0 0 0 0 0 0 0 0 1 1 0 0 0 0 0 16 2 0 0 2 1 0 
50 40 0 0 0 1 0 3 0 0 0 0 0 0 0 1 1 1 0 0 0 0 0 16 3 0 1 2 1 0 
