http://www.efcasiapacific.com/x.txt
defacement
10 9
8 6
8 7
8 9
8 4
8 2
8 0
8 5
8 1
8 3
56 47 0 0 0 1 0 3 0 0 0 0 0 0 0 1 0 1 0 0 0 0 0 22 2 0 0 3 1 0 
67 56 0 0 0 3 0 3 0 0 0 0 0 0 0 1 0 1 0 0 1 0 0 22 2 0 0 3 1 0 
44 37 0 0 0 0 0 3 0 0 0 0 0 0 0 1 0 1 0 0 0 0 0 22 1 0 0 3 1 0 
77 61 3 0 0 0 0 2 0 0 0 0 0 0 2 1 0 1 0 0 0 0 0 22 5 0 0 3 1 0 
30 24 0 0 0 0 0 2 0 0 0 0 0 0 0 1 0 1 0 0 0 0 0 22 1 0 0 3 1 0 
62 53 0 0 0 1 0 3 0 0 0 0 0 0 0 1 0 1 0 0 0 0 0 22 2 0 0 3 1 0 
54 45 0 0 0 1 0 3 0 0 0 0 0 0 0 1 0 1 0 0 0 0 0 22 2 0 0 3 1 0 
58 49 0 0 0 1 0 3 0 0 0 0 0 0 0 1 0 1 0 0 0 0 0 22 2 0 0 3 1 0 
35 28 0 0 0 0 0 3 0 0 0 0 0 0 0 1 0 1 0 0 0 0 0 22 1 0 9 3 1 0 
59 49 0 0 0 2 0 3 0 0 0 0 0 0 0 1 0 1 0 0 0 0 0 22 2 0 0 3 1 0 
