https://cospages.000webhostapp.com
phishing
10 9
0 8
0 4
0 1
0 2
0 6
0 3
9 0
9 7
9 5
44 34 3 0 0 0 0 2 0 0 0 0 0 0 0 1 1 1 0 0 0 0 0 17 2 0 12 3 1 0 
52 42 3 0 0 1 0 2 0 0 0 0 0 0 0 0 1 1 0 0 0 0 0 26 1 0 0 3 1 0 
81 67 3 0 0 3 0 2 0 0 0 0 0 0 0 0 1 1 0 0 0 0 0 26 3 0 0 3 1 0 
43 34 3 0 0 0 0 2 0 0 0 0 0 0 0 0 1 1 0 0 0 0 0 26 1 0 0 3 1 0 
81 67 3 0 0 3 0 2 0 0 0 0 0 0 0 0 1 1 0 0 0 0 0 26 3 0 0 3 1 0 
47 35 3 0 0 3 0 2 0 0 0 0 0 0 0 1 1 1 0 0 1 0 1 18 1 0 0 3 1 0 
45 36 3 0 0 0 0 2 0 0 0 0 0 0 0 0 1 1 0 0 0 0 0 26 1 0 0 3 1 0 
39 29 3 0 0 1 0 2 0 0 0 0 0 0 0 1 1 1 0 0 1 0 1 18 1 0 0 3 1 0 
82 68 3 0 0 3 0 2 0 0 0 0 0 0 0 0 1 1 0 0 0 0 0 26 3 0 0 3 1 0 
34 26 3 0 0 0 0 2 0 0 0 0 0 0 0 0 1 1 0 0 0 0 0 26 0 0 4 3 1 0 
