https://florimat.com/classe/new/websrc.php?cmd=_login-run&amp;dispatch=5885d80a13c0db1f1ff80d546411d7f84f1036d8f209d3d19ebb6f4eeec8bd0ed37f2e499e58c0973d457df60aa05e27d37f2e499e58c0973d457df60aa05e27
benign
10 9
8 2
8 9
8 5
8 7
8 0
8 6
8 3
8 4
8 1
49 38 3 0 0 2 0 2 0 0 0 0 0 0 0 0 1 1 0 0 0 0 1 12 1 0 0 3 1 0 
37 30 0 0 0 1 0 2 0 0 0 0 0 0 0 0 1 1 0 0 0 0 1 12 1 0 0 3 1 0 
45 37 0 0 0 2 0 2 0 0 0 0 0 0 0 0 1 1 0 0 0 0 1 12 1 0 0 3 1 0 
48 40 0 0 0 2 0 2 0 0 0 0 0 0 0 0 1 1 0 0 0 0 1 12 1 0 0 3 1 0 
48 37 3 0 0 2 0 2 0 0 0 0 0 0 0 0 1 1 0 0 0 0 1 12 1 0 0 3 1 0 
48 37 3 0 0 2 0 2 0 0 0 0 0 0 0 0 1 1 0 0 0 0 1 12 1 0 0 3 1 0 
21 16 0 0 0 0 0 1 0 0 0 0 0 0 0 0 1 1 0 0 0 0 1 12 1 0 0 3 1 0 
53 40 3 0 0 4 0 2 0 0 0 0 0 0 0 0 1 1 0 0 0 0 1 12 1 0 0 3 1 0 
199 105 79 0 1 1 2 2 0 0 0 0 0 0 0 0 1 1 0 0 1 0 1 12 3 0 11 3 1 0 
53 41 3 0 0 3 0 2 0 0 0 0 0 0 0 0 1 1 0 0 0 0 1 12 1 0 0 3 1 0 
