https://www.csse.monash.edu.au/~damian/papers/HTML/Perligata.html
phishing
10 9
1 7
5 4
5 6
6 0
6 2
6 9
6 1
6 8
6 3
44 34 0 0 0 0 0 4 0 0 0 0 0 0 0 1 0 1 0 0 0 0 0 22 2 0 0 6 1 0 
51 37 3 0 0 0 0 5 0 0 0 0 0 0 0 1 0 1 0 0 0 0 0 22 2 0 1 6 1 0 
30 22 0 0 0 0 0 4 0 0 0 0 0 0 0 1 0 1 0 0 0 0 0 22 1 0 0 6 1 0 
32 25 0 1 0 0 0 3 0 0 0 0 0 0 0 0 0 0 0 0 0 0 0 23 0 0 0 6 1 0 
34 27 0 1 0 0 0 3 0 0 0 0 0 0 0 0 0 0 0 0 0 0 0 25 0 0 0 6 1 0 
65 52 0 0 0 0 0 5 0 0 0 0 0 0 0 1 1 1 0 0 0 0 0 22 4 0 28 6 1 0 
37 28 0 0 0 0 0 4 0 0 0 0 0 0 0 1 0 1 0 0 0 0 0 22 1 0 6 6 1 0 
48 37 0 0 0 0 0 5 0 0 0 0 0 0 0 1 0 1 0 0 0 0 0 22 2 0 0 6 1 0 
48 37 0 0 0 1 0 4 0 0 0 0 0 0 0 1 0 1 0 0 0 0 0 22 2 0 0 6 1 0 
25 18 0 0 0 0 0 3 0 0 0 0 0 0 0 1 0 1 0 0 0 0 0 17 1 0 0 6 1 0 
