https://best-jacuzzi.blogspot.com/
benign
10 9
6 8
6 7
6 5
6 3
6 2
6 4
6 9
6 0
6 1
33 26 0 0 0 0 0 3 0 0 0 0 0 0 0 1 1 1 0 0 0 0 0 15 1 0 0 3 1 0 
76 57 6 0 0 4 0 3 0 0 0 0 0 0 0 0 0 1 0 0 0 0 1 25 3 0 0 12 1 0 
67 55 0 0 0 4 0 3 0 0 0 0 0 0 0 1 0 1 0 0 0 0 0 21 2 0 0 4 1 0 
80 59 6 0 0 6 0 3 0 0 0 0 0 0 0 0 0 1 0 0 0 0 1 25 3 0 0 12 1 0 
36 28 0 0 0 1 0 3 0 0 0 0 0 0 0 1 1 1 0 0 0 0 0 15 1 0 0 3 1 0 
35 27 0 0 0 1 0 3 0 0 0 0 0 0 0 1 1 1 0 0 0 0 0 15 1 0 0 3 1 0 
34 27 0 0 0 1 0 2 0 0 0 0 0 0 0 0 1 1 0 0 0 0 1 25 1 0 15 12 1 0 
67 55 0 0 0 4 0 3 0 0 0 0 0 0 0 1 0 1 0 0 0 0 0 21 2 0 0 4 1 0 
74 54 6 0 0 5 0 3 0 0 0 0 0 0 0 0 0 1 0 0 0 0 1 25 3 0 0 12 1 0 
70 57 0 0 0 5 0 3 0 0 0 0 0 0 0 1 0 1 0 0 0 0 0 21 2 0 0 4 1 0 
