http://www.otracosa.eu/weblinks/9-verderweg.html
defacement
10 9
3 4
3 8
3 5
3 2
3 9
3 1
3 0
3 6
3 7
51 37 4 0 0 2 0 2 0 0 0 0 0 0 0 1 1 1 0 0 0 0 0 15 3 0 0 2 1 0 
46 37 0 0 0 1 0 2 0 0 0 0 0 0 0 1 1 1 0 0 0 0 0 15 3 0 0 2 1 0 
24 18 0 0 0 0 0 2 0 0 0 0 0 0 0 1 1 1 0 0 0 0 0 15 1 0 0 2 1 0 
48 38 1 0 0 1 0 3 0 0 0 0 0 0 0 1 0 1 0 0 0 0 0 15 2 0 11 2 1 0 
43 35 0 0 0 0 0 2 0 0 0 0 0 0 0 1 1 1 0 0 0 0 0 15 3 0 0 2 1 0 
29 22 0 0 0 0 0 2 0 0 0 0 0 0 0 1 1 1 0 0 0 0 0 15 2 0 0 2 1 0 
32 25 0 0 0 0 0 2 0 0 0 0 0 0 0 1 1 1 0 0 0 0 0 15 2 0 0 2 1 0 
35 27 0 0 0 1 0 2 0 0 0 0 0 0 0 1 1 1 0 0 1 0 0 15 2 0 0 2 1 0 
37 29 0 0 0 0 0 3 0 0 0 0 0 0 0 1 1 1 0 0 0 0 0 16 2 0 0 3 1 0 
23 18 0 0 0 0 0 2 0 0 0 0 0 0 0 1 1 1 0 0 0 0 0 15 0 0 0 2 1 0 
