http://www.knodeinsurance.com/index.php/business/workers-compensation
defacement
10 9
2 5
2 6
2 9
2 7
2 0
2 3
2 1
2 4
2 8
80 69 0 0 0 4 0 2 0 0 0 0 0 0 0 0 0 1 0 0 0 0 0 27 2 0 0 3 1 0 
35 29 0 0 0 0 0 2 0 0 0 0 0 0 0 0 0 1 0 0 0 0 0 27 1 0 0 3 1 0 
69 59 0 0 0 1 0 3 0 0 0 0 0 0 0 1 0 1 0 0 0 0 0 22 3 0 11 3 1 0 
51 43 0 0 0 1 0 2 0 0 0 0 0 0 0 0 0 1 0 0 0 0 0 27 2 0 0 3 1 0 
73 63 0 0 0 3 0 2 0 0 0 0 0 0 0 0 0 1 0 0 0 0 0 27 2 0 0 3 1 0 
50 42 0 0 0 1 0 2 0 0 0 0 0 0 0 0 0 1 0 0 0 0 0 27 2 0 0 3 1 0 
67 57 0 0 0 3 0 2 0 0 0 0 0 0 0 0 0 1 0 0 0 0 0 27 2 0 0 3 1 0 
73 63 0 0 0 3 0 2 0 0 0 0 0 0 0 0 0 1 0 0 0 0 0 27 2 0 0 3 1 0 
74 64 0 0 0 3 0 2 0 0 0 0 0 0 0 0 0 1 0 0 0 0 0 27 2 0 0 3 1 0 
61 52 0 0 0 2 0 2 0 0 0 0 0 0 0 0 0 1 0 0 0 0 0 27 2 0 0 3 1 0 
