https://kurskin.be/wp-content/plugins/woocommerce/vendor/mtb2020/onlinebankingmtb
phishing
10 9
5 4
5 2
5 0
5 6
5 9
5 3
5 1
5 7
5 8
20 4 13 0 0 0 0 0 0 0 0 0 0 0 0 0 0 1 0 0 0 0 0 13 0 0 0 0 1 0 
24 18 0 0 0 0 0 1 0 0 0 0 0 0 0 0 1 1 0 0 0 0 0 10 2 0 0 2 1 0 
19 14 0 0 0 0 0 1 0 0 0 0 0 0 0 0 1 1 0 0 0 0 0 10 1 0 0 2 1 0 
28 22 0 1 0 0 0 2 0 0 0 0 0 0 0 0 0 1 0 0 0 0 0 21 0 0 0 3 1 0 
18 14 0 0 0 0 0 1 0 0 0 0 0 0 0 0 1 1 0 0 0 0 0 10 0 0 0 2 1 0 
81 66 4 0 0 1 0 1 0 0 0 0 0 0 0 0 1 1 0 0 1 0 0 10 6 0 18 2 1 0 
35 28 0 0 0 0 0 3 0 0 0 0 0 0 0 1 1 1 0 0 0 0 0 16 1 0 0 3 1 0 
50 40 0 0 0 1 0 2 0 0 0 0 0 0 0 0 1 1 0 0 0 0 0 19 4 0 0 2 1 0 
30 20 4 0 0 0 0 1 0 0 0 0 0 0 0 0 1 1 0 0 0 0 0 8 2 0 0 3 1 0 
26 18 1 0 0 1 0 1 0 0 0 0 0 0 0 0 1 1 0 0 0 0 0 10 2 0 0 2 1 0 
