https://www.rheingold.com/texts/tft/9.html
phishing
10 9
8 3
8 5
8 2
8 0
8 7
8 6
8 9
8 4
8 1
39 29 2 0 0 1 0 1 0 0 0 0 0 0 0 0 1 1 0 0 0 0 0 13 3 0 0 3 1 0 
38 29 1 0 0 1 0 1 0 0 0 0 0 0 0 0 1 1 0 0 0 0 0 13 3 0 0 3 1 0 
38 29 1 0 0 1 0 1 0 0 0 0 0 0 0 0 1 1 0 0 0 0 0 13 3 0 0 3 1 0 
28 22 0 0 0 0 0 1 0 0 0 0 0 0 0 0 1 1 0 0 0 0 0 13 2 0 0 3 1 0 
21 17 0 0 0 0 0 1 0 0 0 0 0 0 0 0 1 1 0 0 0 0 0 13 0 0 0 3 1 0 
34 27 0 0 0 1 0 1 0 0 0 0 0 0 0 0 1 1 0 0 0 0 0 13 2 0 0 3 1 0 
30 24 0 0 0 0 0 1 0 0 0 0 0 0 0 0 1 1 0 0 0 0 0 13 2 0 0 3 1 0 
28 22 0 0 0 0 0 1 0 0 0 0 0 0 0 0 1 1 0 0 0 0 0 13 2 0 0 3 1 0 
42 32 1 0 0 0 0 3 0 0 0 0 0 0 0 1 1 1 0 0 0 0 0 17 3 0 9 3 1 0 
29 23 0 0 0 0 0 1 0 0 0 0 0 0 0 0 1 1 0 0 0 0 0 13 2 0 0 3 1 0 
