http://larcadelcarnevale.com/catalogo/sonori
defacement
10 9
6 0
6 7
6 1
6 3
6 4
6 8
6 9
6 5
6 2
61 45 7 0 0 2 0 1 0 0 0 0 0 0 0 0 0 1 0 0 0 0 0 21 3 0 0 3 1 0 
43 35 0 0 0 0 0 3 0 0 0 0 0 0 0 1 0 1 0 0 0 0 0 23 2 0 0 2 1 0 
70 52 7 0 0 4 0 1 0 0 0 0 0 0 0 0 0 1 0 0 0 0 0 21 3 0 0 3 1 0 
67 48 8 0 0 4 0 1 0 0 0 0 0 0 0 0 0 1 0 0 0 0 0 21 3 0 0 3 1 0 
47 40 0 0 0 0 0 2 0 0 0 0 0 0 0 0 0 1 0 0 0 0 0 21 2 0 0 3 1 0 
48 40 1 0 0 0 0 2 0 0 0 0 0 0 0 0 0 1 0 0 0 0 0 21 2 0 0 3 1 0 
44 38 0 0 0 0 0 1 0 0 0 0 0 0 0 0 0 1 0 0 0 0 0 21 2 0 20 3 1 0 
86 66 8 0 0 5 0 1 0 0 0 0 0 0 0 0 0 1 0 0 0 0 0 21 3 0 0 3 1 0 
63 46 7 0 0 3 0 1 0 0 0 0 0 0 0 0 0 1 0 0 0 0 0 21 3 0 0 3 1 0 
90 71 6 0 0 6 0 1 0 0 0 0 0 0 0 0 0 1 0 0 0 0 0 21 3 0 0 3 1 0 
