https://www.folklore.org/ProjectView.py?project=Macintosh&amp;characters=Jef+Raskin
phishing
10 9
5 3
5 1
5 6
5 7
5 4
5 8
5 9
5 2
5 0
45 37 0 0 0 0 0 3 0 0 0 0 0 0 0 1 0 1 0 0 0 0 0 16 1 0 0 3 1 0 
48 40 0 0 0 0 0 3 0 0 0 0 0 0 0 1 1 1 0 0 0 0 0 16 2 0 0 3 1 0 
39 32 0 0 0 0 0 3 0 0 0 0 0 0 0 1 1 1 0 0 0 0 0 16 1 0 0 3 1 0 
37 30 0 0 0 0 0 3 0 0 0 0 0 0 0 1 1 1 0 0 0 0 0 16 1 0 0 3 1 0 
25 19 0 0 0 0 0 2 0 0 0 0 0 0 0 1 1 1 0 0 0 0 0 16 1 0 0 3 1 0 
83 70 0 0 1 0 2 3 0 0 1 0 0 0 0 1 1 1 0 0 0 0 0 16 1 0 95 3 1 0 
36 29 0 0 0 0 0 3 0 0 0 0 0 0 0 1 0 1 0 0 0 0 0 16 1 0 0 3 1 0 
40 32 0 0 0 0 0 3 0 0 0 0 0 0 0 1 1 1 0 0 0 0 0 16 2 0 0 3 1 0 
33 26 0 0 0 0 0 3 0 0 0 0 0 0 0 1 1 1 0 0 0 0 0 16 1 0 0 3 1 0 
71 46 12 0 0 1 1 2 0 0 0 0 0 0 0 1 0 1 0 0 0 0 0 14 6 0 0 3 1 0 
