https://www.epa.gov/opptintr/dfe/pubs/garment/ctsa/fabricare.pdf
phishing
10 9
2 7
2 8
2 9
2 0
7 4
7 1
7 5
7 6
7 3
34 26 0 0 0 2 0 2 0 0 0 0 0 0 0 1 1 1 0 0 0 0 0 11 1 0 0 3 1 0 
27 21 0 0 0 0 0 2 0 0 0 0 0 0 0 1 1 1 0 0 0 0 0 11 1 0 0 3 1 0 
64 52 0 0 0 0 0 3 0 0 0 0 0 0 0 1 1 1 0 0 0 0 0 11 6 0 6 3 1 0 
51 42 0 0 0 2 0 2 0 0 0 0 0 0 0 1 1 1 0 0 0 0 0 11 2 0 0 3 1 0 
68 57 0 0 0 4 0 2 0 0 0 0 0 0 0 1 1 1 0 0 0 0 0 11 2 0 0 3 1 0 
26 20 0 0 0 0 0 2 0 0 0 0 0 0 0 1 1 1 0 0 0 0 0 11 1 0 0 3 1 0 
40 33 0 0 0 1 0 2 0 0 0 0 0 0 0 1 1 1 0 0 0 0 0 11 1 0 0 3 1 0 
20 14 0 0 0 0 0 2 0 0 0 0 0 0 0 1 1 1 0 0 0 0 0 11 1 0 7 3 1 0 
41 35 0 0 0 0 0 2 0 0 0 0 0 0 0 0 1 1 0 0 1 0 0 28 1 0 0 3 1 0 
49 41 0 0 0 1 0 2 0 0 0 0 0 0 0 2 1 1 0 0 0 0 0 11 2 0 0 3 1 0 
