https://lionbless.typeform.com/to/RODR1U/
phishing
10 9
0 5
0 9
0 7
0 6
0 1
0 4
0 2
0 8
0 3
41 32 1 0 0 0 0 2 0 0 0 0 0 0 0 0 1 1 0 0 0 0 0 22 3 0 9 3 1 0 
24 19 0 0 0 0 0 2 0 0 0 0 0 0 0 1 1 1 0 0 0 0 0 16 0 0 0 3 1 0 
39 32 0 0 0 0 0 2 0 0 0 0 0 0 0 0 1 1 0 0 0 0 0 22 2 0 0 3 1 0 
37 28 1 0 0 0 0 2 0 0 0 0 0 0 0 0 1 1 0 0 0 0 0 18 3 0 0 3 1 0 
39 32 0 0 0 0 0 2 0 0 0 0 0 0 0 0 1 1 0 0 0 0 0 22 2 0 0 3 1 0 
38 31 0 0 0 0 0 2 0 0 0 0 0 0 0 0 1 1 0 0 0 0 0 22 2 0 0 3 1 0 
31 25 0 0 0 0 0 2 0 0 0 0 0 0 0 0 1 1 0 0 0 0 0 22 1 0 0 3 1 0 
32 25 0 0 0 0 0 2 0 0 0 0 0 0 0 1 1 1 0 0 0 0 0 16 2 0 0 3 1 0 
33 26 0 0 0 0 0 2 0 0 0 0 0 0 0 1 1 1 0 0 0 0 0 16 2 0 0 3 1 0 
36 29 0 0 0 0 0 2 0 0 0 0 0 0 0 0 1 1 0 0 0 0 0 22 2 0 0 3 1 0 
