https://online.wsj.com/article/SB10001424052970203911804576653530510986612.html
phishing
10 9
3 0
3 6
3 8
3 5
3 4
3 7
3 9
3 2
3 1
30 24 0 0 0 0 0 2 0 0 0 0 0 0 0 1 1 1 0 0 0 0 0 21 1 0 0 3 1 0 
34 28 0 0 0 0 0 2 0 0 0 0 0 0 0 0 1 1 0 0 0 0 0 25 1 0 0 3 1 0 
23 18 0 0 0 0 0 2 0 0 0 0 0 0 0 1 1 1 0 0 0 0 0 15 0 0 0 3 1 0 
79 30 41 0 0 0 0 3 0 0 0 0 0 0 0 0 1 1 0 0 0 0 0 14 2 0 9 3 1 0 
27 22 0 0 0 0 0 2 0 0 0 0 0 0 0 1 1 1 0 0 0 0 0 19 0 0 0 3 1 0 
40 32 0 0 0 1 0 1 0 0 0 0 0 0 0 0 1 1 0 0 0 0 0 12 3 0 0 3 1 0 
25 19 0 0 0 0 0 2 0 0 0 0 0 0 0 1 1 1 0 0 0 0 0 16 1 0 0 3 1 0 
49 41 0 0 0 0 0 3 0 0 0 0 0 0 0 0 1 1 0 0 1 0 0 18 2 0 0 3 1 0 
25 19 0 0 0 0 0 2 0 0 0 0 0 0 0 1 1 1 0 0 0 0 0 16 1 0 0 3 1 0 
28 21 0 0 0 1 0 2 0 0 0 0 0 0 0 1 1 1 0 0 0 0 0 11 1 0 0 3 1 0 
