https://movies.msn.com/celebrities/celebrity-photos/patrick-dempsey/?gallery=13661&photo=bd23480c-677b-4123-ae9f-e128ce4f42bf
benign
10 9
1 5
1 0
1 2
1 7
6 8
6 3
6 9
6 1
6 4
29 23 0 0 0 0 0 2 0 0 0 0 0 0 0 0 1 1 0 0 0 0 0 14 1 0 0 3 1 0 
32 25 0 0 0 0 0 2 0 0 0 0 0 0 0 0 1 1 0 0 0 0 1 16 2 0 5 3 1 0 
27 21 0 0 0 0 0 2 0 0 0 0 0 0 0 0 1 1 0 0 0 0 0 14 1 0 0 3 1 0 
56 42 1 0 0 3 0 2 0 0 0 0 0 0 0 0 1 1 0 0 0 0 0 14 5 0 0 3 1 0 
68 57 0 0 0 2 0 2 0 0 0 0 0 0 0 0 1 1 0 0 0 0 0 14 4 0 11 3 1 0 
29 23 0 0 0 0 0 2 0 0 0 0 0 0 0 0 1 1 0 0 0 0 0 14 1 0 0 3 1 0 
125 82 24 0 1 6 2 2 0 0 0 0 0 0 0 0 1 1 0 0 0 0 0 14 4 0 11 3 1 0 
29 23 0 0 0 0 0 2 0 0 0 0 0 0 0 0 1 1 0 0 0 0 0 14 1 0 0 3 1 0 
32 24 0 0 0 1 0 2 0 0 0 0 0 0 0 1 1 1 0 0 0 0 1 17 2 0 0 3 1 0 
22 16 0 0 0 0 0 2 0 0 0 0 0 0 0 0 1 1 0 0 0 0 0 13 1 0 0 3 1 0 
