https://mind.sourceforge.net/hci.html
phishing
10 9
7 0
7 3
7 8
7 4
7 1
7 9
7 2
7 6
7 5
46 38 0 0 0 0 0 2 0 0 0 0 0 0 0 0 0 1 0 0 0 0 0 16 2 0 0 3 1 0 
43 36 0 0 0 0 0 2 0 0 0 0 0 0 0 0 0 1 0 0 0 0 0 17 2 0 0 3 1 0 
55 46 0 0 0 0 0 2 0 0 0 0 0 0 0 0 0 1 0 0 0 0 0 16 2 0 0 3 1 0 
53 39 2 0 0 0 0 4 0 0 0 0 0 0 0 0 0 1 0 0 0 0 0 16 3 0 0 3 1 0 
40 33 0 0 0 0 0 3 0 0 0 0 0 0 0 0 0 1 0 0 0 0 0 20 1 0 0 3 1 0 
51 43 0 0 0 0 0 3 0 0 0 0 0 0 0 0 0 1 0 0 0 0 0 26 1 0 0 3 1 0 
41 34 0 0 0 0 0 3 0 0 0 0 0 0 0 0 0 1 0 0 0 0 0 20 1 0 0 3 1 0 
37 30 0 0 0 0 0 3 0 0 0 0 0 0 0 0 1 1 0 0 0 0 0 20 1 0 14 3 1 0 
40 32 1 0 0 0 0 3 0 0 0 0 0 0 0 0 0 1 0 0 0 0 0 20 1 0 0 3 1 0 
37 30 0 0 0 0 0 3 0 0 0 0 0 0 0 0 0 1 0 0 0 0 0 20 1 0 0 3 1 0 
