http://hotlinegsm.com/products/mobile-and-tablet/nokia-asha-302-detail
malware
10 9
5 0
5 3
5 4
5 8
5 6
5 2
5 1
5 9
7 5
25 19 0 0 0 0 0 1 0 0 0 0 0 0 0 0 0 1 0 0 0 0 0 14 2 0 0 3 1 0 
25 19 0 0 0 0 0 1 0 0 0 0 0 0 0 0 0 1 0 0 0 0 0 14 2 0 0 3 1 0 
25 19 0 0 0 0 0 1 0 0 0 0 0 0 0 0 0 1 0 0 0 0 0 14 2 0 0 3 1 0 
25 19 0 0 0 0 0 1 0 0 0 0 0 0 0 0 0 1 0 0 0 0 0 14 2 0 0 3 1 0 
25 19 0 0 0 0 0 1 0 0 0 0 0 0 0 0 0 1 0 0 0 0 0 14 2 0 0 3 1 0 
34 27 0 0 0 1 0 2 0 0 0 0 0 0 0 1 1 1 0 0 0 0 1 25 1 0 9 3 1 0 
25 19 0 0 0 0 0 1 0 0 0 0 0 0 0 0 0 1 0 0 0 0 0 14 2 0 0 3 1 0 
70 55 3 0 0 5 0 1 0 0 0 0 0 0 0 0 0 1 0 0 0 0 0 14 3 0 1 3 1 0 
25 19 0 0 0 0 0 1 0 0 0 0 0 0 0 0 0 1 0 0 0 0 0 14 2 0 0 3 1 0 
49 40 0 0 0 2 0 1 0 0 0 0 0 0 0 0 0 1 0 0 0 0 0 14 3 0 0 3 1 0 
