http://www.nissad.com/wire-marking-systems.html?start=4
defacement
10 9
2 0
2 8
2 6
2 4
2 9
2 7
2 1
2 5
2 3
35 28 0 0 0 0 0 3 0 0 0 0 0 0 0 1 0 1 0 0 0 0 0 14 1 0 0 3 1 0 
47 38 0 0 0 2 0 3 0 0 0 0 0 0 0 1 0 1 0 0 0 0 0 14 1 0 0 3 1 0 
55 43 1 0 1 2 1 3 0 0 0 0 0 0 0 1 0 1 0 0 0 0 0 14 1 0 10 3 1 0 
35 28 0 0 0 0 0 3 0 0 0 0 0 0 0 1 0 1 0 0 0 0 0 14 1 0 0 3 1 0 
31 24 0 0 0 0 0 3 0 0 0 0 0 0 0 1 0 1 0 0 0 0 0 14 1 0 0 3 1 0 
35 27 0 0 0 1 0 3 0 0 0 0 0 0 0 1 0 1 0 0 0 0 0 14 1 0 0 3 1 0 
44 36 0 0 0 1 0 3 0 0 0 0 0 0 0 1 0 1 0 0 0 0 0 14 1 0 0 3 1 0 
46 38 0 0 0 1 0 3 0 0 0 0 0 0 0 1 0 1 0 0 0 0 0 14 1 0 0 3 1 0 
34 25 1 0 0 1 0 3 0 0 0 0 0 0 0 1 0 1 0 0 0 0 0 14 1 0 0 3 1 0 
32 25 0 0 0 0 0 3 0 0 0 0 0 0 0 1 0 1 0 0 0 0 0 14 1 0 0 3 1 0 
