http://rotarysingaporefoundation.org/wp-content/plugins/ubh/surf3.php?cmd=login_submit&amp;id=677dc3d102f3fb65a202e12d5ef67333677dc3d102f3fb65a202e12d5ef67333&amp;session=677dc3d102f3fb65a202e12d5ef67333677dc3d102f3fb65a202e12d5ef67333
phishing
10 9
1 7
1 2
1 6
1 8
1 4
1 9
1 3
5 0
5 1
44 35 1 0 0 2 0 2 0 0 0 0 0 0 0 1 1 1 0 0 0 0 0 18 1 0 8 3 1 0 
45 35 1 0 0 2 0 2 0 0 0 0 0 0 0 1 1 1 0 0 0 0 0 18 2 0 6 3 1 0 
66 57 0 0 0 2 0 1 0 0 0 0 0 0 0 0 0 1 0 0 0 0 0 29 3 0 0 3 1 0 
68 60 0 0 0 1 0 1 0 0 0 0 0 0 0 0 0 1 0 0 1 0 0 29 3 0 0 3 1 0 
64 56 0 0 0 1 0 1 0 0 0 0 0 0 0 0 0 1 0 0 1 0 0 29 3 0 0 3 1 0 
235 131 85 0 1 1 3 2 0 0 0 0 0 0 0 0 0 1 0 0 1 0 0 29 4 0 2 3 1 0 
66 58 0 0 0 1 0 1 0 0 0 0 0 0 0 0 0 1 0 0 0 0 0 29 3 0 0 3 1 0 
47 41 0 0 0 0 0 1 0 0 0 0 0 0 0 0 0 1 0 0 0 0 0 29 2 0 0 3 1 0 
52 45 0 0 0 1 0 1 0 0 0 0 0 0 0 0 0 1 0 0 0 0 0 29 2 0 0 3 1 0 
47 41 0 0 0 0 0 1 0 0 0 0 0 0 0 0 0 1 0 0 0 0 0 29 2 0 0 3 1 0 
