http://www.holidayclub-mtb.com/holiday/index.php?option=com_user&view=remind
defacement
10 9
0 4
0 1
0 3
0 2
0 7
0 5
0 8
0 9
0 6
76 62 0 0 1 1 2 3 0 0 0 0 0 0 0 1 0 1 0 0 0 0 0 23 2 0 9 3 1 0 
174 73 43 0 0 4 0 2 0 46 0 0 0 0 0 1 0 1 0 0 0 0 0 23 3 0 0 3 1 0 
169 67 45 0 0 5 0 2 0 44 0 0 0 0 0 1 0 1 0 0 0 0 0 23 3 0 0 3 1 0 
68 36 12 0 0 1 0 2 0 12 0 0 0 0 0 1 0 1 0 0 0 0 0 23 2 0 0 3 1 0 
136 56 36 0 0 2 0 2 0 34 0 0 0 0 0 1 0 1 0 0 0 0 0 23 3 0 0 3 1 0 
186 72 52 0 0 4 0 2 0 50 0 0 0 0 0 1 0 1 0 0 0 0 0 23 3 0 0 3 1 0 
31 24 0 0 0 1 0 2 0 0 0 0 0 0 0 1 0 1 0 0 0 0 0 23 1 0 0 3 1 0 
143 59 37 0 0 3 0 2 0 36 0 0 0 0 0 1 0 1 0 0 0 0 0 23 3 0 0 3 1 0 
48 39 0 0 0 1 0 3 0 0 0 0 0 0 0 1 0 1 0 0 0 0 0 23 2 0 0 3 1 0 
155 64 40 0 0 3 0 2 0 40 0 0 0 0 0 1 0 1 0 0 0 0 0 23 3 0 0 3 1 0 
