https://academickids.com/encyclopedia/p/pe/people_s_republic_of_china.html
benign
10 9
0 3
0 2
0 1
0 5
0 4
0 9
0 7
0 8
0 6
74 61 0 0 0 0 0 2 0 0 0 0 0 0 0 0 1 1 0 0 0 0 0 16 4 0 13 3 1 0 
59 50 0 0 0 0 0 3 0 0 0 0 0 0 0 1 0 1 0 0 0 0 0 20 3 0 0 3 1 0 
54 45 0 0 0 0 0 3 0 0 0 0 0 0 0 1 0 1 0 0 0 0 0 20 3 0 0 3 1 0 
47 40 0 0 0 0 0 2 0 0 0 0 0 0 0 0 1 1 0 0 0 0 0 16 2 0 0 3 1 0 
56 47 0 0 0 0 0 3 0 0 0 0 0 0 0 1 0 1 0 0 0 0 0 20 3 0 0 3 1 0 
51 40 3 0 0 0 0 2 0 0 0 0 0 0 0 0 1 1 0 0 0 0 0 20 2 0 0 3 1 0 
99 82 0 0 0 0 0 3 0 0 0 0 0 0 0 0 1 1 0 0 0 0 0 16 6 0 0 3 1 0 
88 69 3 0 0 0 0 3 0 0 0 0 0 0 0 0 1 1 0 0 0 0 0 20 5 0 0 3 1 0 
52 43 0 0 0 0 0 2 0 0 0 0 0 0 0 0 1 1 0 0 0 0 0 16 4 0 0 3 1 0 
63 54 0 0 0 0 0 3 0 0 0 0 0 0 0 1 0 1 0 0 0 0 0 20 3 0 0 3 1 0 
