http://vektorpm.ru/index.html
defacement
10 9
2 4
3 1
3 9
3 6
4 7
4 5
4 8
4 3
4 0
24 17 0 0 0 2 0 1 0 0 0 0 0 0 0 0 1 1 0 0 0 0 0 15 1 0 0 3 1 0 
36 28 0 0 0 0 0 3 0 0 0 0 0 0 0 0 1 1 0 0 0 0 0 16 2 0 0 3 1 0 
29 23 0 0 0 0 0 2 0 0 0 0 0 0 0 0 0 1 0 0 0 0 0 11 1 0 1 2 1 0 
72 37 14 0 0 0 0 2 0 14 0 0 0 0 0 0 1 1 0 0 0 0 0 16 2 0 11 3 1 0 
45 38 0 0 0 0 0 2 0 0 0 0 0 0 0 0 0 1 0 0 0 0 0 13 2 0 8 3 1 0 
49 40 0 0 0 0 0 2 0 0 0 0 0 0 0 0 1 1 0 0 1 0 0 16 2 0 0 3 1 0 
293 105 89 0 0 0 0 1 0 88 0 0 0 0 0 0 0 1 0 0 0 0 0 11 3 0 0 2 1 0 
26 20 0 0 0 0 0 2 0 0 0 0 0 0 0 1 1 1 0 0 0 0 0 14 1 0 1 3 1 0 
33 27 0 0 0 0 0 2 0 0 0 0 0 0 0 1 1 1 0 0 0 0 0 24 1 0 0 3 1 0 
133 51 39 0 0 0 0 1 0 36 0 0 0 0 0 0 0 1 0 0 0 0 0 11 2 0 0 2 1 0 
