https://digilander.libero.it/pologrillo/
phishing
8 7
0 7
0 2
0 4
1 5
1 0
1 6
1 3
52 44 0 0 0 0 0 3 0 0 0 0 0 0 0 0 1 1 0 0 0 0 0 20 2 0 4 2 1 0 
40 33 0 0 0 0 0 2 0 0 0 0 0 0 0 0 1 1 0 0 0 0 0 20 2 0 4 2 1 0 
57 49 0 0 0 0 0 3 0 0 0 0 0 0 0 0 1 1 0 0 0 0 0 20 2 0 0 2 1 0 
53 45 0 0 0 0 0 3 0 0 0 0 0 0 0 0 1 1 0 0 0 0 0 20 2 0 0 2 1 0 
55 47 0 0 0 0 0 3 0 0 0 0 0 0 0 0 1 1 0 0 0 0 0 20 2 0 0 2 1 0 
53 45 0 0 0 0 0 3 0 0 0 0 0 0 0 0 1 1 0 0 0 0 0 20 2 0 0 2 1 0 
55 47 0 0 0 0 0 3 0 0 0 0 0 0 0 0 1 1 0 0 0 0 0 20 2 0 0 2 1 0 
50 42 0 0 0 0 0 3 0 0 0 0 0 0 0 0 1 1 0 0 0 0 0 20 2 0 4 2 1 0 
