http://www.z-mobility.eu/kontakt-anfahrt/70-anfahrt-kontakt-anfrage/141-anfahrt.html
defacement
10 9
6 8
6 9
6 5
6 3
6 1
6 4
6 2
6 0
6 7
25 18 0 0 0 1 0 2 0 0 0 0 0 0 0 1 0 1 0 0 0 0 0 17 1 0 0 2 1 0 
33 26 0 0 0 1 0 2 0 0 0 0 0 0 0 1 0 1 0 0 0 0 0 17 1 0 0 2 1 0 
27 21 0 1 0 1 0 1 0 0 0 0 0 0 0 0 0 0 0 0 0 0 0 18 0 0 0 2 1 0 
34 27 0 0 0 1 0 2 0 0 0 0 0 0 0 1 0 1 0 0 0 0 0 17 1 0 0 2 1 0 
24 18 0 0 0 0 0 2 0 0 0 0 0 0 0 1 1 1 0 0 0 0 0 15 1 0 0 6 1 0 
34 27 0 0 0 1 0 2 0 0 0 0 0 0 0 1 0 1 0 0 0 0 0 17 1 0 0 2 1 0 
84 64 5 0 0 6 0 3 0 0 0 0 0 0 0 1 0 1 0 0 0 0 0 17 3 0 10 2 1 0 
34 28 0 0 0 0 0 1 0 0 0 0 0 0 0 0 1 1 0 0 0 0 0 11 2 0 0 3 1 0 
36 28 0 0 0 2 0 2 0 0 0 0 0 0 0 1 0 1 0 0 1 0 0 17 1 0 0 2 1 0 
31 24 0 0 0 1 0 2 0 0 0 0 0 0 0 1 0 1 0 0 0 0 0 17 1 0 0 2 1 0 
