http://kenh14.vn/kham-pha/video-cho-thay-gioi-han-chiu-dung-dau-don-cua-con-nguoi-2014052908382929.chn
benign
10 9
9 0
9 1
9 4
9 3
9 5
9 2
9 7
9 6
9 8
35 26 2 0 0 1 0 2 0 0 0 0 0 0 0 0 0 1 0 0 0 0 0 9 1 0 0 2 1 0 
42 31 2 0 0 2 0 2 0 0 0 0 0 0 0 0 0 1 0 0 0 0 0 9 2 0 0 2 1 0 
17 10 2 0 0 0 0 1 0 0 0 0 0 0 0 0 0 1 0 0 0 0 0 9 1 0 0 2 1 0 
21 14 1 0 0 0 0 0 0 0 0 0 0 0 0 0 0 0 0 0 0 0 0 8 0 0 0 0 0 0 
120 77 21 0 0 16 0 2 0 0 0 0 0 0 0 0 0 1 0 0 0 0 0 9 1 0 0 2 1 0 
36 27 2 0 0 0 0 3 0 0 0 0 0 0 0 0 1 1 0 0 0 0 0 15 1 0 0 2 1 0 
25 17 2 0 0 0 0 2 0 0 0 0 0 0 0 0 0 1 0 0 0 0 0 9 1 0 0 2 1 0 
26 18 2 0 0 0 0 2 0 0 0 0 0 0 0 0 0 1 0 0 0 0 0 9 1 0 0 2 1 0 
25 17 2 0 0 0 0 2 0 0 0 0 0 0 0 0 0 1 0 0 0 0 0 9 1 0 0 2 1 0 
102 64 18 0 0 13 0 2 0 0 0 0 0 0 0 0 0 1 0 0 0 0 0 9 2 0 11 2 1 0 
