http://www.hollingstedt.de/dorfleben/landfrauen.feed?type=atom
defacement
10 9
6 2
6 1
6 4
6 9
6 5
6 0
6 3
6 7
6 8
48 40 0 0 0 1 0 2 0 0 0 0 0 0 0 1 1 1 0 0 0 0 0 21 2 0 0 2 1 0 
63 43 10 0 0 1 0 2 0 0 0 0 0 0 0 0 1 1 0 0 0 0 0 25 4 0 0 2 1 0 
27 21 0 0 0 0 0 2 0 0 0 0 0 0 0 1 0 1 0 0 0 0 0 19 1 0 0 2 1 0 
53 45 0 0 0 1 0 2 0 0 0 0 0 0 0 1 0 1 0 0 0 0 0 19 2 0 0 2 1 0 
43 35 0 0 0 2 0 2 0 0 0 0 0 0 0 0 1 1 0 0 1 0 0 29 1 0 0 3 1 0 
30 23 0 0 0 1 0 2 0 0 0 0 0 0 0 1 1 1 0 0 0 0 0 21 1 0 0 2 1 0 
62 52 0 0 1 0 1 3 0 0 0 0 0 0 0 1 0 1 0 0 0 0 0 19 2 0 9 2 1 0 
47 40 0 0 0 0 0 2 0 0 0 0 0 0 0 1 0 1 0 0 0 0 0 19 2 0 0 2 1 0 
44 37 0 0 0 1 0 2 0 0 0 0 0 0 0 1 1 1 0 0 0 0 0 21 1 0 0 2 1 0 
37 30 0 0 0 1 0 2 0 0 0 0 0 0 0 1 1 1 0 0 0 0 0 21 1 0 0 2 1 0 
