https://eatingrules.com/2011/10/christian-perspective-on-eating/
benign
10 9
1 3
1 8
1 9
1 4
1 2
1 5
1 6
1 7
1 0
30 24 0 0 0 0 0 1 0 0 0 0 0 0 0 0 1 1 0 0 0 0 0 15 2 0 0 3 1 0 
64 47 6 0 0 3 0 1 0 0 0 0 0 0 0 0 1 1 0 0 0 0 0 15 4 0 11 3 1 0 
31 26 0 0 0 0 0 1 0 0 0 0 0 0 0 0 1 1 0 0 0 0 0 11 1 0 0 3 1 0 
38 31 0 0 0 0 0 2 0 0 0 0 0 0 0 1 1 1 0 0 0 0 1 17 2 0 0 3 1 0 
29 23 0 0 0 0 0 1 0 0 0 0 0 0 0 0 1 1 0 0 0 0 0 15 2 0 0 3 1 0 
36 30 0 0 0 0 0 2 0 0 0 0 0 0 0 1 1 1 0 0 0 0 0 16 1 0 0 3 1 0 
34 28 0 0 0 0 0 1 0 0 0 0 0 0 0 0 1 1 0 0 0 0 0 13 2 0 0 3 1 0 
23 19 0 0 0 0 0 1 0 0 0 0 0 0 0 0 1 1 0 0 0 0 0 15 0 0 0 3 1 0 
24 19 0 0 0 0 0 1 0 0 0 0 0 0 0 0 1 1 0 0 0 0 0 15 1 0 0 3 1 0 
34 27 0 0 0 1 0 1 0 0 0 0 0 0 0 0 1 1 0 0 0 0 0 15 2 0 0 3 1 0 
