http://mic.com/articles/117996/get-ready-for-lots-more-empire-here-are-the-fall-shows-coming-to-fox
benign
10 9
1 6
1 4
1 8
1 2
1 7
1 9
1 3
1 5
1 0
45 29 8 0 0 2 0 1 0 0 0 0 0 0 0 0 0 1 0 0 0 0 0 7 2 0 0 3 1 0 
99 73 6 0 0 13 0 1 0 0 0 0 0 0 0 0 0 1 0 0 0 0 0 7 3 0 9 3 1 0 
41 32 0 0 0 2 0 2 0 0 0 0 0 0 0 1 1 1 0 0 1 0 0 11 2 0 0 3 1 0 
53 43 0 0 0 4 0 1 0 0 0 0 0 0 0 0 0 1 0 0 0 0 0 7 2 0 0 3 1 0 
95 70 6 0 0 12 0 1 0 0 0 0 0 0 0 0 1 1 0 0 0 0 0 7 3 0 0 3 1 0 
39 31 0 0 0 1 0 2 0 0 0 0 0 0 0 1 1 1 0 0 0 0 0 11 2 0 0 3 1 0 
82 59 8 0 0 8 0 2 0 0 0 0 0 0 0 1 0 1 0 0 0 0 1 11 2 0 0 3 1 0 
89 68 6 0 0 8 0 1 0 0 0 0 0 0 0 0 1 1 0 0 0 0 0 7 3 0 0 3 1 0 
47 37 0 0 0 4 0 1 0 0 0 0 0 0 0 0 0 1 0 0 0 0 0 7 2 0 0 3 1 0 
15 10 0 0 0 0 0 1 0 0 0 0 0 0 0 0 0 1 0 0 0 0 0 7 1 0 0 3 1 0 
