http://www.aims4claims.com/claims-login.html
defacement
10 9
8 0
8 1
8 5
8 7
8 2
8 9
8 3
8 4
8 6
20 3 11 0 0 3 0 0 0 0 0 0 0 0 0 0 0 0 0 0 0 0 0 14 0 0 0 0 1 0 
57 46 1 0 0 2 0 2 0 0 0 0 0 0 0 1 1 1 0 0 0 0 0 19 3 0 0 3 1 0 
37 29 1 0 0 0 0 2 0 0 0 0 0 0 0 1 1 1 0 0 1 0 0 19 2 0 0 3 1 0 
55 44 1 0 0 2 0 2 0 0 0 0 0 0 0 1 1 1 0 0 0 0 0 19 3 0 0 3 1 0 
53 42 1 0 0 2 0 2 0 0 0 0 0 0 0 1 1 1 0 0 0 0 0 19 3 0 0 3 1 0 
39 30 1 0 0 1 0 2 0 0 0 0 0 0 0 1 1 1 0 0 0 0 0 19 2 0 0 3 1 0 
55 44 1 0 0 2 0 2 0 0 0 0 0 0 0 1 1 1 0 0 0 0 0 19 3 0 0 3 1 0 
60 48 1 0 0 2 0 2 0 0 0 0 0 0 0 1 1 1 0 0 0 0 0 19 4 0 0 3 1 0 
44 35 1 0 0 1 0 3 0 0 0 0 0 0 0 1 0 1 0 0 1 0 0 19 1 0 10 3 1 0 
28 21 1 0 0 0 0 2 0 0 0 0 0 0 0 1 1 1 0 0 0 0 0 19 1 0 0 3 1 0 
