http://faog.org.hk/scanner/overwatch.php
malware
10 9
5 3
5 6
5 9
5 1
5 8
5 0
5 4
5 2
7 5
32 24 0 0 0 0 0 3 0 0 0 0 0 0 0 1 1 1 0 0 0 0 0 15 2 0 0 6 1 0 
31 23 0 0 0 0 0 3 0 0 0 0 0 0 0 1 1 1 0 0 0 0 0 15 2 0 0 6 1 0 
24 17 0 0 0 0 0 3 0 0 0 0 0 0 0 1 1 1 0 0 0 0 0 15 1 0 0 6 1 0 
37 29 0 0 0 0 0 3 0 0 0 0 0 0 0 1 1 1 0 0 0 0 0 15 2 0 0 6 1 0 
50 40 0 0 0 1 0 3 0 0 0 0 0 0 0 1 1 1 0 0 0 0 0 15 3 0 0 6 1 0 
23 17 0 0 0 0 0 3 0 0 0 0 0 0 0 1 1 1 0 0 0 0 0 15 0 0 11 6 1 0 
41 32 0 0 0 1 0 3 0 0 0 0 0 0 0 1 1 1 0 0 0 0 0 15 2 0 0 6 1 0 
40 32 0 0 0 0 0 3 0 0 0 0 0 0 0 0 0 1 0 0 0 0 0 11 2 0 1 6 1 0 
31 23 0 0 0 0 0 3 0 0 0 0 0 0 0 1 1 1 0 0 0 0 0 15 2 0 0 6 1 0 
31 23 0 0 0 0 0 3 0 0 0 0 0 0 0 1 1 1 0 0 0 0 0 15 2 0 0 6 1 0 
