http://www.colegiomoura.com.br/comunicados_arq/my.dhl-com/index.php?email=2@2.com
phishing
10 9
1 6
3 9
3 8
3 1
3 5
3 4
3 0
3 2
3 7
67 54 0 0 0 1 0 5 0 0 0 0 0 0 0 1 0 1 0 0 0 0 0 23 3 0 42 6 1 0 
31 25 0 0 0 0 0 3 0 0 0 0 0 0 0 1 1 1 0 0 0 0 0 23 0 0 18 6 1 0 
42 34 0 0 0 0 0 3 0 0 0 0 0 0 0 1 1 1 0 0 0 0 0 23 2 0 0 6 1 0 
81 62 2 1 1 1 1 6 0 0 0 0 0 0 0 1 0 1 0 0 0 0 0 23 3 0 42 6 1 0 
38 30 0 0 0 0 0 3 0 0 0 0 0 0 0 1 1 1 0 0 0 0 0 23 2 0 0 6 1 0 
29 23 0 0 0 0 0 2 0 0 0 0 0 0 0 0 1 1 0 0 0 0 0 16 1 0 0 3 1 0 
44 36 0 0 0 0 0 3 0 0 0 0 0 0 0 1 1 1 0 0 0 0 0 23 2 0 0 6 1 0 
34 27 0 0 0 0 0 2 0 0 0 0 0 0 0 1 1 1 0 0 0 0 0 16 2 0 0 3 1 0 
31 24 0 0 0 0 0 3 0 0 0 0 0 0 0 1 0 1 0 0 0 0 0 23 1 0 0 6 1 0 
39 32 0 0 0 0 0 2 0 0 0 0 0 0 0 1 1 1 0 0 0 0 0 17 2 0 0 3 1 0 
