https://api.weibo.com/oauth2/authorize?client_id=284941941&redirect_uri=http%3A%2F%2Fbbs.lykxsq.com%2Fplugin.php%3Fid%3Dmpage_weibo%3Acallback&response_type=code
malware
10 9
2 7
3 9
3 4
8 3
8 6
8 1
8 2
8 0
8 5
33 25 0 0 0 0 0 2 0 0 0 0 0 0 0 0 0 1 0 0 0 0 0 13 3 0 0 3 1 0 
14 10 0 0 0 0 0 0 0 0 0 0 0 0 0 0 0 0 0 0 0 0 0 1 0 0 0 0 1 0 
38 30 1 0 0 0 0 2 0 0 0 0 0 0 0 0 1 1 0 0 0 0 0 13 2 0 2 3 1 0 
35 28 0 0 0 0 0 2 0 0 0 0 0 0 0 0 1 1 0 0 0 0 0 9 2 0 2 3 1 0 
21 14 1 0 0 0 0 0 0 0 0 0 0 0 0 0 0 0 0 0 0 0 0 8 0 0 0 0 0 0 
43 34 0 0 0 0 0 4 0 0 0 0 0 0 0 0 1 1 0 0 1 0 0 17 2 0 0 6 1 0 
17 13 0 0 0 0 0 1 0 0 0 0 0 0 0 0 1 1 0 0 0 0 0 9 0 0 0 3 1 0 
30 14 10 0 0 0 0 1 0 0 0 0 0 0 0 0 1 1 0 0 0 0 0 9 2 0 0 3 1 0 
161 117 17 0 1 0 3 5 0 7 0 0 0 0 0 0 1 2 0 0 0 0 0 13 2 0 10 3 1 0 
36 29 0 0 0 0 0 2 0 0 0 0 0 0 0 0 0 1 0 0 0 0 0 11 2 0 0 3 1 0 
