http://www.scandia-rasvereniging.nl/nl/fotos.html
defacement
10 9
1 9
1 7
1 8
1 0
1 6
1 3
1 5
1 4
1 2
75 64 0 0 0 4 0 1 0 0 0 0 0 0 0 0 1 1 0 0 0 0 0 24 3 0 0 2 1 0 
49 40 0 0 0 1 0 3 0 0 0 0 0 0 0 1 0 1 0 0 0 0 0 28 2 0 9 2 1 0 
46 39 0 0 0 0 0 2 0 0 0 0 0 0 0 1 1 1 0 0 0 0 0 16 2 0 0 3 1 0 
47 39 0 0 0 1 0 2 0 0 0 0 0 0 0 1 0 1 0 0 0 0 0 28 2 0 0 2 1 0 
80 69 0 0 0 4 0 1 0 0 0 0 0 0 0 0 1 1 0 0 0 0 0 24 3 0 0 2 1 0 
33 27 0 0 0 1 0 1 0 0 0 0 0 0 0 0 1 1 0 0 0 0 0 24 1 0 0 2 1 0 
46 39 0 0 0 1 0 1 0 0 0 0 0 0 0 0 1 1 0 0 0 0 0 24 2 0 0 2 1 0 
57 49 0 0 0 1 0 1 0 0 0 0 0 0 0 0 1 1 0 0 0 0 0 24 3 0 0 2 1 0 
68 59 0 0 0 2 0 1 0 0 0 0 0 0 0 0 1 1 0 0 0 0 0 24 3 0 0 2 1 0 
44 37 0 0 0 1 0 1 0 0 0 0 0 0 0 0 1 1 0 0 0 0 0 24 2 0 0 2 1 0 
