https://www.cs.waikato.ac.nz/Research/starlog/index.html
phishing
10 9
9 5
9 2
9 8
9 3
9 1
9 7
9 0
9 4
9 6
52 41 0 0 0 3 0 3 0 0 0 0 0 0 0 1 1 1 0 0 0 0 0 17 2 0 0 5 1 0 
46 38 0 0 0 0 0 3 0 0 0 0 0 0 0 1 1 1 0 0 0 0 0 17 2 0 0 5 1 0 
40 32 0 0 0 0 0 3 0 0 0 0 0 0 0 1 1 1 0 0 0 0 0 17 2 0 0 5 1 0 
45 36 0 0 0 1 0 3 0 0 0 0 0 0 0 1 1 1 0 0 0 0 0 17 2 0 0 5 1 0 
24 18 0 0 0 0 0 3 0 0 0 0 0 0 0 1 0 1 0 0 0 0 0 17 0 0 0 5 1 0 
26 19 0 0 0 0 0 3 0 0 0 0 0 0 0 1 1 1 0 0 0 0 0 17 1 0 0 5 1 0 
51 40 0 0 0 1 0 4 0 0 0 0 0 0 0 1 1 1 0 0 0 0 0 17 3 0 0 5 1 0 
28 21 0 0 0 0 0 3 0 0 0 0 0 0 0 0 0 1 0 0 0 0 0 20 1 0 0 5 1 0 
31 24 0 0 0 0 0 3 0 0 0 0 0 0 0 1 1 1 0 0 0 0 0 17 1 0 0 5 1 0 
56 45 0 0 0 0 0 5 0 0 0 0 0 0 0 1 1 1 0 0 0 0 0 20 3 0 14 5 1 0 
