https://dickshovel.com/elders.html
benign
10 9
3 6
3 2
3 1
3 8
3 5
3 7
3 9
7 4
7 0
33 26 0 0 0 0 0 3 0 0 0 0 0 0 0 1 0 1 0 0 0 0 0 18 1 0 0 3 1 0 
34 27 0 0 0 0 0 3 0 0 0 0 0 0 0 2 0 1 0 0 0 0 0 18 1 0 0 3 1 0 
30 20 2 0 0 0 0 2 0 0 0 0 0 0 0 1 0 1 0 0 0 0 0 12 2 0 0 3 1 0 
34 28 0 0 0 0 0 2 0 0 0 0 0 0 0 0 1 1 0 0 0 0 0 14 1 0 57 3 1 0 
38 31 0 0 0 0 0 3 0 0 0 0 0 0 0 1 0 1 0 0 0 0 0 18 1 0 0 3 1 0 
31 25 0 0 0 0 0 2 0 0 0 0 0 0 0 1 0 1 0 0 0 0 0 23 1 0 0 3 1 0 
34 27 0 0 0 0 0 3 0 0 0 0 0 0 0 1 0 1 0 0 0 0 0 18 1 0 0 3 1 0 
35 28 0 0 0 0 0 3 0 0 0 0 0 0 0 1 0 1 0 0 0 0 0 18 1 0 2 3 1 0 
34 27 0 0 0 0 0 3 0 0 0 0 0 0 0 1 0 1 0 0 0 0 0 18 1 0 0 3 1 0 
27 22 0 1 0 0 0 1 0 0 0 0 0 0 0 0 0 0 0 0 0 0 0 18 0 0 0 3 1 0 
