http://www.newstudy.net/community/Web_nMngr.aspx?acaidx=0&board_idx=369&pn=1&sflag=1&mflag=NOT&where=&keyword=
malware
10 9
9 5
9 8
9 1
9 3
9 7
9 2
9 4
9 6
9 0
39 30 0 0 0 1 0 2 0 0 0 0 0 0 0 1 0 1 0 0 0 0 0 16 3 0 0 3 1 0 
39 30 0 0 0 1 0 2 0 0 0 0 0 0 0 1 0 1 0 0 0 0 0 16 3 0 0 3 1 0 
39 29 0 0 0 2 0 2 0 0 0 0 0 0 0 1 0 1 0 0 0 0 0 16 3 0 0 3 1 0 
37 28 0 0 0 1 0 2 0 0 0 0 0 0 0 1 0 1 0 0 0 0 0 16 3 0 0 3 1 0 
37 29 0 0 0 0 0 2 0 0 0 0 0 0 0 1 0 1 0 0 0 0 0 16 3 0 0 3 1 0 
23 18 0 0 0 0 0 2 0 0 0 0 0 0 0 1 0 1 0 0 0 0 0 16 0 0 0 3 1 0 
41 32 0 0 0 1 0 2 0 0 0 0 0 0 0 1 0 1 0 0 0 0 0 16 3 0 0 3 1 0 
48 38 0 0 0 2 0 2 0 0 0 0 0 0 0 1 0 1 0 0 0 0 0 16 3 0 0 3 1 0 
32 25 0 0 0 0 0 2 0 0 0 0 0 0 0 1 0 1 0 0 0 0 0 16 2 0 0 3 1 0 
110 80 6 0 1 0 7 3 0 0 0 0 0 0 0 1 0 1 0 0 0 0 0 16 2 0 10 3 1 0 
