http://www.ekwdesign.de/referenzen/printdesign/253-printdesign-martin-luther-stiftung-hanau-imagebroschuere.html
defacement
10 9
5 1
5 8
5 4
8 3
8 2
8 7
8 9
8 6
8 0
39 32 0 0 0 0 0 3 0 0 0 0 0 0 0 1 0 1 0 0 0 0 0 16 1 0 0 2 1 0 
33 26 0 0 0 0 0 3 0 0 0 0 0 0 0 1 0 1 0 0 0 0 0 16 1 0 0 2 1 0 
54 45 0 0 0 1 0 3 0 0 0 0 0 0 0 1 0 1 0 0 0 0 0 16 2 0 0 2 1 0 
51 43 0 0 0 0 0 3 0 0 0 0 0 0 0 1 0 1 0 0 0 0 0 16 2 0 0 2 1 0 
24 18 0 0 0 0 0 2 0 0 0 0 0 0 0 1 0 1 0 0 0 0 0 16 1 0 0 2 1 0 
112 94 3 0 0 6 0 3 0 0 0 0 0 0 0 1 0 1 0 0 0 0 0 16 3 0 4 2 1 0 
56 47 0 0 0 1 0 3 0 0 0 0 0 0 0 1 0 1 0 0 0 0 0 16 2 0 0 2 1 0 
25 19 0 0 0 0 0 2 0 0 0 0 0 0 0 1 1 1 0 0 0 0 0 16 1 0 0 2 1 0 
24 18 0 0 0 0 0 2 0 0 0 0 0 0 0 1 0 1 0 0 0 0 0 16 1 0 9 2 1 0 
49 41 0 0 0 0 0 3 0 0 0 0 0 0 0 1 0 1 0 0 0 0 0 16 2 0 0 2 1 0 
