http://www.thetunes.nl/shop/160-winnaar-apples-hoesjes-wedstrijd
defacement
10 9
0 3
0 5
0 1
0 2
0 9
0 6
0 7
0 4
0 8
64 50 3 0 0 4 0 2 0 0 0 0 0 0 0 1 0 1 0 0 0 0 0 15 2 0 10 2 1 0 
41 31 1 0 0 2 0 2 0 0 0 0 0 0 0 1 1 1 0 0 0 0 0 15 2 0 0 2 1 0 
24 18 0 0 0 0 0 2 0 0 0 0 0 0 0 1 1 1 0 0 0 0 0 15 1 0 0 2 1 0 
21 16 0 0 0 0 0 1 0 0 0 0 0 0 0 0 0 1 0 0 0 0 1 13 1 0 1 3 1 0 
22 17 0 0 0 0 0 2 0 0 0 0 0 0 0 1 0 1 0 0 0 0 0 15 0 0 0 2 1 0 
19 15 0 0 0 0 0 1 0 0 0 0 0 0 0 0 0 1 0 0 0 0 0 12 0 0 0 3 1 0 
25 19 0 0 0 0 0 2 0 0 0 0 0 0 0 1 1 1 0 0 0 0 0 16 1 0 0 3 1 0 
29 22 0 0 0 0 0 2 0 0 0 0 0 0 0 1 1 1 0 0 0 0 0 15 2 0 0 2 1 0 
45 36 0 0 0 2 0 2 0 0 0 0 0 0 0 1 1 1 0 0 0 0 0 15 2 0 0 2 1 0 
20 15 0 0 0 0 0 1 0 0 0 0 0 0 0 0 1 1 0 0 0 0 0 11 1 0 0 3 1 0 
