https://cmhc-schl.gc.ca/en/corp/nero/nere/2010/2010-10-04-1600.cfm
benign
10 9
7 8
7 9
7 5
7 3
7 2
7 6
7 1
7 0
7 4
27 19 0 0 0 1 0 2 0 0 0 0 0 0 0 0 1 1 0 0 0 0 0 15 2 0 0 5 1 0 
96 81 0 0 0 6 0 2 0 0 0 0 0 0 0 0 1 1 0 0 0 0 0 15 4 0 0 5 1 0 
40 32 0 0 0 1 0 2 0 0 0 0 0 0 0 0 1 1 0 0 0 0 0 15 2 0 0 5 1 0 
44 35 0 0 0 2 0 2 0 0 0 0 0 0 0 0 1 1 0 0 0 0 0 15 2 0 0 5 1 0 
152 130 0 0 0 11 0 2 0 0 0 0 0 0 0 0 1 1 0 0 0 0 0 15 6 0 0 5 1 0 
26 19 0 0 0 1 0 2 0 0 0 0 0 0 0 0 1 1 0 0 0 0 0 15 1 0 0 5 1 0 
27 19 0 0 0 1 0 2 0 0 0 0 0 0 0 0 1 1 0 0 0 0 0 15 2 0 0 5 1 0 
66 34 16 0 0 4 0 3 0 0 0 0 0 0 0 0 1 1 0 0 0 0 0 15 6 0 13 5 1 0 
61 50 1 0 0 1 0 2 0 0 0 0 0 0 0 0 1 1 0 0 0 0 0 15 4 0 0 5 1 0 
79 66 0 0 0 5 0 2 0 0 0 0 0 0 0 0 1 1 0 0 0 0 0 15 3 0 0 5 1 0 
