http://haishundl.com/a/qinpengqipaiguanfangxiazai/20131018/257.html
malware
10 9
7 0
7 2
7 6
7 9
7 8
7 3
7 5
7 1
7 4
31 25 0 0 0 0 0 2 0 0 0 0 0 0 0 0 0 1 0 0 0 0 0 13 1 0 0 3 1 0 
33 27 0 0 0 0 0 2 0 0 0 0 0 0 0 0 0 1 0 0 0 0 0 13 1 0 0 3 1 0 
38 31 0 0 0 0 0 3 0 0 0 0 0 0 0 0 0 1 0 0 0 0 0 13 1 0 0 3 1 0 
33 27 0 0 0 0 0 2 0 0 0 0 0 0 0 0 0 1 0 0 0 0 0 13 1 0 0 3 1 0 
34 28 0 0 0 0 0 2 0 0 0 0 0 0 0 0 0 1 0 0 0 0 0 13 1 0 0 3 1 0 
30 24 0 0 0 0 0 2 0 0 0 0 0 0 0 0 0 1 0 0 0 0 0 13 1 0 0 3 1 0 
39 32 0 0 0 0 0 3 0 0 0 0 0 0 0 0 0 1 0 0 0 0 0 13 1 0 0 3 1 0 
67 47 11 0 0 0 0 2 0 0 0 0 0 0 0 0 0 1 0 0 0 0 0 13 4 0 11 3 1 0 
28 19 1 0 0 1 0 1 0 0 0 0 0 0 0 0 0 0 0 0 0 0 0 15 0 0 0 0 0 0 
21 16 0 0 0 0 0 1 0 0 0 0 0 0 0 0 0 1 0 0 0 0 0 13 1 0 0 3 1 0 
