https://people.csail.mit.edu/ericb/zaurus/homepage.html
phishing
10 9
7 5
7 8
7 0
7 2
7 6
7 9
7 1
7 3
9 4
52 42 0 0 0 0 0 4 0 0 0 0 0 0 0 0 1 1 0 0 0 0 0 20 3 0 0 3 1 0 
52 36 6 0 0 0 0 4 0 0 0 0 0 0 0 0 1 1 0 0 0 0 0 20 3 0 0 3 1 0 
54 44 0 0 0 0 0 4 0 0 0 0 0 0 0 0 1 1 0 0 0 0 0 20 3 0 0 3 1 0 
52 42 0 0 0 0 0 4 0 0 0 0 0 0 0 0 1 1 0 0 0 0 0 20 3 0 0 3 1 0 
34 27 0 0 0 1 0 2 0 0 0 0 0 0 0 1 1 1 0 0 0 0 1 25 1 0 9 3 1 0 
22 17 0 1 0 0 0 1 0 0 0 0 0 0 0 0 0 0 0 0 0 0 0 13 0 0 0 3 1 0 
53 43 0 0 0 0 0 4 0 0 0 0 0 0 0 0 1 1 0 0 0 0 0 20 3 0 0 3 1 0 
55 45 0 0 0 0 0 4 0 0 0 0 0 0 0 0 1 1 0 0 0 0 0 20 3 0 8 3 1 0 
32 27 0 1 0 0 0 1 0 0 0 0 0 0 0 0 0 0 0 0 0 0 0 23 0 0 0 3 1 0 
28 22 0 0 0 0 0 2 0 0 0 0 0 0 0 1 0 1 0 0 0 0 0 12 1 0 1 3 1 0 
