http://shantasells.com/blog/for-buyers.1
defacement
10 9
3 7
3 4
3 0
3 9
3 8
3 1
3 5
3 2
6 3
26 20 0 0 0 0 0 1 0 0 0 0 0 0 0 0 0 1 0 0 0 0 0 15 2 0 0 3 1 0 
26 20 0 0 0 0 0 1 0 0 0 0 0 0 0 0 0 1 0 0 0 0 0 15 2 0 0 3 1 0 
26 20 0 0 0 0 0 1 0 0 0 0 0 0 0 0 0 1 0 0 0 0 0 15 2 0 0 3 1 0 
34 27 0 0 0 1 0 2 0 0 0 0 0 0 0 1 1 1 0 0 0 0 1 25 1 0 9 3 1 0 
26 20 0 0 0 0 0 1 0 0 0 0 0 0 0 0 0 1 0 0 0 0 0 15 2 0 0 3 1 0 
26 20 0 0 0 0 0 1 0 0 0 0 0 0 0 0 0 1 0 0 0 0 0 15 2 0 0 3 1 0 
40 31 1 0 0 1 0 2 0 0 0 0 0 0 0 0 0 1 0 0 0 0 0 15 2 0 1 3 1 0 
26 20 0 0 0 0 0 1 0 0 0 0 0 0 0 0 0 1 0 0 0 0 0 15 2 0 0 3 1 0 
26 20 0 0 0 0 0 1 0 0 0 0 0 0 0 0 0 1 0 0 0 0 0 15 2 0 0 3 1 0 
28 22 0 0 0 0 0 1 0 0 0 0 0 0 0 0 0 1 0 0 0 0 0 15 2 0 0 3 1 0 
