https://slideshare.net/neoviasolutions/strategy-first-why-you-need-a-social-media-strategy
benign
10 9
3 7
3 8
3 5
3 0
3 4
3 9
3 2
3 6
3 1
34 28 0 0 0 0 0 2 0 0 0 0 0 0 0 1 1 1 0 0 0 0 0 18 1 0 0 3 1 0 
70 60 0 0 0 4 0 1 0 0 0 0 0 0 0 0 1 1 0 0 0 0 0 14 2 0 0 3 1 0 
33 27 0 0 0 0 0 2 0 0 0 0 0 0 0 1 1 1 0 0 0 0 0 14 1 0 0 3 1 0 
90 76 0 0 0 8 0 1 0 0 0 0 0 0 0 0 1 1 0 0 0 0 0 14 2 0 12 3 1 0 
77 59 7 0 0 5 0 1 0 0 0 0 0 0 0 0 1 1 0 0 0 0 0 14 2 0 0 3 1 0 
62 45 8 0 0 3 0 1 0 0 0 0 0 0 0 0 1 1 0 0 0 0 0 14 2 0 0 3 1 0 
86 71 1 0 0 8 0 1 0 0 0 0 0 0 0 0 1 1 0 0 0 0 0 14 2 0 0 3 1 0 
42 36 0 0 0 0 0 2 0 0 0 0 0 0 0 1 1 1 0 0 0 0 0 18 1 0 0 3 1 0 
27 21 0 0 0 0 0 2 0 0 0 0 0 0 0 1 1 1 0 0 0 0 0 18 1 0 0 3 1 0 
75 60 4 0 0 5 0 1 0 0 0 0 0 0 0 0 1 1 0 0 0 0 0 14 2 0 0 3 1 0 
