http://www.imd.net.my/contact-us.html
defacement
10 9
0 4
0 3
4 2
4 1
4 5
4 9
4 8
4 7
4 6
37 28 0 0 0 1 0 4 0 0 0 0 0 0 0 1 0 1 0 0 0 0 0 14 1 0 2 6 1 0 
48 38 0 0 0 1 0 3 0 0 0 0 0 0 0 1 0 1 0 0 0 0 0 14 3 0 0 6 1 0 
37 28 0 0 0 0 0 3 0 0 0 0 0 0 0 1 0 1 0 0 0 0 0 14 3 0 0 6 1 0 
29 23 0 1 0 0 0 2 0 0 0 0 0 0 0 0 0 0 0 0 0 0 0 20 0 0 0 6 1 0 
18 13 0 0 0 0 0 1 0 0 0 0 0 0 0 0 0 1 0 0 0 0 0 10 1 0 7 3 1 0 
31 23 0 0 0 0 0 3 0 0 0 0 0 0 0 1 0 1 0 0 0 0 0 14 2 0 0 6 1 0 
31 23 0 0 0 0 0 3 0 0 0 0 0 0 0 1 0 1 0 0 0 0 0 14 2 0 0 6 1 0 
22 15 0 0 0 0 0 3 0 0 0 0 0 0 0 1 0 1 0 0 0 0 0 14 1 0 0 6 1 0 
51 40 0 0 0 2 0 3 0 0 0 0 0 0 0 1 0 1 0 0 0 0 0 14 3 0 0 6 1 0 
30 22 0 0 0 0 0 3 0 0 0 0 0 0 0 1 0 1 0 0 0 0 0 14 2 0 0 6 1 0 
