https://allstarpics.net/pic-gallery/max-gail-pics.htm
benign
10 9
6 5
6 9
6 1
6 8
6 4
6 2
6 3
6 0
6 7
53 43 0 0 0 2 0 2 0 0 0 0 0 0 0 0 1 1 0 0 0 0 0 15 3 0 0 3 1 0 
58 49 0 0 0 2 0 1 0 0 0 0 0 0 0 0 1 1 0 0 0 0 0 15 3 0 0 3 1 0 
55 46 0 0 0 2 0 1 0 0 0 0 0 0 0 0 1 1 0 0 0 0 0 15 3 0 0 3 1 0 
57 48 0 0 0 2 0 1 0 0 0 0 0 0 0 0 1 1 0 0 0 0 0 15 3 0 0 3 1 0 
54 45 0 0 0 2 0 1 0 0 0 0 0 0 0 0 1 1 0 0 0 0 0 15 3 0 0 3 1 0 
53 43 0 0 0 2 0 2 0 0 0 0 0 0 0 0 1 1 0 0 0 0 0 15 3 0 0 3 1 0 
53 43 0 0 0 3 0 2 0 0 0 0 0 0 0 0 1 1 0 0 0 0 0 15 2 0 9 3 1 0 
56 47 0 0 0 2 0 1 0 0 0 0 0 0 0 0 1 1 0 0 0 0 0 15 3 0 0 3 1 0 
53 43 0 0 0 2 0 2 0 0 0 0 0 0 0 0 1 1 0 0 0 0 0 15 3 0 0 3 1 0 
32 26 0 0 0 0 0 1 0 0 0 0 0 0 0 0 1 1 0 0 0 0 0 15 2 0 0 3 1 0 
