https://spoke.com/dir/p/carter/gerald
benign
10 9
7 9
7 4
7 8
7 6
7 1
7 5
7 2
7 0
7 3
43 34 2 0 0 0 0 1 0 0 0 0 0 0 0 0 1 1 0 0 0 0 0 9 3 0 0 3 1 0 
28 22 0 0 0 0 0 1 0 0 0 0 0 0 0 0 1 1 0 0 0 0 0 9 2 0 0 3 1 0 
28 22 0 0 0 0 0 1 0 0 0 0 0 0 0 0 1 1 0 0 0 0 0 9 2 0 0 3 1 0 
21 16 0 0 0 0 0 1 0 0 0 0 0 0 0 0 1 1 0 0 0 0 0 9 1 0 0 3 1 0 
41 34 0 0 0 0 0 1 0 0 0 0 0 0 0 0 1 1 0 0 0 0 0 9 3 0 0 3 1 0 
43 34 2 0 0 0 0 1 0 0 0 0 0 0 0 0 1 1 0 0 0 0 0 9 3 0 0 3 1 0 
31 25 0 0 0 0 0 1 0 0 0 0 0 0 0 0 1 1 0 0 0 0 0 9 2 0 0 3 1 0 
37 29 0 0 0 0 0 1 0 0 0 0 0 0 0 0 1 1 0 0 0 0 0 9 4 0 10 3 1 0 
43 33 3 0 0 0 0 1 0 0 0 0 0 0 0 0 1 1 0 0 0 0 0 9 3 0 0 3 1 0 
18 13 0 0 0 0 0 1 0 0 0 0 0 0 0 0 1 1 0 0 0 0 0 9 1 0 11 3 1 0 
