https://scholar.lib.vt.edu/theses/available/etd-10292003-122518/unrestricted/thesis.pdf
phishing
10 9
9 8
9 5
9 0
9 2
9 1
9 3
9 4
9 6
9 7
17 12 0 0 0 0 0 2 0 0 0 0 0 0 0 1 0 1 0 0 0 0 0 10 0 0 0 3 1 0 
27 20 0 0 0 0 0 3 0 0 0 0 0 0 0 0 1 1 0 0 0 0 0 18 1 0 0 3 1 0 
32 25 0 0 0 0 0 3 0 0 0 0 0 0 0 0 1 1 0 0 1 0 0 18 1 0 0 3 1 0 
43 34 0 0 0 0 0 3 0 0 0 0 0 0 0 0 0 1 0 0 0 0 0 17 3 0 0 3 1 0 
33 26 0 0 0 0 0 3 0 0 0 0 0 0 0 0 0 1 0 0 0 0 0 17 1 0 0 3 1 0 
22 15 0 0 0 0 0 3 0 0 0 0 0 0 0 1 0 1 0 0 0 0 0 14 1 0 0 3 1 0 
51 32 9 0 0 0 0 3 0 0 0 0 0 0 0 0 1 1 0 0 0 0 0 18 4 0 0 3 1 0 
58 47 0 0 0 1 0 3 0 0 0 0 0 0 0 0 1 1 0 0 0 0 0 16 4 0 0 3 1 0 
105 70 15 0 0 2 0 4 0 0 0 0 0 0 0 0 2 2 0 0 0 0 0 18 7 0 0 3 1 0 
87 59 14 0 0 2 0 4 0 0 0 0 0 0 0 0 1 1 0 0 0 0 0 18 5 0 15 3 1 0 
