https://kent.ac.uk/english/people/profiles/moss.html
benign
10 9
1 7
1 0
1 9
1 2
1 6
1 4
1 8
1 5
1 3
43 35 0 0 0 0 0 3 0 0 0 0 0 0 0 1 1 1 0 0 0 0 0 14 2 0 0 5 1 0 
52 42 0 0 0 0 0 3 0 0 0 0 0 0 0 0 1 1 0 0 0 0 0 10 4 0 11 5 1 0 
22 16 0 0 0 0 0 3 0 0 0 0 0 0 0 1 1 1 0 0 0 0 0 14 0 0 0 5 1 0 
63 53 0 0 0 2 0 3 0 0 0 0 0 0 0 1 1 1 0 0 0 0 0 14 2 0 0 5 1 0 
49 40 0 0 0 0 0 3 0 0 0 0 0 0 0 1 1 1 0 0 0 0 0 14 3 0 0 5 1 0 
36 28 0 0 0 0 0 3 0 0 0 0 0 0 0 1 1 1 0 0 0 0 0 14 2 0 0 5 1 0 
40 31 0 0 0 1 0 3 0 0 0 0 0 0 0 1 1 1 0 0 0 0 0 14 2 0 0 5 1 0 
50 41 0 0 0 0 0 3 0 0 0 0 0 0 0 1 1 1 0 0 0 0 0 14 3 0 0 5 1 0 
44 36 0 0 0 0 0 3 0 0 0 0 0 0 0 1 1 1 0 0 0 0 0 14 2 0 0 5 1 0 
66 56 0 0 0 1 0 3 0 0 0 0 0 0 0 1 1 1 0 0 0 0 0 14 3 0 0 5 1 0 
