https://www.dfki.de/mas/papers/
phishing
10 9
7 4
7 5
7 0
7 1
7 3
7 6
7 9
7 8
7 2
23 16 0 0 0 0 0 2 0 0 0 0 0 0 0 1 0 1 0 0 0 0 0 11 2 0 0 2 1 0 
24 17 0 0 0 0 0 2 0 0 0 0 0 0 0 1 1 1 0 0 0 0 0 11 2 0 0 2 1 0 
29 22 0 0 0 0 0 3 0 0 0 0 0 0 0 1 1 1 0 0 0 0 0 11 1 0 0 2 1 0 
28 21 0 0 0 0 0 3 0 0 0 0 0 0 0 1 0 1 0 0 0 0 0 11 1 0 0 2 1 0 
75 53 6 0 0 3 0 5 0 0 0 0 0 0 0 0 0 0 0 0 0 0 0 18 5 0 0 2 1 0 
75 53 6 0 0 3 0 5 0 0 0 0 0 0 0 0 0 0 0 0 0 0 0 18 5 0 0 2 1 0 
74 52 6 0 0 3 0 5 0 0 0 0 0 0 0 0 0 0 0 0 0 0 0 18 5 0 0 2 1 0 
31 23 0 0 0 0 0 2 0 0 0 0 0 0 0 1 1 1 0 0 0 0 0 11 3 0 9 2 1 0 
68 46 6 0 0 3 0 5 0 0 0 0 0 0 0 0 0 0 0 0 0 0 0 18 5 0 0 2 1 0 
35 27 0 0 0 0 0 3 0 0 0 0 0 0 0 1 0 1 0 0 0 0 0 11 2 0 0 2 1 0 
