http://www.hollingstedt.de/dorfleben/190-koenigspaar-2010.html
defacement
10 9
7 9
7 0
7 6
7 3
7 8
7 2
7 5
7 1
7 4
48 40 0 0 0 1 0 2 0 0 0 0 0 0 0 1 1 1 0 0 0 0 0 21 2 0 0 2 1 0 
63 43 10 0 0 1 0 2 0 0 0 0 0 0 0 0 1 1 0 0 0 0 0 25 4 0 0 2 1 0 
27 21 0 0 0 0 0 2 0 0 0 0 0 0 0 1 0 1 0 0 0 0 0 19 1 0 0 2 1 0 
53 45 0 0 0 1 0 2 0 0 0 0 0 0 0 1 0 1 0 0 0 0 0 19 2 0 0 2 1 0 
43 35 0 0 0 2 0 2 0 0 0 0 0 0 0 0 1 1 0 0 1 0 0 29 1 0 0 3 1 0 
30 23 0 0 0 1 0 2 0 0 0 0 0 0 0 1 1 1 0 0 0 0 0 21 1 0 0 2 1 0 
47 40 0 0 0 0 0 2 0 0 0 0 0 0 0 1 0 1 0 0 0 0 0 19 2 0 0 2 1 0 
62 45 7 0 0 2 0 3 0 0 0 0 0 0 0 1 0 1 0 0 0 0 0 19 2 0 9 2 1 0 
44 37 0 0 0 1 0 2 0 0 0 0 0 0 0 1 1 1 0 0 0 0 0 21 1 0 0 2 1 0 
37 30 0 0 0 1 0 2 0 0 0 0 0 0 0 1 1 1 0 0 0 0 0 21 1 0 0 2 1 0 
