https://pediaview.com/openpedia/FedEx_Express
benign
10 9
4 5
4 9
9 1
9 0
9 6
9 3
9 7
9 2
9 8
45 38 0 0 0 1 0 1 0 0 0 0 0 0 0 0 1 1 0 0 0 0 0 18 2 0 0 3 1 0 
81 68 0 0 0 4 0 2 0 0 0 0 0 0 0 1 1 1 0 0 0 0 0 20 4 0 0 3 1 0 
80 66 1 0 0 5 0 2 0 0 0 0 0 0 0 0 1 1 0 0 0 0 0 25 3 0 0 3 1 0 
36 29 0 0 0 0 0 1 0 0 0 0 0 0 0 0 1 1 0 0 0 0 0 13 3 0 0 3 1 0 
45 38 0 0 0 0 0 1 0 0 0 0 0 0 0 0 1 1 0 0 0 0 0 13 2 0 4 3 1 0 
22 17 0 0 0 0 0 1 0 0 0 0 0 0 0 0 1 1 0 0 0 0 0 13 1 0 3 3 1 0 
43 35 0 0 0 1 0 2 0 0 0 0 0 0 0 1 1 1 0 0 0 0 0 25 2 0 0 3 1 0 
36 28 1 0 0 0 0 1 0 0 0 0 0 0 0 0 1 1 0 0 0 0 0 13 3 0 0 3 1 0 
64 50 2 0 0 6 0 1 0 0 0 0 0 0 0 0 1 1 0 0 0 0 0 13 2 0 0 3 1 0 
22 17 0 0 0 0 0 1 0 0 0 0 0 0 0 0 1 1 0 0 0 0 0 13 1 0 10 3 1 0 
