https://rangebroadcasting.com/vfbc/504577/Buy-Sell_Agreement_504577_04282020.zip
malware
10 9
2 4
2 6
6 5
6 9
6 3
6 7
6 0
6 8
6 1
70 61 0 0 0 2 0 1 0 0 0 0 0 0 0 0 1 1 0 0 0 0 0 21 3 0 0 3 1 0 
68 58 0 0 0 3 0 1 0 0 0 0 0 0 0 0 1 1 0 0 0 0 0 21 3 0 0 3 1 0 
80 48 20 0 0 1 0 2 0 0 0 0 0 0 0 0 1 1 0 0 0 0 0 21 3 0 5 3 1 0 
45 38 0 0 0 1 0 1 0 0 0 0 0 0 0 0 1 1 0 0 0 0 0 21 2 0 0 3 1 0 
68 44 12 0 0 3 0 2 0 0 0 0 0 0 0 0 1 1 0 0 0 0 0 22 4 0 0 3 1 0 
59 50 0 0 0 2 0 1 0 0 0 0 0 0 0 0 1 1 0 0 0 0 0 21 3 0 0 3 1 0 
44 35 1 0 0 2 0 2 0 0 0 0 0 0 0 1 1 1 0 0 0 0 0 18 1 0 7 3 1 0 
68 59 0 0 0 2 0 1 0 0 0 0 0 0 0 0 1 1 0 0 0 0 0 21 3 0 0 3 1 0 
64 55 0 0 0 2 0 1 0 0 0 0 0 0 0 0 1 1 0 0 0 0 0 21 3 0 0 3 1 0 
66 55 0 0 0 4 0 1 0 0 0 0 0 0 0 0 1 1 0 0 0 0 0 21 3 0 0 3 1 0 
