http://www.axelschweizer.de/fuer-buchungen.html
defacement
10 9
9 3
9 2
9 5
9 8
9 6
9 0
9 7
9 1
9 4
28 22 0 0 0 0 0 2 0 0 0 0 0 0 0 1 0 1 0 0 0 0 0 20 1 0 0 2 1 0 
55 46 0 0 0 3 0 2 0 0 0 0 0 0 0 1 0 1 0 0 0 0 0 20 1 0 0 2 1 0 
35 29 0 0 0 0 0 2 0 0 0 0 0 0 0 1 0 1 0 0 0 0 0 20 1 0 0 2 1 0 
37 31 0 0 0 0 0 2 0 0 0 0 0 0 0 1 0 1 0 0 0 0 0 20 1 0 0 2 1 0 
35 29 0 0 0 0 0 2 0 0 0 0 0 0 0 1 0 1 0 0 0 0 0 20 1 0 0 2 1 0 
49 42 0 0 0 1 0 2 0 0 0 0 0 0 0 1 0 1 0 0 0 0 0 20 1 0 0 2 1 0 
37 31 0 0 0 0 0 2 0 0 0 0 0 0 0 1 0 1 0 0 0 0 0 20 1 0 0 2 1 0 
35 29 0 0 0 0 0 2 0 0 0 0 0 0 0 1 0 1 0 0 0 0 0 20 1 0 0 2 1 0 
42 35 0 0 0 1 0 2 0 0 0 0 0 0 0 1 0 1 0 0 0 0 0 20 1 0 0 2 1 0 
47 39 0 0 0 1 0 3 0 0 0 0 0 0 0 1 0 1 0 0 0 0 0 20 1 0 11 2 1 0 
