https://news.cnet.com/2009-1023-251171.html
phishing
10 9
0 7
0 2
0 6
0 5
0 8
0 3
0 9
0 1
0 4
43 20 14 0 0 2 0 3 0 0 0 0 0 0 0 0 1 1 0 0 0 0 1 13 1 0 9 3 1 0 
47 37 0 0 0 2 0 2 0 0 0 0 0 0 0 1 1 1 0 0 0 0 1 12 3 0 0 3 1 0 
39 31 0 0 0 1 0 2 0 0 0 0 0 0 0 0 1 1 0 0 0 0 1 13 2 0 0 3 1 0 
27 20 0 0 0 0 0 2 0 0 0 0 0 0 0 0 1 1 0 0 0 0 1 13 2 0 0 3 1 0 
22 16 0 0 0 0 0 2 0 0 0 0 0 0 0 0 1 1 0 0 0 0 1 13 1 0 0 3 1 0 
27 20 0 0 0 0 0 2 0 0 0 0 0 0 0 0 1 1 0 0 0 0 1 13 2 0 0 3 1 0 
45 38 0 0 0 0 0 3 0 0 0 0 0 0 0 0 0 1 0 0 0 0 0 23 1 0 0 3 1 0 
29 22 0 0 0 0 0 2 0 0 0 0 0 0 0 0 1 1 0 0 0 0 1 13 2 0 0 3 1 0 
35 27 0 0 0 0 0 2 0 0 0 0 0 0 0 1 1 1 0 0 0 0 1 12 3 0 0 3 1 0 
28 21 0 0 0 0 0 2 0 0 0 0 0 0 0 0 1 1 0 0 0 0 1 13 2 0 0 3 1 0 
