http://icicibank.com/Personal-Banking/offers/offer-detail.page?id=offer-flipkart-mobile-application-offer-20150502123431266
benign
10 9
3 1
3 5
3 8
3 6
3 9
3 2
3 7
3 0
3 4
54 45 0 0 0 1 0 3 0 0 0 0 0 0 0 1 1 1 0 0 1 0 0 17 2 0 0 3 1 0 
26 20 0 0 0 0 0 2 0 0 0 0 0 0 0 1 1 1 0 0 1 0 0 17 1 0 0 3 1 0 
85 73 0 0 0 3 0 3 0 0 0 0 0 0 0 1 1 1 0 0 1 0 0 17 3 0 0 3 1 0 
123 89 17 0 1 7 1 2 0 0 0 0 0 0 0 0 0 1 0 0 1 0 0 13 3 0 12 3 1 0 
69 59 0 0 0 1 0 3 0 0 0 0 0 0 0 1 1 1 0 0 1 0 0 17 3 0 0 3 1 0 
53 44 0 0 0 1 0 3 0 0 0 0 0 0 0 1 1 1 0 0 1 0 0 17 2 0 0 3 1 0 
54 45 0 0 0 1 0 3 0 0 0 0 0 0 0 1 1 1 0 0 1 0 0 17 2 0 0 3 1 0 
40 32 0 0 0 0 0 3 0 0 0 0 0 0 0 1 1 1 0 0 1 0 0 17 2 0 0 3 1 0 
40 34 0 0 0 0 0 2 0 0 0 0 0 0 0 1 1 1 0 0 1 0 0 31 1 0 0 3 1 0 
54 44 0 0 0 2 0 3 0 0 0 0 0 0 0 1 1 1 0 0 1 0 0 17 2 0 0 3 1 0 
