https://oldies.com/product-view/4937D.html
benign
10 9
6 2
6 7
6 3
6 1
6 8
6 0
6 5
6 9
6 4
55 46 0 0 0 2 0 2 0 0 0 0 0 0 0 0 1 1 0 0 0 0 0 10 2 0 0 3 1 0 
53 44 0 0 0 2 0 2 0 0 0 0 0 0 0 0 1 1 0 0 0 0 0 10 2 0 0 3 1 0 
33 26 0 0 0 1 0 1 0 0 0 0 0 0 0 0 1 1 0 0 0 0 0 10 2 0 0 3 1 0 
19 14 0 0 0 0 0 1 0 0 0 0 0 0 0 0 1 1 0 0 0 0 0 10 1 0 0 3 1 0 
55 46 0 0 0 2 0 2 0 0 0 0 0 0 0 0 1 1 0 0 0 0 0 10 2 0 0 3 1 0 
54 45 0 0 0 2 0 2 0 0 0 0 0 0 0 0 1 1 0 0 0 0 0 10 2 0 0 3 1 0 
42 30 4 0 0 1 0 2 0 0 0 0 0 0 0 0 1 1 0 0 0 0 0 10 2 0 9 3 1 0 
57 47 0 0 0 3 0 2 0 0 0 0 0 0 0 0 1 1 0 0 0 0 0 10 2 0 0 3 1 0 
68 58 0 0 0 3 0 2 0 0 0 0 0 0 0 0 1 1 0 0 0 0 0 10 2 0 0 3 1 0 
53 44 0 0 0 2 0 2 0 0 0 0 0 0 0 0 1 1 0 0 0 0 0 10 2 0 0 3 1 0 
