https://ada-reunion.com/en/im2/SFR-securitys_check-refAU-S201269-languages-FR-P0-89REFT905-6811144412AAQQvv11-12/
benign
10 9
8 0
8 2
8 6
8 9
8 3
8 1
8 5
8 4
8 7
16 3 10 0 0 0 0 0 0 0 0 0 0 0 0 0 0 0 0 0 0 0 0 10 0 0 0 0 1 0 
24 18 0 0 0 1 0 1 0 0 0 0 0 0 0 0 1 1 0 0 0 0 0 15 1 0 0 3 1 0 
36 29 0 0 0 1 0 2 0 0 0 0 0 0 0 0 1 1 0 0 0 0 0 15 1 0 0 3 1 0 
59 49 0 0 0 4 0 2 0 0 0 0 0 0 0 0 1 1 0 0 0 0 0 15 1 0 0 3 1 0 
54 45 0 0 0 3 0 2 0 0 0 0 0 0 0 0 1 1 0 0 0 0 0 15 1 0 0 3 1 0 
57 48 0 0 0 3 0 2 0 0 0 0 0 0 0 0 1 1 0 0 0 0 0 15 1 0 0 3 1 0 
27 21 0 0 0 0 0 1 0 0 0 0 0 0 0 0 0 0 0 0 0 0 0 14 0 0 0 0 1 0 
45 37 0 0 0 0 0 4 0 0 0 0 0 0 0 1 1 1 0 0 0 0 0 16 1 0 0 3 1 0 
113 67 27 0 0 10 0 1 0 0 0 0 0 0 0 0 1 1 0 0 0 0 0 15 4 0 13 3 1 0 
49 41 0 0 0 2 0 2 0 0 0 0 0 0 0 0 1 1 0 0 0 0 0 15 1 0 0 3 1 0 
