https://worthpoint.com/worthopedia/vintage-1984-uss-orion-as-18-zippo-lighter
benign
10 9
4 1
4 6
4 3
4 9
4 7
4 8
4 0
4 2
4 5
37 30 0 0 0 0 0 1 0 0 0 0 0 0 0 0 1 1 0 0 1 0 1 14 3 0 0 3 1 0 
39 34 0 0 0 0 0 1 0 0 0 0 0 0 0 0 1 1 0 0 0 0 1 14 1 0 0 3 1 0 
42 35 0 0 0 0 0 1 0 0 0 0 0 0 0 0 1 1 0 0 0 0 1 14 3 0 0 3 1 0 
28 23 0 0 0 0 0 1 0 0 0 0 0 0 0 0 1 1 0 0 0 0 1 14 1 0 0 3 1 0 
77 58 6 0 0 7 0 1 0 0 0 0 0 0 0 0 1 1 0 0 0 0 1 14 2 0 11 3 1 0 
36 30 0 0 0 0 0 1 0 0 0 0 0 0 0 0 1 1 0 0 0 0 1 14 2 0 0 3 1 0 
34 29 0 0 0 0 0 1 0 0 0 0 0 0 0 0 1 1 0 0 0 0 1 14 1 0 0 3 1 0 
33 28 0 0 0 0 0 1 0 0 0 0 0 0 0 0 1 1 0 0 0 0 1 14 1 0 0 3 1 0 
23 18 0 0 0 0 0 1 0 0 0 0 0 0 0 0 1 1 0 0 0 0 1 14 1 0 0 3 1 0 
30 25 0 0 0 0 0 1 0 0 0 0 0 0 0 0 1 1 0 0 0 0 1 14 1 0 0 3 1 0 
