http://www.originalvolunteers.co.uk/sixty-second-news-update.html
defacement
10 9
3 2
3 4
3 6
3 9
3 1
3 5
3 0
3 7
3 8
66 55 0 0 0 3 0 4 0 0 0 0 0 0 0 1 0 1 0 0 0 0 0 28 1 0 0 5 1 0 
36 29 0 0 0 0 0 3 0 0 0 0 0 0 0 1 0 1 0 0 0 0 0 28 1 0 0 5 1 0 
60 51 0 0 0 0 0 4 0 0 0 0 0 0 0 1 0 1 0 0 0 0 0 28 2 0 0 5 1 0 
65 54 0 0 0 3 0 4 0 0 0 0 0 0 0 1 0 1 0 0 1 0 0 28 1 0 21 5 1 0 
34 28 0 0 0 0 0 1 0 0 0 0 0 0 0 0 0 1 0 0 0 0 0 11 1 0 0 3 1 0 
42 36 0 0 0 0 0 2 0 0 0 0 0 0 0 1 0 1 0 0 0 0 0 16 1 0 0 3 1 0 
53 45 0 0 0 0 0 2 0 0 0 0 0 0 0 1 0 1 0 0 0 0 0 15 3 0 0 3 1 0 
53 45 0 0 0 0 0 4 0 0 0 0 0 0 0 1 0 1 0 0 0 0 0 28 1 0 0 5 1 0 
49 40 0 0 0 1 0 4 0 0 0 0 0 0 0 1 0 1 0 0 0 0 0 28 1 0 0 5 1 0 
49 41 0 0 0 0 0 2 0 0 1 0 0 0 0 0 1 1 0 0 0 0 0 15 2 0 0 3 1 0 
