http://www.tirionklasse.nl/index.php?view=article&catid=1:tiron21nl&id=116:tjeerd-broersma-winnaar-delftse-zeil-race-2012&tmpl=component&print=1&layout=default&page=
defacement
10 9
7 9
9 8
9 0
9 6
9 5
9 3
9 4
9 1
9 2
55 43 2 0 0 1 0 3 0 0 0 0 0 0 0 1 0 1 0 0 0 0 0 19 3 0 0 2 1 0 
64 52 2 0 0 1 0 3 0 0 0 0 0 0 0 1 0 1 0 0 0 0 0 19 3 0 0 2 1 0 
66 54 2 0 0 1 0 3 0 0 0 0 0 0 0 1 0 1 0 0 0 0 0 19 3 0 0 2 1 0 
58 45 2 0 0 2 0 3 0 0 0 0 0 0 0 1 0 1 0 0 0 0 0 19 3 0 0 2 1 0 
46 35 2 0 0 1 0 3 0 0 0 0 0 0 0 1 0 1 0 0 0 0 0 19 2 0 0 2 1 0 
59 47 2 0 0 1 0 3 0 0 0 0 0 0 0 1 0 1 0 0 0 0 0 19 3 0 0 2 1 0 
43 35 0 0 0 0 0 3 0 0 0 0 0 0 0 1 0 1 0 0 0 0 0 19 2 0 0 2 1 0 
165 125 11 0 1 6 7 3 0 0 0 0 0 0 0 1 0 1 0 0 0 0 0 19 1 0 1 2 1 0 
36 29 0 0 0 0 0 3 0 0 0 0 0 0 0 1 0 1 0 0 0 0 0 19 1 0 0 2 1 0 
27 21 0 0 0 0 0 2 0 0 0 0 0 0 0 1 0 1 0 0 0 0 0 19 1 0 10 2 1 0 
