http://openup.nl/magazine-prof/onlinereader-prof
defacement
10 9
4 8
8 5
8 3
8 7
8 6
8 9
8 0
8 1
8 2
35 27 0 0 0 2 0 1 0 0 0 0 0 0 0 0 1 1 0 0 0 0 0 9 2 0 0 2 1 0 
25 19 0 0 0 0 0 1 0 0 0 0 0 0 0 0 1 1 0 0 0 0 0 9 2 0 0 2 1 0 
23 17 0 0 0 0 0 1 0 0 0 0 0 0 0 0 1 1 0 0 0 0 0 9 2 0 0 2 1 0 
28 21 0 0 0 1 0 1 0 0 0 0 0 0 0 0 1 1 0 0 0 0 0 9 2 0 0 2 1 0 
48 40 0 0 0 2 0 1 0 0 0 0 0 0 0 0 0 1 0 0 0 0 0 9 2 0 3 2 1 0 
30 20 2 0 0 2 0 1 0 0 0 0 0 0 0 0 1 1 0 0 0 0 0 9 2 0 0 2 1 0 
25 19 0 0 0 0 0 1 0 0 0 0 0 0 0 0 1 1 0 0 0 0 0 9 2 0 0 2 1 0 
25 19 0 0 0 0 0 1 0 0 0 0 0 0 0 0 1 1 0 0 0 0 0 9 2 0 0 2 1 0 
18 13 0 0 0 0 0 1 0 0 0 0 0 0 0 0 1 1 0 0 0 0 0 9 1 0 17 2 1 0 
23 17 0 0 0 0 0 1 0 0 0 0 0 0 0 0 1 1 0 0 0 0 0 9 2 0 0 2 1 0 
