https://venturebeat.com/2011/07/29/facebook-zynga-google-games/
benign
10 9
5 3
5 7
5 1
5 8
5 9
5 4
5 2
5 0
5 6
51 43 0 0 0 2 0 1 0 0 0 0 0 0 0 0 1 1 0 0 0 0 1 15 2 0 0 3 1 0 
59 50 0 0 0 2 0 3 0 0 0 0 0 0 0 0 1 1 0 0 0 0 1 20 1 0 0 3 1 0 
30 24 0 0 0 0 0 1 0 0 0 0 0 0 0 0 1 1 0 0 0 0 1 15 2 0 0 3 1 0 
30 25 0 0 0 0 0 2 0 0 0 0 0 0 0 0 1 1 0 0 0 0 1 22 0 0 0 3 1 0 
36 28 0 0 0 1 0 1 0 0 0 0 0 0 0 0 1 1 0 0 0 0 1 15 3 0 0 3 1 0 
63 43 8 0 0 3 0 1 0 0 0 0 0 0 0 0 1 1 0 0 0 0 1 15 5 0 11 3 1 0 
48 38 0 0 0 3 0 1 0 0 0 0 0 0 0 0 1 1 0 0 0 0 1 15 3 0 0 3 1 0 
36 29 0 0 0 0 0 1 0 0 0 0 0 0 0 0 1 1 0 0 0 0 1 15 3 0 0 3 1 0 
39 32 0 0 0 0 0 1 0 0 0 0 0 0 0 0 1 1 0 0 0 0 1 15 3 0 0 3 1 0 
24 19 0 0 0 0 0 1 0 0 0 0 0 0 0 0 1 1 0 0 0 0 1 15 1 0 0 3 1 0 
