http://9779.info/%E8%B1%86%E5%AD%90%E7%B2%98%E8%B4%B4%E7%94%BB%E5%8C%85%E5%8C%85/
malware
10 9
7 9
7 6
7 3
7 1
7 8
7 2
7 0
7 4
7 5
23 13 4 0 0 0 0 1 0 0 0 0 0 0 0 0 0 1 0 0 0 0 0 9 2 0 0 4 1 0 
21 11 4 0 0 0 0 1 0 0 0 0 0 0 0 0 0 1 0 0 0 0 0 9 2 0 0 4 1 0 
21 11 4 0 0 0 0 1 0 0 0 0 0 0 0 0 0 1 0 0 0 0 0 9 2 0 0 4 1 0 
22 12 4 0 0 0 0 1 0 0 0 0 0 0 0 0 0 1 0 0 0 0 0 9 2 0 0 4 1 0 
23 13 4 0 0 0 0 1 0 0 0 0 0 0 0 0 0 1 0 0 0 0 0 9 2 0 0 4 1 0 
21 11 4 0 0 0 0 2 0 0 0 0 0 0 0 1 0 1 0 0 0 0 0 13 1 0 9 4 1 0 
21 11 4 0 0 0 0 1 0 0 0 0 0 0 0 0 0 1 0 0 0 0 0 9 2 0 0 4 1 0 
81 25 29 0 0 0 0 1 0 21 0 0 0 0 0 0 0 1 0 0 0 0 0 9 2 0 9 4 1 0 
21 11 4 0 0 0 0 1 0 0 0 0 0 0 0 0 0 1 0 0 0 0 0 9 2 0 0 4 1 0 
22 12 4 0 0 0 0 1 0 0 0 0 0 0 0 0 0 1 0 0 0 0 0 9 2 0 0 4 1 0 
