https://news.cnet.com/2100-1040-271945.html
phishing
10 9
4 0
4 9
4 8
4 3
4 6
4 5
4 7
4 1
4 2
87 69 0 0 0 10 0 2 0 0 0 0 0 0 0 0 1 1 0 0 0 0 1 13 3 0 0 3 1 0 
53 42 0 0 0 3 0 2 0 0 0 0 0 0 0 0 1 1 0 0 0 0 1 13 3 0 0 3 1 0 
59 46 1 0 0 4 0 2 0 0 0 0 0 0 0 0 1 1 0 0 0 0 1 13 3 0 0 3 1 0 
86 68 0 0 0 10 0 2 0 0 0 0 0 0 0 0 1 1 0 0 0 0 1 13 3 0 0 3 1 0 
43 20 14 0 0 2 0 3 0 0 0 0 0 0 0 0 1 1 0 0 0 0 1 13 1 0 9 3 1 0 
70 58 0 0 0 4 0 2 0 0 0 0 0 0 0 0 1 1 0 0 0 0 1 13 3 0 0 3 1 0 
22 16 0 0 0 0 0 2 0 0 0 0 0 0 0 0 1 1 0 0 0 0 1 13 1 0 0 3 1 0 
50 39 0 0 0 3 0 2 0 0 0 0 0 0 0 0 1 1 0 0 0 0 1 13 3 0 0 3 1 0 
48 38 0 0 0 2 0 2 0 0 0 0 0 0 0 0 1 1 0 0 0 0 1 13 3 0 0 3 1 0 
107 86 0 0 0 12 0 2 0 0 0 0 0 0 0 0 1 1 0 0 0 0 1 13 4 0 0 3 1 0 
