http://www.kretingosmuziejus.lt/veikla/veiklos-kryptys/edukacine-veikla
defacement
10 9
9 3
9 7
9 1
9 6
9 8
9 2
9 4
9 5
9 0
80 66 0 0 0 3 0 2 0 0 0 0 0 0 0 1 0 1 0 0 0 0 0 24 6 0 0 2 1 0 
80 66 0 0 0 3 0 2 0 0 0 0 0 0 0 1 0 1 0 0 0 0 0 24 6 0 0 2 1 0 
93 78 0 0 0 4 0 2 0 0 0 0 0 0 0 1 0 1 0 0 0 0 0 24 6 0 0 2 1 0 
77 65 0 0 0 2 0 2 0 0 0 0 0 0 0 1 0 1 0 0 0 0 0 24 5 0 0 2 1 0 
99 84 0 0 0 4 0 2 0 0 0 0 0 0 0 1 0 1 0 0 0 0 0 24 6 0 0 2 1 0 
94 79 0 0 0 4 0 2 0 0 0 0 0 0 0 1 0 1 0 0 0 0 0 24 6 0 0 2 1 0 
95 80 0 0 0 4 0 2 0 0 0 0 0 0 0 1 0 1 0 0 0 0 0 24 6 0 0 2 1 0 
86 72 0 0 0 3 0 2 0 0 0 0 0 0 0 1 0 1 0 0 0 0 0 24 6 0 0 2 1 0 
57 48 0 0 0 1 0 2 0 0 0 0 0 0 0 1 0 1 0 0 0 0 0 24 3 0 0 2 1 0 
71 61 0 0 0 2 0 2 0 0 0 0 0 0 0 1 0 1 0 0 0 0 0 24 3 0 11 2 1 0 
