https://dan-vs.wikia.com/wiki/Category:Characters
benign
10 9
4 8
4 7
4 6
4 2
4 9
4 5
4 0
4 3
4 1
47 38 0 0 0 1 0 2 0 0 0 0 0 0 0 0 1 1 0 0 0 0 0 17 2 0 0 3 1 0 
60 47 0 0 0 1 0 3 0 0 0 0 0 0 0 0 1 1 0 0 0 0 0 17 2 0 0 3 1 0 
26 19 0 0 0 1 0 2 0 0 0 0 0 0 0 0 1 1 0 0 0 0 0 16 1 0 0 3 1 0 
42 33 0 0 0 1 0 2 0 0 0 0 0 0 0 0 1 1 0 0 0 0 0 17 2 0 0 3 1 0 
49 40 0 0 0 1 0 2 0 0 0 0 0 0 0 0 1 1 0 0 0 0 0 16 2 0 10 3 1 0 
43 32 0 0 0 1 0 3 0 0 0 0 0 0 0 0 1 1 0 0 0 0 0 17 2 0 0 3 1 0 
46 37 0 0 0 1 0 2 0 0 0 0 0 0 0 0 1 1 0 0 0 0 0 17 2 0 0 3 1 0 
25 19 0 0 0 1 0 2 0 0 0 0 0 0 0 0 1 1 0 0 0 0 0 17 0 0 0 3 1 0 
48 38 0 0 0 1 0 2 0 0 0 0 0 0 0 0 1 1 0 0 0 0 0 17 2 0 0 3 1 0 
48 39 0 0 0 1 0 2 0 0 0 0 0 0 0 0 1 1 0 0 0 0 0 17 2 0 0 3 1 0 
