https://www.deroyal.com/ProductsAndServices/OEMProductsAndServices/Default.aspx#Textiles
phishing
10 9
8 2
8 0
8 4
8 1
8 5
8 7
8 3
8 6
9 8
40 33 0 0 0 0 0 2 0 0 0 0 0 0 0 1 1 1 0 0 0 0 0 16 2 0 0 3 1 0 
33 26 0 0 0 1 0 2 0 0 0 0 0 0 0 1 1 1 0 0 0 0 0 15 1 0 0 3 1 0 
27 22 0 0 0 0 0 1 0 0 0 0 0 0 0 0 1 1 0 0 0 0 0 11 1 0 0 3 1 0 
42 36 0 0 0 0 0 2 0 0 0 0 0 0 0 1 1 1 0 0 0 0 0 16 1 0 0 3 1 0 
79 70 0 0 0 0 0 3 0 0 0 0 0 0 0 1 1 1 0 0 0 0 0 15 3 0 0 3 1 0 
46 39 0 0 0 0 0 2 0 0 0 0 0 0 0 1 1 1 0 0 0 0 0 15 2 0 0 3 1 0 
44 37 0 0 0 0 0 2 0 0 0 0 0 0 0 1 1 1 0 0 0 0 0 17 2 0 0 3 1 0 
29 23 0 0 0 0 0 2 0 0 0 0 0 0 0 1 1 1 0 0 0 0 0 15 1 0 0 3 1 0 
28 22 0 0 0 0 0 2 0 0 0 0 0 0 0 1 1 1 0 0 0 0 0 15 1 0 9 3 1 0 
88 78 0 0 0 0 0 3 1 0 0 0 0 0 0 1 1 1 0 0 0 0 0 15 3 0 1 3 1 0 
