https://www.cs.washington.edu/research/projects/WebWare1/www/metacrawler/
phishing
10 9
4 6
4 0
4 9
4 3
4 8
4 2
4 5
4 1
4 7
37 30 0 0 0 0 0 3 0 0 0 0 0 0 0 1 0 1 0 0 0 0 0 21 1 0 0 3 1 0 
44 36 0 0 0 0 0 3 0 0 0 0 0 0 0 0 1 1 0 0 0 0 0 25 2 0 0 3 1 0 
32 25 0 0 0 0 0 3 0 0 0 0 0 0 0 1 0 1 0 0 0 0 0 21 1 0 0 3 1 0 
31 24 0 0 0 0 0 3 0 0 0 0 0 0 0 0 0 1 0 0 0 0 0 23 1 0 0 3 1 0 
73 60 1 0 0 0 0 3 0 0 0 0 0 0 0 2 1 1 0 0 0 0 0 21 6 0 10 3 1 0 
52 43 0 0 0 0 0 3 0 0 0 0 0 0 0 1 0 1 0 0 0 0 0 18 3 0 0 3 1 0 
48 39 0 0 0 0 0 3 0 0 0 0 0 0 0 1 1 1 0 0 0 0 0 21 3 0 0 3 1 0 
50 41 0 0 0 1 0 3 0 0 0 0 0 0 0 1 1 1 0 0 0 0 0 21 2 0 0 3 1 0 
49 40 0 0 0 0 0 3 0 0 0 0 0 0 0 1 1 1 0 0 0 0 0 21 3 0 0 3 1 0 
39 31 0 0 0 0 0 3 0 0 0 0 0 0 0 1 1 1 0 0 0 0 0 21 2 0 0 3 1 0 
