https://ifly.com/kansas-city-international-airport
benign
10 9
6 2
6 0
6 9
6 3
6 8
6 4
6 7
6 1
6 5
65 54 0 0 0 5 0 1 0 0 0 0 0 0 0 0 1 1 0 0 0 0 0 8 2 0 0 3 1 0 
58 49 0 0 0 3 0 1 0 0 0 0 0 0 0 0 1 1 0 0 0 0 0 8 2 0 0 3 1 0 
67 57 0 0 0 4 0 1 0 0 0 0 0 0 0 0 1 1 0 0 0 0 0 8 2 0 0 3 1 0 
51 41 0 0 0 4 0 1 0 0 0 0 0 0 0 0 1 1 0 0 0 0 0 8 2 0 0 3 1 0 
62 52 0 0 0 4 0 1 0 0 0 0 0 0 0 0 1 1 0 0 0 0 0 8 2 0 0 3 1 0 
62 52 0 0 0 4 0 1 0 0 0 0 0 0 0 0 1 1 0 0 0 0 0 8 2 0 0 3 1 0 
50 42 0 0 0 3 0 1 0 0 0 0 0 0 0 0 1 1 0 0 0 0 0 8 1 0 10 3 1 0 
17 12 0 0 0 0 0 1 0 0 0 0 0 0 0 0 1 1 0 0 0 0 0 8 1 0 0 3 1 0 
36 30 0 0 0 0 0 1 0 0 0 0 0 0 0 0 1 1 0 0 0 0 0 17 2 0 0 3 1 0 
72 62 0 0 0 4 0 1 0 0 0 0 0 0 0 0 1 1 0 0 0 0 0 8 2 0 0 3 1 0 
