http://medlinee.com/jay/jnjk/bin.exe
malware
10 9
5 9
5 3
5 8
5 4
5 1
5 0
5 2
5 7
6 5
23 17 0 0 0 0 0 1 0 0 0 0 0 0 0 0 0 1 0 0 0 0 0 12 2 0 0 3 1 0 
23 17 0 0 0 0 0 1 0 0 0 0 0 0 0 0 0 1 0 0 0 0 0 12 2 0 0 3 1 0 
23 17 0 0 0 0 0 1 0 0 0 0 0 0 0 0 0 1 0 0 0 0 0 12 2 0 0 3 1 0 
23 17 0 0 0 0 0 1 0 0 0 0 0 0 0 0 0 1 0 0 0 0 0 12 2 0 0 3 1 0 
29 22 0 0 0 0 0 1 0 0 0 0 0 0 0 0 0 1 0 0 0 0 0 12 3 0 0 3 1 0 
34 27 0 0 0 1 0 2 0 0 0 0 0 0 0 1 1 1 0 0 0 0 1 25 1 0 9 3 1 0 
36 28 0 0 0 0 0 2 0 0 0 0 0 0 0 0 0 1 0 0 0 0 0 12 3 0 1 3 1 0 
23 17 0 0 0 0 0 1 0 0 0 0 0 0 0 0 0 1 0 0 0 0 0 12 2 0 0 3 1 0 
23 17 0 0 0 0 0 1 0 0 0 0 0 0 0 0 0 1 0 0 0 0 0 12 2 0 0 3 1 0 
23 17 0 0 0 0 0 1 0 0 0 0 0 0 0 0 0 1 0 0 0 0 0 12 2 0 0 3 1 0 
