http://www.bckeepfit.nl/index.php/teams/keep-fit-2-toernooinl
defacement
10 9
4 6
4 2
4 5
4 1
4 3
4 8
4 9
4 7
4 0
39 28 1 0 0 3 0 2 0 0 0 0 0 0 0 1 1 1 0 0 0 0 0 16 2 0 0 2 1 0 
36 29 0 0 0 0 0 2 0 0 0 0 0 0 0 1 1 1 0 0 0 0 0 16 2 0 0 2 1 0 
31 24 0 0 0 0 0 2 0 0 0 0 0 0 0 1 1 1 0 0 0 0 0 16 2 0 0 2 1 0 
40 32 0 0 0 1 0 2 0 0 0 0 0 0 0 1 1 1 0 0 0 0 0 16 2 0 0 2 1 0 
61 48 1 0 0 3 0 3 0 0 0 0 0 0 0 1 0 1 0 0 0 0 0 16 3 0 10 2 1 0 
37 30 0 0 0 0 0 2 0 0 0 0 0 0 0 1 1 1 0 0 0 0 0 16 2 0 0 2 1 0 
24 18 0 0 0 0 0 2 0 0 0 0 0 0 0 1 0 1 0 0 0 0 0 16 1 0 0 2 1 0 
25 19 0 0 0 0 0 2 0 0 0 0 0 0 0 1 1 1 0 0 0 0 0 16 1 0 0 2 1 0 
41 33 0 0 0 0 0 2 0 0 0 0 0 0 0 1 1 1 0 0 0 0 0 15 3 0 0 2 1 0 
39 28 1 0 0 3 0 2 0 0 0 0 0 0 0 1 1 1 0 0 0 0 0 16 2 0 0 2 1 0 
