http://www.sv-rotamint.de/index.php/impressum?tmpl=component&print=1&page=
defacement
10 9
5 4
5 1
5 9
5 6
5 3
5 7
5 2
5 8
5 0
55 39 4 0 0 6 0 1 0 0 0 0 0 0 0 0 1 1 0 0 0 0 0 14 2 0 0 2 1 0 
30 23 0 0 0 1 0 1 0 0 0 0 0 0 0 0 1 1 0 0 0 0 0 14 2 0 0 2 1 0 
37 29 0 0 0 1 0 1 0 0 0 0 0 0 0 0 1 1 0 0 0 0 0 14 3 0 0 2 1 0 
23 17 0 0 0 1 0 1 0 0 0 0 0 0 0 0 1 1 0 0 0 0 0 14 1 0 0 2 1 0 
22 16 0 0 0 1 0 1 0 0 0 0 0 0 0 0 0 1 0 0 0 0 0 14 1 0 0 2 1 0 
74 58 1 0 1 1 3 3 0 0 0 0 0 0 0 1 0 1 0 0 0 0 0 18 2 0 10 2 1 0 
43 31 4 0 0 2 0 1 0 0 0 0 0 0 0 0 1 1 0 0 0 0 0 14 2 0 0 2 1 0 
32 25 0 0 0 1 0 1 0 0 0 0 0 0 0 0 1 1 0 0 0 0 0 14 2 0 0 2 1 0 
45 36 0 0 0 1 0 3 0 0 0 0 0 0 0 1 0 1 0 0 0 0 0 18 2 0 0 2 1 0 
39 32 0 0 0 1 0 1 0 0 0 0 0 0 0 0 1 1 0 0 0 0 0 14 2 0 0 2 1 0 
