https://www.support-works.com/products/index.php
phishing
10 9
5 1
5 4
5 8
5 2
5 9
5 0
5 7
5 3
5 6
40 32 0 0 0 1 0 1 0 0 0 0 0 0 0 0 1 1 0 0 0 0 0 17 3 0 0 3 1 0 
25 20 0 0 0 1 0 1 0 0 0 0 0 0 0 0 1 1 0 0 0 0 0 17 0 0 0 3 1 0 
44 36 0 0 0 1 0 1 0 0 0 0 0 0 0 0 1 1 0 0 0 0 0 17 3 0 0 3 1 0 
36 29 0 0 0 1 0 1 0 0 0 0 0 0 0 0 1 1 0 0 0 0 0 17 2 0 0 3 1 0 
43 34 0 0 0 2 0 1 0 0 0 0 0 0 0 0 1 1 0 0 0 0 0 17 3 0 0 3 1 0 
48 39 0 0 0 1 0 3 0 0 0 0 0 0 0 1 1 1 0 0 0 0 0 21 2 0 11 3 1 0 
35 28 0 0 0 1 0 1 0 0 0 0 0 0 0 0 1 1 0 0 0 0 0 17 2 0 0 3 1 0 
48 40 0 0 0 2 0 1 0 0 0 0 0 0 0 0 1 1 0 0 1 0 0 17 2 0 0 3 1 0 
54 45 0 0 0 2 0 1 0 0 0 0 0 0 0 0 1 1 0 0 0 0 0 17 3 0 0 3 1 0 
46 37 0 0 0 2 0 1 0 0 0 0 0 0 0 0 1 1 0 0 0 0 0 17 3 0 0 3 1 0 
