https://www.angelfire.com/ab/imagemistress/
phishing
10 9
7 8
7 9
8 0
8 5
8 1
8 4
8 2
8 3
8 6
41 34 0 0 0 0 0 3 0 0 0 0 0 0 0 0 1 1 0 0 0 0 0 22 1 0 0 3 1 0 
43 34 0 0 0 0 0 2 0 0 0 0 0 0 0 2 1 1 0 0 0 0 0 17 4 0 0 3 1 0 
28 23 0 0 0 0 0 1 0 0 0 0 0 0 0 0 0 1 0 0 0 0 0 11 1 0 0 3 1 0 
38 32 0 0 0 0 0 2 0 0 0 0 0 0 0 1 1 1 0 0 0 0 0 16 1 0 0 3 1 0 
36 29 0 0 0 0 0 2 0 0 0 0 0 0 0 1 1 1 0 0 0 0 0 17 2 0 0 3 1 0 
42 34 0 0 0 0 0 3 0 0 0 0 0 0 0 1 1 1 0 0 1 0 0 23 2 0 0 3 1 0 
57 49 0 0 0 0 0 3 0 0 0 0 0 0 0 0 1 1 0 0 0 0 0 22 1 0 0 3 1 0 
43 35 0 0 0 0 0 2 0 0 0 0 0 0 0 1 1 1 0 0 0 0 0 17 3 0 5 3 1 0 
32 25 0 0 0 0 0 3 0 0 0 0 0 0 0 1 1 1 0 0 0 0 0 23 1 0 5 3 1 0 
66 57 0 0 0 0 0 3 0 0 0 0 0 0 0 1 1 1 0 0 0 0 0 17 3 0 0 3 1 0 
