http://hoysalacreations.com/wp-content/plugins/wp-hide-security-enhancer/include/20/home
phishing
10 9
9 3
9 5
9 4
9 7
9 1
9 2
9 0
9 6
9 8
37 30 0 0 0 1 0 1 0 0 0 0 0 0 0 0 0 1 0 0 0 0 0 20 2 0 0 3 1 0 
39 31 0 0 0 2 0 1 0 0 0 0 0 0 0 0 0 1 0 0 0 0 0 20 2 0 0 3 1 0 
42 35 0 0 0 1 0 1 0 0 0 0 0 0 0 0 0 1 0 0 0 0 0 20 2 0 0 3 1 0 
35 29 0 0 0 0 0 1 0 0 0 0 0 0 0 0 0 1 0 0 0 0 0 20 2 0 0 3 1 0 
28 23 0 0 0 0 0 1 0 0 0 0 0 0 0 0 0 1 0 0 0 0 0 20 1 0 0 3 1 0 
34 28 0 0 0 0 0 1 0 0 0 0 0 0 0 0 0 1 0 0 0 0 0 20 2 0 0 3 1 0 
36 28 1 0 0 1 0 1 0 0 0 0 0 0 0 0 0 1 0 0 0 0 0 20 2 0 0 3 1 0 
42 34 0 0 0 2 0 1 0 0 0 0 0 0 0 0 0 1 0 0 0 0 0 20 2 0 0 3 1 0 
36 30 0 0 0 0 0 1 0 0 0 0 0 0 0 0 0 1 0 0 0 0 0 20 2 0 0 3 1 0 
88 72 2 0 0 4 0 1 0 0 0 0 0 0 0 0 0 1 0 0 0 0 0 20 6 0 11 3 1 0 
