https://jewishvirtuallibrary.org/jsource/vjw/canada.html
benign
10 9
0 4
0 3
0 9
0 7
0 2
0 6
0 5
0 8
0 1
56 48 0 0 0 0 0 2 0 0 0 0 0 0 0 0 1 1 0 0 0 0 0 24 3 0 9 3 1 0 
71 62 0 0 0 4 0 1 0 0 0 0 0 0 0 0 1 1 0 0 0 0 0 24 1 0 0 3 1 0 
58 50 0 0 0 3 0 1 0 0 0 0 0 0 0 0 1 1 0 0 0 0 0 24 1 0 0 3 1 0 
44 38 0 0 0 1 0 1 0 0 0 0 0 0 0 0 1 1 0 0 0 0 0 24 1 0 0 3 1 0 
50 44 0 0 0 1 0 1 0 0 0 0 0 0 0 0 1 1 0 0 0 0 0 24 1 0 0 3 1 0 
68 58 0 0 0 5 0 1 0 0 0 0 0 0 0 0 1 1 0 0 0 0 0 24 1 0 0 3 1 0 
41 36 0 0 0 0 0 1 0 0 0 0 0 0 0 0 1 1 0 0 0 0 0 24 1 0 0 3 1 0 
46 40 0 0 0 1 0 1 0 0 0 0 0 0 0 0 1 1 0 0 0 0 0 24 1 0 0 3 1 0 
42 37 0 0 0 0 0 1 0 0 0 0 0 0 0 0 1 1 0 0 0 0 0 24 1 0 0 3 1 0 
58 51 0 0 0 2 0 1 0 0 0 0 0 0 0 0 1 1 0 0 0 0 0 24 1 0 0 3 1 0 
