http://www.centroarmengol.com/index.php/imagen/consejos-de-belleza/107-ya-llega-la-navidad
defacement
10 9
8 4
8 2
8 0
8 3
8 1
8 9
8 5
8 7
8 6
57 29 21 0 0 0 0 2 0 0 0 0 0 0 0 0 1 1 0 0 0 0 0 14 2 0 0 3 1 0 
34 29 0 0 0 0 0 1 0 0 0 0 0 0 0 0 1 1 0 0 0 0 0 11 1 0 0 3 1 0 
40 33 0 0 0 0 0 2 0 0 0 0 0 0 0 1 1 1 0 0 0 0 0 16 2 0 0 3 1 0 
26 22 0 0 0 0 0 1 0 0 0 0 0 0 0 0 1 1 0 0 0 0 0 18 0 0 0 3 1 0 
38 32 0 0 0 0 0 2 0 0 0 0 0 0 0 1 0 1 0 0 0 0 0 22 1 0 0 3 1 0 
24 3 15 0 0 0 0 0 0 3 0 0 0 0 0 0 0 0 0 0 0 0 0 18 0 0 0 0 1 0 
30 24 0 0 0 0 0 1 0 0 0 0 0 0 0 0 1 1 0 0 0 0 0 18 2 0 0 3 1 0 
43 36 0 0 0 0 0 2 0 0 0 0 0 0 0 1 1 1 0 0 0 0 0 15 2 0 0 3 1 0 
90 71 3 0 0 6 0 3 0 0 0 0 0 0 0 1 0 1 0 0 0 0 0 22 4 0 10 3 1 0 
41 35 0 0 0 0 0 2 0 0 0 0 0 0 0 1 1 1 0 0 0 0 0 18 1 0 0 3 1 0 
