https://upscri.be/financialrelief
phishing
10 9
4 5
4 8
4 3
4 7
4 9
4 2
4 0
4 1
6 4
23 17 0 0 0 0 0 1 0 0 0 0 0 0 0 0 1 1 0 0 0 0 0 9 2 0 0 2 1 0 
18 13 0 0 0 0 0 1 0 0 0 0 0 0 0 0 1 1 0 0 0 0 0 9 1 0 0 2 1 0 
28 22 0 0 0 0 0 1 0 0 0 0 0 0 0 0 1 1 0 0 0 0 0 9 2 0 0 2 1 0 
33 25 0 0 0 2 0 1 0 0 0 0 0 0 0 0 1 1 0 0 0 0 0 9 2 0 0 2 1 0 
20 16 0 0 0 0 0 1 0 0 0 0 0 0 0 0 1 1 0 0 0 0 0 12 0 0 10 3 1 0 
35 28 0 0 0 1 0 1 0 0 0 0 0 0 0 0 1 1 0 0 0 0 0 9 2 0 0 2 1 0 
33 28 0 0 0 0 0 1 0 0 0 0 0 0 0 0 1 1 0 0 0 0 0 9 1 0 2 2 1 0 
26 20 0 0 0 0 0 1 0 0 0 0 0 0 0 0 1 1 0 0 0 0 0 9 2 0 0 2 1 0 
30 24 0 0 0 0 0 1 0 0 0 0 0 0 0 0 1 1 0 0 0 0 0 9 2 0 0 2 1 0 
34 27 0 0 0 1 0 1 0 0 0 0 0 0 0 0 1 1 0 0 0 0 0 9 2 0 0 2 1 0 
