http://www.thc-hanau.de/index.php/component/jtags/Knaben/index.html
defacement
10 9
3 8
3 1
3 6
3 2
3 0
3 4
3 9
3 7
3 5
38 30 0 0 0 1 0 1 0 0 0 0 0 0 0 0 1 1 0 0 0 0 0 12 3 0 0 2 1 0 
34 27 0 0 0 0 0 2 0 0 0 0 0 0 0 1 1 1 0 0 0 0 0 16 2 0 0 3 1 0 
30 23 0 0 0 1 0 1 0 0 0 0 0 0 0 0 1 1 0 0 0 0 0 12 2 0 0 2 1 0 
67 54 0 0 0 1 0 4 0 0 0 0 0 0 0 1 0 1 0 0 0 0 0 16 5 0 11 2 1 0 
32 24 0 0 0 1 0 1 0 0 0 0 0 0 0 0 1 1 0 0 0 0 0 12 3 0 0 2 1 0 
36 28 0 0 0 1 0 1 0 0 0 0 0 0 0 0 1 1 0 0 0 0 0 12 3 0 0 2 1 0 
42 33 0 0 0 2 0 1 0 0 0 0 0 0 0 0 1 1 0 0 0 0 0 12 3 0 0 2 1 0 
68 48 4 0 0 10 0 1 0 0 0 0 0 0 0 0 1 1 0 0 0 0 0 12 2 0 0 2 1 0 
26 19 0 0 0 1 0 1 0 0 0 0 0 0 0 0 1 1 0 0 0 0 0 12 2 0 0 2 1 0 
21 15 0 0 0 1 0 1 0 0 0 0 0 0 0 0 1 1 0 0 0 0 0 12 1 0 0 2 1 0 
