http://pilatesrishon.net/wp-includes/sodium_compat/src/Core32/ChaCha20/lib.php
malware
10 9
0 5
0 1
2 7
2 3
2 9
2 0
2 8
2 4
2 6
306 80 126 0 0 7 0 2 0 86 0 0 0 0 0 1 1 1 0 0 0 0 0 16 2 0 3 3 1 0 
42 34 0 0 0 0 0 2 0 0 0 0 0 0 0 1 1 1 0 0 0 0 0 16 3 0 0 3 1 0 
78 61 4 0 0 1 0 2 0 0 0 0 0 0 0 0 0 1 0 0 0 0 0 17 6 0 13 3 1 0 
63 32 13 0 0 0 0 1 0 12 0 0 0 0 0 0 1 1 0 0 0 0 0 17 2 0 0 3 1 0 
26 21 0 0 0 0 0 1 0 0 0 0 0 0 0 0 1 1 0 0 0 0 0 17 1 0 0 3 1 0 
30 24 0 0 0 0 0 2 0 0 0 0 0 0 0 0 0 1 0 0 0 0 0 17 1 0 0 3 1 0 
25 19 0 0 0 0 0 3 0 0 0 0 0 0 0 1 0 1 0 0 0 0 0 18 0 0 0 5 1 0 
69 31 18 0 0 0 0 1 0 14 0 0 0 0 0 0 1 1 0 0 0 0 0 17 2 0 0 3 1 0 
30 25 0 1 0 0 0 1 0 0 0 0 0 0 0 0 0 0 0 0 0 0 0 21 0 0 0 3 1 0 
57 28 13 0 0 0 0 1 0 10 0 0 0 0 0 0 1 1 0 0 0 0 0 17 2 0 0 3 1 0 
