https://sites.google.com/site/mcmdennis/
phishing
10 9
4 6
6 8
6 5
6 7
6 3
6 0
6 2
6 1
6 9
43 36 0 0 0 0 0 2 0 0 0 0 0 0 0 0 1 1 0 0 1 0 0 16 2 0 0 3 1 0 
33 27 0 0 0 0 0 2 0 0 0 0 0 0 0 0 1 1 0 0 1 0 0 16 1 0 0 3 1 0 
43 34 0 0 0 0 0 3 0 0 0 0 0 0 0 1 1 1 0 0 0 0 0 14 3 0 0 3 1 0 
40 34 0 0 0 0 0 2 0 0 0 0 0 0 0 0 1 1 0 0 1 0 0 19 1 0 1 3 1 0 
40 32 0 0 0 0 0 2 0 0 0 0 0 0 0 0 1 1 0 0 0 0 0 16 3 0 1 3 1 0 
29 23 0 0 0 0 0 2 0 0 0 0 0 0 0 0 1 1 0 0 1 0 0 20 1 0 0 3 1 0 
35 29 0 0 0 0 0 2 0 0 0 0 0 0 0 0 1 1 0 0 1 0 0 18 1 0 12 3 1 0 
34 27 0 0 0 0 0 2 0 0 0 0 0 0 0 0 1 1 0 0 1 0 0 16 2 0 0 3 1 0 
25 19 0 0 0 0 0 2 0 0 0 0 0 0 0 0 1 1 0 0 0 0 0 16 1 0 0 3 1 0 
45 36 0 0 0 0 0 2 0 0 0 0 0 0 0 1 1 1 0 0 0 0 0 14 4 0 0 3 1 0 
