http://www.belmontbaptistchurch.com/directions-and-map/print-2
defacement
10 9
0 7
0 5
0 1
0 4
0 2
0 9
0 6
0 8
0 3
62 51 1 0 0 3 0 2 0 0 0 0 0 0 0 1 0 1 0 0 0 0 0 28 2 0 14 3 1 0 
48 41 0 0 0 0 0 2 0 0 0 0 0 0 0 1 1 1 0 0 0 0 0 28 2 0 0 3 1 0 
43 36 0 0 0 0 0 2 0 0 0 0 0 0 0 1 0 1 0 0 0 0 0 28 2 0 0 3 1 0 
45 38 0 0 0 0 0 2 0 0 0 0 0 0 0 1 1 1 0 0 0 0 0 28 2 0 0 3 1 0 
37 31 0 0 0 0 0 2 0 0 0 0 0 0 0 1 1 1 0 0 0 0 0 28 1 0 0 3 1 0 
36 31 0 0 0 0 0 2 0 0 0 0 0 0 0 1 1 1 0 0 0 0 0 28 0 0 0 3 1 0 
55 46 0 0 0 2 0 2 0 0 0 0 0 0 0 1 1 1 0 0 0 0 0 28 2 0 0 3 1 0 
45 38 0 0 0 0 0 2 0 0 0 0 0 0 0 1 1 1 0 0 0 0 0 28 2 0 0 3 1 0 
48 41 0 0 0 0 0 2 0 0 0 0 0 0 0 1 1 1 0 0 0 0 0 28 2 0 0 3 1 0 
47 40 0 0 0 0 0 2 0 0 0 0 0 0 0 1 1 1 0 0 0 0 0 28 2 0 0 3 1 0 
