https://beachcalifornia.com/spca/sports-parks-recreation/palm-springs/1-family-ymca-of-the-desert-760-320-6430.html
benign
10 9
7 4
7 2
7 9
7 1
7 0
7 8
7 5
7 3
7 6
55 47 0 0 0 0 0 2 0 0 0 0 0 0 0 1 1 1 0 0 0 0 0 25 3 0 0 3 1 0 
90 76 0 0 0 7 0 2 0 0 0 0 0 0 0 1 1 1 0 0 0 0 0 25 2 0 0 3 1 0 
46 39 0 0 0 0 0 2 0 0 0 0 0 0 0 1 1 1 0 0 0 0 0 25 2 0 0 3 1 0 
61 51 0 0 0 3 0 2 0 0 0 0 0 0 0 1 1 1 0 0 0 0 0 25 2 0 0 3 1 0 
33 28 0 0 0 0 0 2 0 0 0 0 0 0 0 1 1 1 0 0 0 0 0 25 0 0 0 3 1 0 
57 48 0 0 0 1 0 2 0 0 0 0 0 0 0 1 1 1 0 0 0 0 0 25 3 0 0 3 1 0 
42 35 0 0 0 0 0 2 0 0 0 0 0 0 0 1 1 1 0 0 0 0 0 25 2 0 0 3 1 0 
115 84 11 0 0 11 0 2 0 0 0 0 0 0 0 0 1 1 0 0 0 0 0 19 4 0 12 3 1 0 
42 35 0 0 0 0 0 2 0 0 0 0 0 0 0 1 1 1 0 0 0 0 0 25 2 0 0 3 1 0 
41 34 0 0 0 0 0 2 0 0 0 0 0 0 0 1 1 1 0 0 0 0 0 25 2 0 0 3 1 0 
