https://clients-verification-updates-case-234.blogspot.com/
phishing
10 9
3 4
3 1
3 2
3 8
3 9
6 5
6 3
6 0
6 7
35 22 6 0 0 0 0 2 0 0 0 0 0 0 0 1 0 1 0 0 0 0 1 14 2 0 0 3 1 0 
68 54 3 0 0 4 0 2 0 0 0 0 0 0 0 0 1 1 0 0 1 0 1 50 2 0 0 12 1 0 
72 58 3 0 0 4 0 2 0 0 0 0 0 0 0 0 1 1 0 0 1 0 1 50 2 0 0 12 1 0 
23 18 0 0 0 0 0 2 0 0 0 0 0 0 0 1 1 1 0 0 0 0 0 15 0 0 9 3 1 0 
76 62 3 0 0 4 0 2 0 0 0 0 0 0 0 0 1 1 0 0 1 0 1 50 2 0 0 12 1 0 
52 25 20 0 0 0 0 2 0 0 0 0 0 0 0 1 1 1 0 0 0 0 0 15 2 0 0 3 1 0 
59 46 3 0 0 4 0 2 0 0 0 0 0 0 0 0 1 1 0 0 1 0 1 50 1 0 7 12 1 0 
39 31 0 0 0 1 0 2 0 0 0 0 0 0 0 1 1 1 0 0 0 0 0 15 2 0 0 3 1 0 
66 52 3 0 0 4 0 2 0 0 0 0 0 0 0 0 1 1 0 0 1 0 1 50 2 0 0 12 1 0 
71 57 3 0 0 4 0 2 0 0 0 0 0 0 0 0 1 1 0 0 1 0 1 50 2 0 0 12 1 0 
