https://d20srd.org/srd/spells/magicWeapon.htm
benign
10 9
3 7
3 1
3 4
3 2
3 0
3 9
3 5
3 8
3 6
19 12 2 0 0 0 0 1 0 0 0 0 0 0 0 0 1 1 0 0 0 0 0 10 1 0 0 3 1 0 
26 18 2 0 0 0 0 2 0 0 0 0 0 0 0 0 1 1 0 0 0 0 0 10 1 0 0 3 1 0 
36 26 4 0 0 0 0 1 0 0 0 0 0 0 0 0 1 1 0 0 0 0 0 10 2 0 0 3 1 0 
45 35 2 0 0 0 0 2 0 0 0 0 0 0 0 0 1 1 0 0 0 0 0 10 3 0 12 3 1 0 
28 20 2 0 0 0 0 2 0 0 0 0 0 0 0 0 1 1 0 0 0 0 0 10 1 0 0 3 1 0 
28 20 2 0 0 0 0 2 0 0 0 0 0 0 0 0 1 1 0 0 0 0 0 10 1 0 0 3 1 0 
26 18 2 0 0 0 0 2 0 0 0 0 0 0 0 0 1 1 0 0 0 0 0 10 1 0 0 3 1 0 
30 22 2 0 0 0 0 2 0 0 0 0 0 0 0 0 1 1 0 0 0 0 0 10 1 0 0 3 1 0 
54 46 0 0 0 0 0 4 0 0 0 0 0 0 0 1 0 1 0 0 0 0 0 30 1 0 0 3 1 0 
37 28 2 0 0 0 0 2 0 0 0 0 0 0 0 0 1 1 0 0 0 0 0 10 2 0 0 3 1 0 
