https://fox.com/fringe/about/
benign
10 9
6 3
6 2
7 9
7 4
7 8
7 0
7 1
7 5
7 6
22 16 0 0 0 0 0 1 0 0 0 0 0 0 0 0 1 1 0 0 0 0 1 7 2 0 0 3 1 0 
21 15 0 0 0 0 0 1 0 0 0 0 0 0 0 0 1 1 0 0 0 0 1 7 2 0 0 3 1 0 
55 23 25 0 0 0 0 1 0 0 0 0 0 0 0 0 1 1 0 0 0 0 1 7 3 0 0 3 1 0 
34 26 0 0 0 2 0 1 0 0 0 0 0 0 0 0 1 1 0 0 0 0 1 7 2 0 0 3 1 0 
23 17 0 0 0 0 0 1 0 0 0 0 0 0 0 0 1 1 0 0 0 0 1 7 2 0 0 3 1 0 
21 15 0 0 0 0 0 1 0 0 0 0 0 0 0 0 1 1 0 0 0 0 1 7 2 0 0 3 1 0 
16 11 0 0 0 0 0 1 0 0 0 0 0 0 0 0 1 1 0 0 0 0 1 7 1 0 10 3 1 0 
29 22 0 0 0 0 0 1 0 0 0 0 0 0 0 0 1 1 0 0 0 0 1 7 3 0 8 3 1 0 
21 15 0 0 0 0 0 1 0 0 0 0 0 0 0 0 1 1 0 0 0 0 1 7 2 0 0 3 1 0 
30 24 0 0 0 0 0 1 0 0 0 0 0 0 0 0 1 1 0 0 0 0 1 7 2 0 0 3 1 0 
