http://twitter.com/home?status=%E3%83%8C%E3%81%91%E3%82%8B%EF%BC%81%E3%80%90%E7%B4%A0%E4%BA%BA%E3%80%91+http%3A%2F%2Fero-video.net%2Ft%2FNpunClPEpF37s9AC+%E3%82%AF%E3%83%B3%E3%83%8B%E3%81%A7%E3%82%A4%E3%81%8B%E3%81%9B%E3%82%8B%E7%94%B7+%23ero+%23douga+%23agesage
benign
10 9
3 5
3 8
3 9
3 2
3 0
3 7
9 1
9 4
9 6
78 65 0 0 0 3 0 3 0 0 0 0 0 0 0 0 1 1 0 0 0 0 0 20 4 0 0 3 1 0 
25 19 0 0 0 0 0 2 0 0 0 0 0 0 0 0 1 1 0 0 0 0 0 16 1 0 0 3 1 0 
45 30 8 0 0 0 0 2 0 0 0 0 0 0 0 0 1 1 0 0 0 0 0 19 2 0 0 3 1 0 
262 111 78 0 1 1 1 2 0 59 5 0 0 0 0 0 0 2 0 0 0 0 0 11 1 0 6 3 1 0 
26 21 0 0 0 0 0 1 0 0 0 0 0 0 0 0 1 1 0 0 0 0 1 13 1 0 0 3 1 0 
27 22 0 0 0 0 0 1 0 0 0 0 0 0 0 0 1 1 0 0 0 0 0 11 1 0 0 3 1 0 
23 18 0 0 0 0 0 1 0 0 0 0 0 0 0 0 0 1 0 0 0 0 0 11 1 0 0 3 1 0 
23 18 0 0 0 0 0 1 0 0 0 0 0 0 0 0 1 1 0 0 0 0 0 11 1 0 0 3 1 0 
38 31 0 0 0 0 0 3 0 0 0 0 0 0 0 0 1 1 0 0 0 0 0 17 1 0 0 3 1 0 
65 55 0 0 0 3 0 2 0 0 0 0 0 0 0 0 1 1 0 0 0 0 0 16 2 0 4 3 1 0 
