https://pbs.org/wnet/americanmasters/episodes/bob-newhart/interview-with-bob-newhart/670/
benign
10 9
4 3
4 5
4 6
4 2
4 7
4 1
4 8
4 0
4 9
45 37 0 0 0 0 0 1 0 0 0 0 0 0 0 0 1 1 0 0 0 0 0 7 4 0 0 3 1 0 
45 37 0 0 0 0 0 1 0 0 0 0 0 0 0 0 1 1 0 0 0 0 0 7 4 0 0 3 1 0 
47 38 0 0 0 0 0 2 0 0 0 0 0 0 0 1 1 1 0 0 0 0 0 11 4 0 0 3 1 0 
50 41 0 0 0 0 0 2 0 0 0 0 0 0 0 1 1 1 0 0 0 0 0 11 4 0 0 3 1 0 
89 71 3 0 0 4 0 1 0 0 0 0 0 0 0 0 1 1 0 0 0 0 0 7 7 0 12 3 1 0 
42 34 0 0 0 0 0 1 0 0 0 0 0 0 0 0 1 1 0 0 0 0 0 7 4 0 0 3 1 0 
48 39 0 0 0 0 0 2 0 0 0 0 0 0 0 1 1 1 0 0 0 0 0 11 4 0 0 3 1 0 
41 33 0 0 0 0 0 2 0 0 0 0 0 0 0 1 1 1 0 0 0 0 0 11 3 0 0 3 1 0 
48 39 0 0 0 0 0 2 0 0 0 0 0 0 0 1 1 1 0 0 0 0 0 11 4 0 0 3 1 0 
45 37 0 0 0 0 0 1 0 0 0 0 0 0 0 0 1 1 0 0 0 0 0 7 4 0 0 3 1 0 
