https://yelp.com/biz/angry-chair-the-wethersfield
benign
10 9
5 7
5 2
5 9
5 3
5 0
5 8
5 1
5 6
5 4
56 46 2 0 0 1 0 1 0 0 0 0 0 0 0 0 1 1 0 0 0 0 0 8 3 0 0 3 1 0 
23 18 0 0 0 0 0 1 0 0 0 0 0 0 0 0 1 1 0 0 0 0 0 8 1 0 0 3 1 0 
17 12 0 0 0 0 0 1 0 0 0 0 0 0 0 0 1 1 0 0 0 0 0 8 1 0 0 3 1 0 
50 40 2 0 0 1 0 1 0 0 0 0 0 0 0 0 1 1 0 0 0 0 0 8 2 0 0 3 1 0 
22 17 0 0 0 0 0 1 0 0 0 0 0 0 0 0 1 1 0 0 1 0 0 8 1 0 0 3 1 0 
49 40 0 0 0 3 0 1 0 0 0 0 0 0 0 0 1 1 0 0 0 0 0 8 2 0 24 3 1 0 
29 23 0 0 0 0 0 1 0 0 0 0 0 0 0 0 1 1 0 0 0 0 0 8 1 0 0 3 1 0 
23 18 0 0 0 0 0 1 0 0 0 0 0 0 0 0 1 1 0 0 0 0 0 8 1 0 0 3 1 0 
62 50 2 0 0 1 0 1 0 0 0 0 0 0 0 0 1 1 0 0 0 0 0 8 3 0 0 3 1 0 
29 24 0 0 0 0 0 1 0 0 0 0 0 0 0 0 1 1 0 0 0 0 0 8 1 0 0 3 1 0 
