http://spi-service.com/fahrzeugtransporte.html
defacement
10 9
7 6
7 3
7 1
7 0
7 2
7 8
7 4
7 5
7 9
37 29 0 0 0 1 0 2 0 0 0 0 0 0 0 0 0 1 0 0 1 0 0 15 1 0 0 3 1 0 
35 28 0 0 0 1 0 2 0 0 0 0 0 0 0 0 0 1 0 0 1 0 0 15 1 0 0 3 1 0 
44 37 0 0 0 1 0 2 0 0 0 0 0 0 0 0 0 1 0 0 1 0 0 15 1 0 0 3 1 0 
81 68 0 0 0 1 0 2 0 0 0 0 0 0 0 0 0 1 0 0 1 0 0 15 2 0 0 3 1 0 
66 55 0 0 0 1 0 2 0 0 0 0 0 0 0 0 0 1 0 0 1 0 0 15 1 0 0 3 1 0 
68 57 0 0 0 1 0 2 0 0 0 0 0 0 0 0 0 1 0 0 1 0 0 15 1 0 0 3 1 0 
81 68 0 0 0 1 0 2 0 0 0 0 0 0 0 0 0 1 0 0 1 0 0 15 2 0 0 3 1 0 
46 39 0 0 0 1 0 2 0 0 0 0 0 0 0 0 0 1 0 0 1 0 0 15 1 0 10 3 1 0 
41 34 0 0 0 1 0 2 0 0 0 0 0 0 0 0 0 1 0 0 1 0 0 15 1 0 0 3 1 0 
51 41 0 0 0 1 0 2 0 0 0 0 0 0 0 0 0 1 0 0 1 0 0 15 2 0 0 3 1 0 
