https://az-yoga.com/.www3.paypal.com.int/index_US.php
benign
10 9
5 6
5 8
5 9
5 4
5 2
5 1
5 3
5 0
7 5
46 38 0 0 0 1 0 2 0 0 0 0 0 0 0 1 1 1 0 0 0 0 0 17 2 0 0 3 1 0 
35 29 0 0 0 0 0 2 0 0 0 0 0 0 0 0 1 1 0 0 0 0 0 19 1 0 6 3 1 0 
54 45 0 0 0 2 0 2 0 0 0 0 0 0 0 1 1 1 0 0 0 0 0 17 2 0 0 3 1 0 
54 44 0 0 0 3 0 2 0 0 0 0 0 0 0 1 1 1 0 0 1 0 0 17 2 0 0 3 1 0 
64 56 0 0 0 0 0 2 0 0 0 0 0 0 0 0 1 1 0 0 0 0 0 27 2 0 0 2 1 0 
30 25 0 0 0 0 0 2 0 0 0 0 0 0 0 0 1 1 0 0 0 0 0 22 0 0 20 3 1 0 
33 27 0 0 0 0 0 2 0 0 0 0 0 0 0 0 1 1 0 0 0 0 0 19 1 0 3 3 1 0 
53 39 1 0 0 1 0 6 0 0 0 0 0 0 0 1 1 1 0 0 0 0 0 11 2 0 1 3 1 0 
28 22 0 0 0 0 0 2 0 0 0 0 0 0 0 1 1 1 0 0 0 0 0 19 1 0 0 3 1 0 
35 29 0 0 0 0 0 2 0 0 0 0 0 0 0 1 1 1 0 0 0 0 0 19 1 0 0 3 1 0 
