http://www.zruby.sk/index.php/naa-ponuka-vyroba-mainmenu-67/rezivo-mainmenu-69
defacement
10 9
5 3
5 9
5 4
5 1
5 0
5 6
5 2
5 7
5 8
20 14 0 0 0 0 0 2 0 0 0 0 0 0 0 1 0 1 0 0 0 0 0 12 1 0 0 2 1 0 
35 28 0 0 0 1 0 2 0 0 0 0 0 0 0 1 0 1 0 0 0 0 0 12 1 0 0 2 1 0 
32 26 0 0 0 0 0 2 0 0 0 0 0 0 0 1 0 1 0 0 0 0 0 22 1 0 0 2 1 0 
56 46 3 0 0 0 0 2 0 0 0 0 0 0 0 1 1 1 0 0 0 0 0 15 2 0 0 3 1 0 
36 29 0 0 0 0 0 2 0 0 0 0 0 0 0 1 1 1 0 0 0 0 0 16 2 0 0 3 1 0 
78 59 4 0 0 6 0 3 0 0 0 0 0 0 0 1 0 1 0 0 0 0 0 12 3 0 9 2 1 0 
38 30 0 0 0 0 0 2 0 0 0 0 0 0 0 1 1 1 0 0 0 0 0 17 2 0 0 3 1 0 
21 15 0 0 0 0 0 2 0 0 0 0 0 0 0 1 1 1 0 0 0 0 0 12 1 0 0 2 1 0 
32 26 0 0 0 0 0 2 0 0 0 0 0 0 0 1 0 1 0 0 0 0 0 22 1 0 0 2 1 0 
29 23 0 0 0 0 0 2 0 0 0 0 0 0 0 1 1 1 0 0 0 0 0 20 1 0 0 2 1 0 
