https://people.famouswhy.com/pierre_trudeau/
benign
10 9
8 3
8 4
8 6
8 7
8 0
8 5
8 9
8 1
8 2
29 24 0 0 0 0 0 2 0 0 0 0 0 0 0 0 0 1 0 0 0 0 0 22 0 0 0 3 1 0 
24 19 0 0 0 0 0 2 0 0 0 0 0 0 0 1 0 1 0 0 0 0 0 17 0 0 0 3 1 0 
30 24 0 0 0 0 0 2 0 0 0 0 0 0 0 0 0 1 0 0 0 0 0 19 1 0 0 3 1 0 
29 24 0 0 0 0 0 2 0 0 0 0 0 0 0 0 0 1 0 0 0 0 0 22 0 0 0 3 1 0 
19 15 0 0 0 0 0 1 0 0 0 0 0 0 0 0 0 1 0 0 0 0 0 12 0 0 0 2 1 0 
28 23 0 0 0 0 0 2 0 0 0 0 0 0 0 0 0 1 0 0 0 0 0 21 0 0 0 3 1 0 
27 22 0 0 0 0 0 2 0 0 0 0 0 0 0 0 0 1 0 0 0 0 0 20 0 0 0 3 1 0 
24 19 0 0 0 0 0 2 0 0 0 0 0 0 0 0 0 1 0 0 0 0 0 17 0 0 0 3 1 0 
44 36 0 0 0 0 0 2 0 0 0 0 0 0 0 0 1 1 0 0 0 0 0 20 2 0 12 3 1 0 
24 19 0 0 0 0 0 2 0 0 0 0 0 0 0 0 0 1 0 0 0 0 0 17 0 0 0 3 1 0 
