https://slashfilm.com/movie-trailer-park-chan-wooks-thirst/
benign
10 9
2 7
2 1
2 5
2 0
2 8
2 4
2 6
2 9
2 3
42 34 0 0 0 1 0 1 0 0 0 0 0 0 0 0 1 1 0 0 0 0 0 13 3 0 0 3 1 0 
39 32 0 0 0 0 0 1 0 0 0 0 0 0 0 0 1 1 0 0 0 0 0 13 3 0 0 3 1 0 
59 48 0 0 0 5 0 1 0 0 0 0 0 0 0 0 1 1 0 0 0 0 0 13 2 0 10 3 1 0 
38 31 0 0 0 0 0 1 0 0 0 0 0 0 0 0 1 1 0 0 0 0 0 13 3 0 0 3 1 0 
36 29 0 0 0 0 0 1 0 0 0 0 0 0 0 0 1 1 0 0 0 0 0 13 3 0 0 3 1 0 
40 33 0 0 0 0 0 1 0 0 0 0 0 0 0 0 1 1 0 0 0 0 0 13 3 0 0 3 1 0 
22 17 0 0 0 0 0 1 0 0 0 0 0 0 0 0 1 1 0 0 0 0 0 13 1 0 0 3 1 0 
42 35 0 0 0 0 0 1 0 0 0 0 0 0 0 0 1 1 0 0 0 0 0 13 3 0 0 3 1 0 
42 35 0 0 0 0 0 1 0 0 0 0 0 0 0 0 1 1 0 0 0 0 0 13 3 0 0 3 1 0 
40 33 0 0 0 0 0 1 0 0 0 0 0 0 0 0 1 1 0 0 0 0 0 13 3 0 0 3 1 0 
