https://fondationchagnon.org/en/index.aspx
benign
10 9
0 9
0 4
0 3
0 1
0 6
0 7
0 5
0 2
0 8
42 35 0 0 0 0 0 2 0 0 0 0 0 0 0 0 1 1 0 0 0 0 0 20 2 0 13 3 1 0 
65 55 0 0 0 2 0 1 0 0 0 0 0 0 0 0 1 1 0 0 0 0 0 20 4 0 0 3 1 0 
56 47 0 0 0 1 0 1 0 0 0 0 0 0 0 0 1 1 0 0 0 0 0 20 4 0 0 3 1 0 
73 61 0 0 0 4 0 1 0 0 0 0 0 0 0 0 1 1 0 0 0 0 0 20 4 0 0 3 1 0 
44 37 0 0 0 0 0 2 0 0 0 0 0 0 0 1 0 1 0 0 0 0 0 15 2 0 0 3 1 0 
29 24 0 0 0 0 0 1 0 0 0 0 0 0 0 0 1 1 0 0 0 0 0 20 1 0 0 3 1 0 
55 46 0 0 0 1 0 1 0 0 0 0 0 0 0 0 1 1 0 0 0 0 0 20 4 0 0 3 1 0 
58 49 0 0 0 1 0 1 0 0 0 0 0 0 0 0 1 1 0 0 0 0 0 20 4 0 0 3 1 0 
31 26 0 0 0 0 0 1 0 0 0 0 0 0 0 0 1 1 0 0 0 0 0 11 1 0 0 3 1 0 
41 26 8 0 0 0 0 2 0 0 0 0 0 0 0 1 1 1 0 0 0 0 0 16 2 0 0 3 1 0 
