http://www.hubbards.com.au/search.htm?searchphrase=exact&searchword=information
defacement
10 9
3 7
3 0
3 8
3 2
7 5
7 9
7 4
7 6
7 1
39 31 0 0 0 1 0 2 0 0 0 0 0 0 0 0 1 1 0 0 0 0 0 15 2 0 0 6 1 0 
30 24 0 0 0 0 0 1 0 0 0 0 0 0 0 0 1 1 0 0 0 0 0 13 2 0 0 3 1 0 
38 30 0 0 0 1 0 2 0 0 0 0 0 0 0 0 1 1 0 0 0 0 0 15 2 0 0 6 1 0 
79 67 0 0 1 0 2 4 0 0 0 0 0 0 0 1 0 1 0 0 0 0 0 19 1 0 4 6 1 0 
29 23 0 0 0 0 0 1 0 0 0 0 0 0 0 0 1 1 0 0 0 0 0 13 2 0 0 3 1 0 
27 21 0 0 0 0 0 1 0 0 0 0 0 0 0 0 1 1 0 0 0 0 0 13 2 0 0 3 1 0 
31 25 0 0 0 0 0 1 0 0 0 0 0 0 0 0 1 1 0 0 0 0 0 13 2 0 0 3 1 0 
22 17 0 0 0 0 0 1 0 0 0 0 0 0 0 0 1 1 0 0 0 0 0 13 1 0 3 3 1 0 
24 18 0 0 0 0 0 2 0 0 0 0 0 0 0 0 1 1 0 0 0 0 0 15 1 0 0 6 1 0 
31 25 0 0 0 0 0 1 0 0 0 0 0 0 0 0 1 1 0 0 0 0 0 13 2 0 0 3 1 0 
