https://news.cnet.com/2100-1017-237759.html
phishing
10 9
5 3
5 0
5 4
5 6
5 8
5 2
5 7
5 9
5 1
67 54 0 0 0 4 0 2 0 0 0 0 0 0 0 0 1 1 0 0 0 0 1 13 4 0 0 3 1 0 
50 39 0 0 0 3 0 2 0 0 0 0 0 0 0 0 1 1 0 0 0 0 1 13 3 0 0 3 1 0 
96 77 0 0 0 10 0 2 0 0 0 0 0 0 0 0 1 1 0 0 1 0 1 13 4 0 0 3 1 0 
69 56 0 0 0 4 0 2 0 0 0 0 0 0 0 0 1 1 0 0 0 0 1 13 4 0 0 3 1 0 
108 87 0 0 0 12 0 2 0 0 0 0 0 0 0 0 1 1 0 0 1 0 1 13 4 0 0 3 1 0 
43 20 14 0 0 2 0 3 0 0 0 0 0 0 0 0 1 1 0 0 0 0 1 13 1 0 11 3 1 0 
22 16 0 0 0 0 0 2 0 0 0 0 0 0 0 0 1 1 0 0 0 0 1 13 1 0 0 3 1 0 
80 67 0 0 0 4 0 2 0 0 0 0 0 0 0 0 1 1 0 0 0 0 1 13 4 0 0 3 1 0 
68 54 1 0 0 4 0 2 0 0 0 0 0 0 0 0 1 1 0 0 0 0 1 13 4 0 0 3 1 0 
115 93 0 0 0 12 0 2 0 0 0 0 0 0 0 0 1 1 0 0 0 0 1 13 5 0 0 3 1 0 
