https://kids-crafts.blogspot.com/2007/04/cool-paper-airplane-facts.html
benign
10 9
0 6
0 5
0 1
0 7
0 2
0 9
0 4
0 8
0 3
71 52 6 0 0 4 0 3 0 0 0 0 0 0 0 0 1 1 0 0 0 0 1 24 3 0 24 12 1 0 
60 49 0 0 0 4 0 3 0 0 0 0 0 0 0 1 0 1 0 0 0 0 0 28 1 0 0 3 1 0 
35 27 0 0 0 1 0 3 0 0 0 0 0 0 0 1 1 1 0 0 0 0 0 15 1 0 0 3 1 0 
36 28 0 0 0 1 0 3 0 0 0 0 0 0 0 1 1 1 0 0 0 0 0 15 1 0 0 3 1 0 
46 37 0 0 0 0 0 3 0 0 0 0 0 0 0 1 0 1 0 0 0 0 0 14 2 0 0 3 1 0 
40 32 0 0 0 1 0 3 0 0 0 0 0 0 0 1 1 1 0 0 0 0 0 15 1 0 0 3 1 0 
63 51 2 0 0 1 0 2 0 1 0 0 0 0 0 0 1 1 0 0 0 0 1 24 3 0 0 12 1 0 
55 44 0 0 0 0 0 3 0 0 0 0 0 0 0 1 0 1 0 0 0 0 0 14 2 0 0 3 1 0 
35 28 0 0 0 2 0 2 0 0 0 0 0 0 0 1 0 1 0 0 0 0 0 28 0 0 0 3 1 0 
70 51 6 0 0 4 0 3 0 0 0 0 0 0 0 0 0 1 0 0 0 0 1 24 3 0 0 12 1 0 
