https://www.google.com/url?q=https://rodriguesdemelo.adv.br/cli/aut/index.php?email%3D25&amp;source=gmail&amp;ust=1542750734646000&amp;usg=AFQjCNFkEg5_ic5zp-sXRkKZ1Wr8G97BAQ
phishing
10 9
4 9
4 1
4 3
4 6
4 0
4 7
5 8
5 2
8 4
34 26 0 0 0 0 0 2 0 0 0 0 0 0 0 0 1 1 0 0 0 0 0 15 2 0 0 3 1 0 
27 21 0 0 0 0 0 2 0 0 0 0 0 0 0 0 1 1 0 0 0 0 0 16 1 0 0 3 1 0 
48 39 0 0 0 0 0 3 0 0 0 0 0 0 0 0 1 1 0 0 0 0 0 22 3 0 0 6 1 0 
40 34 0 0 0 0 0 2 0 0 0 0 0 0 0 0 1 1 0 0 1 0 0 19 1 0 1 3 1 0 
23 17 0 0 0 0 0 2 0 0 0 0 0 0 0 1 1 1 0 0 0 0 0 14 1 0 6 3 1 0 
173 118 25 0 2 1 4 5 0 1 0 0 0 0 0 1 2 2 0 0 0 0 0 14 1 0 2 3 1 0 
28 22 0 0 0 0 0 2 0 0 0 0 0 0 0 1 1 1 0 0 0 0 0 14 1 0 0 3 1 0 
21 16 0 0 0 0 0 1 0 0 0 0 0 0 0 0 1 1 0 0 0 0 0 12 1 0 0 6 1 0 
26 20 0 0 0 0 0 2 0 0 0 0 0 0 0 1 1 1 0 0 0 0 0 14 1 0 1 3 1 0 
45 36 0 0 0 0 0 2 0 0 0 0 0 0 0 1 1 1 0 0 0 0 0 14 4 0 0 3 1 0 
