https://mylocalfoodie.com.au/wp-content/cjayq/cjcrypt.exe
malware
10 9
3 0
3 2
3 4
3 9
3 1
3 5
3 6
3 7
3 8
40 32 0 0 0 0 0 2 0 0 0 0 0 0 0 0 1 1 0 0 0 0 0 20 2 0 0 6 1 0 
48 40 0 0 0 0 0 2 0 0 0 0 0 0 0 0 1 1 0 0 0 0 0 20 2 0 0 6 1 0 
34 27 0 0 0 0 0 2 0 0 0 0 0 0 0 0 1 1 0 0 0 0 0 20 2 0 0 6 1 0 
57 47 0 0 0 1 0 3 0 0 0 0 0 0 0 0 1 1 0 0 0 0 0 20 3 0 10 6 1 0 
28 23 0 0 0 0 0 2 0 0 0 0 0 0 0 0 1 1 0 0 0 0 0 20 0 0 0 6 1 0 
38 31 0 0 0 0 0 2 0 0 0 0 0 0 0 0 1 1 0 0 0 0 0 20 2 0 0 6 1 0 
34 27 0 0 0 0 0 2 0 0 0 0 0 0 0 0 1 1 0 0 0 0 0 20 2 0 0 6 1 0 
41 33 0 0 0 0 0 2 0 0 0 0 0 0 0 0 1 1 0 0 0 0 0 20 2 0 0 6 1 0 
42 34 0 0 0 0 0 3 0 0 0 0 0 0 0 1 1 1 0 0 0 0 0 24 2 0 0 6 1 0 
35 28 0 0 0 0 0 2 0 0 0 0 0 0 0 0 1 1 0 0 0 0 0 20 2 0 0 6 1 0 
