http://web.de/magazine/sport/fussball/champions-league/fc-bayern-muenchen-fc-barcelona/champions-league-fc-bayern-muenchen-fc-barcelona-marc-andre-ter-stegen-30636650
benign
10 9
0 8
0 2
0 4
0 7
0 9
0 3
0 5
0 1
0 6
166 132 8 0 0 16 0 1 0 0 0 0 0 0 0 0 0 1 0 0 0 0 0 6 6 0 10 2 1 0 
27 21 0 0 0 0 0 1 0 0 0 0 0 0 0 0 1 1 0 0 0 0 0 6 2 0 0 2 1 0 
54 44 0 0 0 2 0 1 0 0 0 0 0 0 0 0 1 1 0 0 0 0 0 6 4 0 0 2 1 0 
30 23 0 0 0 0 0 1 0 0 0 0 0 0 0 0 1 1 0 0 0 0 0 6 3 0 0 2 1 0 
21 15 0 0 0 0 0 1 0 0 0 0 0 0 0 0 1 1 0 0 0 0 0 6 2 0 0 2 1 0 
24 18 0 0 0 0 0 1 0 0 0 0 0 0 0 0 1 1 0 0 0 0 0 6 2 0 0 2 1 0 
25 19 0 0 0 0 0 1 0 0 0 0 0 0 0 0 1 1 0 0 0 0 0 6 2 0 0 2 1 0 
34 29 0 0 0 0 0 1 0 0 0 0 0 0 0 0 1 1 0 0 0 0 0 6 1 0 0 2 1 0 
15 10 0 0 0 0 0 1 0 0 0 0 0 0 0 0 1 1 0 0 0 0 0 6 1 0 0 2 1 0 
29 23 0 0 0 0 0 2 0 0 0 0 0 0 0 0 1 1 0 0 0 0 0 20 1 0 0 2 1 0 
