https://www.mrwolfkids.com.au/www.paypal.com.webscrlcmdl.login.submit.dispatch.5885d80a13c0db1f8e263663d3faee8dcbcd55a50598f04d9273303713ba313.5885d80a13c0db1f8e263663d3f.aee811d01j111yh0111isl153364wxeexfo100011s/8499d68a401811196e06a1709620cf5a/
benign
10 9
6 2
6 9
6 3
6 5
6 8
6 4
6 0
6 1
6 7
55 46 0 0 0 1 0 3 0 0 0 0 0 0 0 1 1 1 0 0 0 0 0 21 2 0 0 6 1 0 
57 48 0 0 0 1 0 3 0 0 0 0 0 0 0 1 1 1 0 0 0 0 0 21 2 0 0 6 1 0 
47 39 0 0 0 0 0 3 0 0 0 0 0 0 0 1 1 1 0 0 0 0 0 21 2 0 0 6 1 0 
55 46 0 0 0 1 0 3 0 0 0 0 0 0 0 1 1 1 0 0 0 0 0 21 2 0 0 6 1 0 
54 45 0 0 0 1 0 3 0 0 0 0 0 0 0 1 1 1 0 0 0 0 0 21 2 0 0 6 1 0 
47 39 0 0 0 0 0 3 0 0 0 0 0 0 0 1 1 1 0 0 0 0 0 21 2 0 0 6 1 0 
247 121 108 0 0 0 0 12 0 0 0 0 0 0 0 2 1 1 0 0 1 0 0 21 3 0 10 6 1 0 
48 40 0 0 0 0 0 3 0 0 0 0 0 0 0 1 1 1 0 0 0 0 0 21 2 0 0 6 1 0 
52 43 0 0 0 1 0 3 0 0 0 0 0 0 0 1 1 1 0 0 0 0 0 21 2 0 0 6 1 0 
50 42 0 0 0 0 0 3 0 0 0 0 0 0 0 1 1 1 0 0 0 0 0 21 2 0 0 6 1 0 
