https://spine-health.com/forum/back-surgery-and-neck-surgery/back-2-life-machine
benign
10 9
1 0
1 5
1 7
1 9
1 3
1 8
1 2
1 6
1 4
25 19 0 0 0 1 0 1 0 0 0 0 0 0 0 0 1 1 0 0 0 0 0 16 1 0 0 3 1 0 
80 64 1 0 0 8 0 1 0 0 0 0 0 0 0 0 1 1 0 0 0 0 0 16 3 0 9 3 1 0 
61 52 0 0 0 3 0 1 0 0 0 0 0 0 0 0 1 1 0 0 0 0 0 16 2 0 0 3 1 0 
45 38 0 0 0 1 0 1 0 0 0 0 0 0 0 0 1 1 0 0 0 0 0 16 2 0 0 3 1 0 
39 32 0 0 0 0 0 2 0 0 0 0 0 0 0 1 1 1 0 0 0 0 0 15 2 0 0 3 1 0 
50 42 0 0 0 2 0 1 0 0 0 0 0 0 0 0 1 1 0 0 0 0 0 16 2 0 0 3 1 0 
35 29 0 0 0 1 0 1 0 0 0 0 0 0 0 0 1 1 0 0 0 0 0 16 1 0 0 3 1 0 
36 30 0 0 0 0 0 2 0 0 0 0 0 0 0 1 1 1 0 0 0 0 0 16 1 0 0 3 1 0 
41 35 0 0 0 0 0 2 0 0 0 0 0 0 0 1 1 1 0 0 0 0 1 17 1 0 0 3 1 0 
48 40 0 0 0 2 0 1 0 0 0 0 0 0 0 0 1 1 0 0 0 0 0 16 2 0 0 3 1 0 
