https://thebaseballcube.com/draft/teamsdraftyear.asp?RD=/kansas-city-royals-2007.shtml
benign
10 9
6 5
6 3
6 7
6 4
6 9
6 0
6 2
6 1
6 8
52 43 0 0 0 0 0 2 0 0 0 0 0 0 0 1 1 1 0 0 0 0 0 23 4 0 0 3 1 0 
48 40 0 0 0 0 0 2 0 0 0 0 0 0 0 1 1 1 0 0 0 0 0 23 3 0 0 3 1 0 
54 45 0 0 0 0 0 2 0 0 0 0 0 0 0 1 1 1 0 0 0 0 0 23 3 0 0 3 1 0 
40 33 0 0 0 0 0 3 0 0 0 0 0 0 0 1 1 1 0 0 0 0 0 23 1 0 0 3 1 0 
51 43 0 0 0 0 0 2 0 0 0 0 0 0 0 1 1 1 0 0 0 0 0 23 3 0 0 3 1 0 
46 38 0 0 0 0 0 2 0 0 0 0 0 0 0 1 1 1 0 0 0 0 0 23 3 0 0 3 1 0 
86 68 4 0 1 3 1 3 0 0 0 0 0 0 0 0 1 1 0 0 0 0 0 19 2 0 13 3 1 0 
47 40 0 0 0 0 0 1 0 0 0 0 0 0 0 0 1 1 0 0 0 0 0 19 3 0 0 3 1 0 
52 45 0 0 0 0 0 2 0 0 0 0 0 0 0 0 1 1 0 0 0 0 0 19 2 0 0 3 1 0 
31 26 0 0 0 0 0 2 0 0 0 0 0 0 0 1 1 1 0 0 0 0 0 23 0 0 0 3 1 0 
