https://support.microsoft.com/kb/q182615/
phishing
10 9
8 6
8 0
8 7
8 5
8 1
8 9
8 2
8 3
8 4
39 29 3 0 0 1 0 2 0 0 0 0 0 0 0 1 1 1 0 0 0 0 1 17 1 0 0 3 1 0 
20 14 1 0 0 0 0 0 0 0 0 0 0 0 0 0 0 0 0 0 0 0 0 7 0 0 0 0 0 0 
25 20 0 0 0 0 0 2 0 0 0 0 0 0 0 1 1 1 0 0 0 0 1 17 0 0 0 3 1 0 
39 31 0 0 0 1 0 2 0 0 0 0 0 0 0 1 1 1 0 0 0 0 1 17 2 0 0 3 1 0 
33 27 0 0 0 0 0 2 0 0 0 0 0 0 0 1 1 1 0 0 0 0 1 17 1 0 0 3 1 0 
36 28 0 0 0 1 0 2 0 0 0 0 0 0 0 0 1 1 0 0 0 0 1 21 2 0 0 3 1 0 
56 44 3 0 0 2 0 2 0 0 0 0 0 0 0 1 1 1 0 0 0 0 1 17 2 0 0 3 1 0 
21 15 0 0 0 0 0 2 0 0 0 0 0 0 0 1 1 1 0 0 0 0 1 12 1 0 0 3 1 0 
41 27 6 0 0 0 0 2 0 0 0 0 0 0 0 0 1 1 0 0 0 0 1 21 3 0 10 3 1 0 
44 34 0 0 0 1 0 2 0 0 0 0 0 0 0 1 1 1 0 0 0 0 1 17 4 0 0 3 1 0 
