https://movie-list.com/trailers.php?id=chroniclesofnarnia3
benign
10 9
6 3
6 7
6 1
6 2
6 4
6 8
6 5
6 9
6 0
32 25 0 0 0 1 0 2 0 0 0 0 0 0 0 0 1 1 0 0 0 0 1 14 1 0 0 3 1 0 
35 28 0 0 0 1 0 2 0 0 0 0 0 0 0 0 1 1 0 0 0 0 1 14 1 0 0 3 1 0 
37 30 0 0 0 1 0 2 0 0 0 0 0 0 0 0 1 1 0 0 0 0 1 14 1 0 0 3 1 0 
33 26 0 0 0 1 0 2 0 0 0 0 0 0 0 0 1 1 0 0 0 0 1 14 1 0 0 3 1 0 
32 25 0 0 0 1 0 2 0 0 0 0 0 0 0 0 1 1 0 0 0 0 1 14 1 0 0 3 1 0 
34 27 0 0 0 1 0 2 0 0 0 0 0 0 0 0 1 1 0 0 0 0 1 14 1 0 0 3 1 0 
58 48 1 0 1 1 1 2 0 0 0 0 0 0 0 0 1 1 0 0 0 0 1 14 1 0 9 3 1 0 
35 28 0 0 0 1 0 2 0 0 0 0 0 0 0 0 1 1 0 0 0 0 1 14 1 0 0 3 1 0 
28 21 0 0 0 1 0 1 0 0 0 0 0 0 0 0 1 1 0 0 0 0 1 14 2 0 0 3 1 0 
37 30 0 0 0 1 0 2 0 0 0 0 0 0 0 0 1 1 0 0 0 0 1 14 1 0 0 3 1 0 
