https://www.cs.le.ac.uk/people/te17/WAOA2005/
phishing
10 9
9 7
9 5
9 1
9 4
9 0
9 2
9 8
9 3
9 6
43 24 10 0 0 3 0 2 0 0 0 0 0 0 0 1 0 1 0 0 0 0 0 22 1 0 0 3 1 0 
39 22 8 0 0 0 0 3 0 0 0 0 0 0 0 1 0 1 0 0 0 0 0 13 3 0 0 2 1 0 
45 36 0 0 0 0 0 3 0 0 0 0 0 0 0 1 0 1 0 0 0 0 0 15 3 0 0 2 1 0 
57 39 6 0 0 0 0 5 0 0 0 0 0 0 0 1 1 1 0 0 0 0 0 15 4 0 0 5 1 0 
31 20 2 0 0 0 0 3 0 0 0 0 0 0 0 1 0 1 0 0 0 0 0 15 2 0 0 3 1 0 
41 29 4 0 0 0 0 2 0 0 0 0 0 0 0 1 0 1 0 0 0 0 0 17 3 0 0 3 1 0 
67 53 2 0 0 1 0 4 0 0 0 0 0 0 0 1 0 1 0 0 0 0 0 26 4 0 0 2 1 0 
35 28 0 0 0 0 0 2 0 0 0 0 0 0 0 1 0 1 0 0 0 0 0 22 2 0 0 3 1 0 
58 40 6 0 0 0 0 5 0 0 0 0 0 0 0 1 1 1 0 0 0 0 0 15 4 0 0 5 1 0 
45 28 6 0 0 0 0 4 0 0 0 0 0 0 0 1 1 1 0 0 0 0 0 15 4 0 10 5 1 0 
