https://bklyn-genealogy-info.com/Birth/1902/f.html
benign
10 9
1 4
1 7
1 8
1 2
1 9
1 5
1 3
1 6
4 0
27 20 0 0 0 0 0 2 0 0 0 0 0 0 0 1 1 1 0 0 0 0 0 13 2 0 0 3 1 0 
50 36 4 0 0 2 0 2 0 0 0 0 0 0 0 0 1 1 0 0 0 0 0 24 3 0 16 3 1 0 
39 31 0 0 0 1 0 2 0 0 0 0 0 0 0 1 1 1 0 0 0 0 0 13 2 0 0 3 1 0 
55 44 0 0 0 2 0 3 0 0 0 0 0 0 0 1 1 1 0 0 0 0 0 13 3 0 0 3 1 0 
22 16 0 0 0 0 0 2 0 0 0 0 0 0 0 1 1 1 0 0 0 0 0 13 1 0 2 3 1 0 
27 20 0 0 0 0 0 2 0 0 0 0 0 0 0 1 1 1 0 0 0 0 0 13 2 0 0 3 1 0 
49 40 0 0 0 2 0 2 0 0 0 0 0 0 0 1 1 1 0 0 0 0 0 13 2 0 0 3 1 0 
42 33 0 0 0 2 0 2 0 0 0 0 0 0 0 1 1 1 0 0 0 0 0 13 2 0 0 3 1 0 
50 41 0 0 0 2 0 2 0 0 0 0 0 0 0 1 1 1 0 0 0 0 1 20 2 0 0 3 1 0 
30 23 0 0 0 0 0 2 0 0 0 0 0 0 0 1 1 1 0 0 0 0 0 13 2 0 0 3 1 0 
