https://familypedia.wikia.com/wiki/Familypedia:List_of_Non-SMW_articles
benign
10 9
0 7
0 3
0 4
0 5
0 6
0 1
0 8
0 9
0 2
71 59 0 0 0 1 0 2 0 0 0 0 0 0 0 0 1 1 0 0 0 0 0 21 2 0 10 3 1 0 
49 41 0 0 0 0 0 2 0 0 0 0 0 0 0 0 1 1 0 0 0 0 0 22 2 0 0 3 1 0 
52 44 0 0 0 0 0 2 0 0 0 0 0 0 0 0 1 1 0 0 0 0 0 22 2 0 0 3 1 0 
55 46 0 0 0 0 0 2 0 0 0 0 0 0 0 0 1 1 0 0 0 0 0 22 3 0 0 3 1 0 
47 39 0 0 0 0 0 2 0 0 0 0 0 0 0 0 1 1 0 0 0 0 0 21 1 0 0 3 1 0 
69 58 0 0 0 0 0 2 0 0 0 0 0 0 0 0 1 1 0 0 0 0 0 22 2 0 0 3 1 0 
30 25 0 0 0 0 0 2 0 0 0 0 0 0 0 0 1 1 0 0 0 0 0 22 0 0 0 3 1 0 
51 43 0 0 0 0 0 2 0 0 0 0 0 0 0 0 1 1 0 0 0 0 0 22 2 0 0 3 1 0 
47 39 0 0 0 0 0 2 0 0 0 0 0 0 0 0 1 1 0 0 0 0 0 22 2 0 0 3 1 0 
53 45 0 0 0 0 0 2 0 0 0 0 0 0 0 0 1 1 0 0 0 0 0 22 2 0 0 3 1 0 
