https://peteranthonyholder.com/cjad30.htm
benign
10 9
5 8
5 6
5 7
7 9
7 4
7 1
7 2
7 0
7 3
41 33 2 0 0 0 0 2 0 0 0 0 0 0 0 0 1 1 0 0 0 0 0 22 1 0 0 3 1 0 
43 37 0 0 0 0 0 2 0 0 0 0 0 0 0 0 1 1 0 0 0 0 0 22 1 0 0 3 1 0 
41 33 2 0 0 0 0 2 0 0 0 0 0 0 0 0 1 1 0 0 0 0 0 22 1 0 0 3 1 0 
41 33 2 0 0 0 0 2 0 0 0 0 0 0 0 0 1 1 0 0 0 0 0 22 1 0 0 3 1 0 
41 33 2 0 0 0 0 2 0 0 0 0 0 0 0 0 1 1 0 0 0 0 0 22 1 0 0 3 1 0 
41 33 2 0 0 0 0 2 0 0 0 0 0 0 0 0 1 1 0 0 0 0 0 22 1 0 3 3 1 0 
41 35 0 0 0 0 0 2 0 0 0 0 0 0 0 0 1 1 0 0 0 0 0 22 1 0 0 3 1 0 
43 37 0 0 0 0 0 2 0 0 0 0 0 0 0 0 1 1 0 0 0 0 0 22 1 0 8 3 1 0 
37 32 0 1 0 0 0 1 0 0 0 0 0 0 0 0 0 0 0 0 0 0 0 28 0 0 0 3 1 0 
41 33 2 0 0 0 0 2 0 0 0 0 0 0 0 0 1 1 0 0 0 0 0 22 1 0 0 3 1 0 
