http://www.evasteinberger.at/de/berichte-2012/97-uniga-ladies-open.html?tmpl=component&print=1&layout=default&page=
defacement
10 9
3 0
3 2
3 6
3 9
3 5
3 1
3 8
3 4
7 3
49 40 0 0 0 1 0 3 0 0 0 0 0 0 0 1 0 1 0 0 0 0 0 21 2 0 0 2 1 0 
42 34 0 0 0 0 0 3 0 0 0 0 0 0 0 1 0 1 0 0 0 0 0 21 2 0 0 2 1 0 
45 37 0 0 0 0 0 3 0 0 0 0 0 0 0 1 0 1 0 0 0 0 0 21 2 0 0 2 1 0 
38 31 0 0 0 0 0 3 0 0 0 0 0 0 0 1 0 1 0 0 0 0 0 21 1 0 10 2 1 0 
50 37 4 0 0 1 0 3 0 0 0 0 0 0 0 1 0 1 0 0 0 0 0 21 2 0 0 2 1 0 
29 23 0 0 0 0 0 2 0 0 0 0 0 0 0 1 0 1 0 0 0 0 0 21 1 0 0 2 1 0 
71 52 6 0 0 4 0 3 0 0 0 0 0 0 0 1 0 1 0 0 0 0 0 21 3 0 0 2 1 0 
115 87 7 0 1 4 4 3 0 0 0 0 0 0 0 1 0 1 0 0 0 0 0 21 3 0 1 2 1 0 
44 36 0 0 0 0 0 3 0 0 0 0 0 0 0 1 0 1 0 0 0 0 0 21 2 0 0 2 1 0 
44 36 0 0 0 0 0 3 0 0 0 0 0 0 0 1 0 1 0 0 0 0 0 21 2 0 0 2 1 0 
