https://thefreedictionary.com/mohawk+haircut
benign
10 9
5 3
5 0
5 7
5 4
5 2
5 8
5 9
5 1
5 6
64 56 0 0 0 0 0 3 0 0 0 0 0 0 0 0 1 1 0 0 1 0 0 28 2 0 0 3 1 0 
47 40 0 0 0 0 0 3 0 0 0 0 0 0 0 0 1 1 0 0 1 0 0 28 1 0 0 3 1 0 
65 54 0 0 0 1 0 2 0 0 0 0 0 0 0 0 1 1 0 0 1 0 0 21 4 0 0 3 1 0 
50 39 1 0 0 0 0 3 0 0 0 0 0 0 0 1 1 1 0 0 1 0 0 25 3 0 0 3 1 0 
50 39 1 0 0 0 0 3 0 0 0 0 0 0 0 1 1 1 0 0 1 0 0 25 3 0 0 3 1 0 
44 38 0 0 0 0 0 1 0 0 1 0 0 0 0 0 1 1 0 0 1 0 0 21 1 0 19 3 1 0 
40 33 0 0 0 0 0 3 0 0 0 0 0 0 0 0 0 1 0 0 1 0 0 24 1 0 0 3 1 0 
54 47 0 0 0 0 0 3 0 0 0 0 0 0 0 0 1 1 0 0 1 0 0 28 1 0 0 3 1 0 
33 28 0 0 0 0 0 2 0 0 0 0 0 0 0 1 1 1 0 0 1 0 0 25 0 0 0 3 1 0 
43 35 0 0 0 0 0 2 0 0 0 0 0 0 0 0 1 1 0 0 1 0 0 21 2 0 0 3 1 0 
