https://it.slashdot.org/article.pl?sid=01/12/01/1421201
phishing
10 9
8 6
8 0
8 2
8 5
8 3
8 9
8 1
8 7
8 4
25 20 0 0 0 0 0 1 0 0 0 0 0 0 0 0 1 1 0 0 0 0 0 12 1 0 0 3 1 0 
20 16 0 0 0 0 0 1 0 0 0 0 0 0 0 0 1 1 0 0 0 0 0 12 0 0 0 3 1 0 
29 24 0 0 0 0 0 2 0 0 0 0 0 0 0 1 1 1 0 0 0 0 0 21 0 0 0 3 1 0 
26 21 0 0 0 0 0 1 0 0 0 0 0 0 0 0 1 1 0 0 0 0 0 12 1 0 0 3 1 0 
34 27 0 0 0 0 0 3 0 0 0 0 0 0 0 0 1 1 0 0 0 0 0 15 1 0 0 3 1 0 
28 23 0 0 0 0 0 1 0 0 0 0 0 0 0 0 1 1 0 0 0 0 0 12 1 0 0 3 1 0 
30 24 0 0 0 0 0 1 0 0 0 0 0 0 0 0 1 1 0 0 0 0 0 12 2 0 0 3 1 0 
31 26 0 0 0 0 0 1 0 0 0 0 0 0 0 0 1 1 0 0 0 0 0 12 1 0 0 3 1 0 
55 30 13 0 1 0 1 3 0 0 0 0 0 0 0 0 1 1 0 0 0 0 0 15 1 0 10 3 1 0 
27 22 0 0 0 0 0 1 0 0 0 0 0 0 0 0 1 1 0 0 0 0 0 12 1 0 0 3 1 0 
