https://picasso-spa.kiev.ua//ada.php
benign
10 9
0 1
0 7
0 2
0 3
0 9
0 6
0 8
0 4
0 5
36 27 0 0 0 1 0 3 0 0 0 0 0 0 0 0 1 1 0 0 0 1 0 19 2 0 9 7 1 0 
61 50 0 0 0 3 0 2 0 0 0 0 0 0 0 0 0 1 0 0 0 0 0 19 3 0 0 7 1 0 
56 46 0 0 0 2 0 2 0 0 0 0 0 0 0 0 0 1 0 0 0 0 0 19 3 0 0 7 1 0 
27 20 0 0 0 1 0 2 0 0 0 0 0 0 0 0 0 1 0 0 0 0 0 19 1 0 0 7 1 0 
34 26 0 0 0 1 0 2 0 0 0 0 0 0 0 0 0 1 0 0 0 0 0 19 2 0 0 7 1 0 
46 37 0 0 0 2 0 2 0 0 0 0 0 0 0 0 0 1 0 0 0 0 0 19 2 0 0 7 1 0 
59 49 0 0 0 2 0 2 0 0 0 0 0 0 0 0 0 1 0 0 0 0 0 19 3 0 0 7 1 0 
69 58 0 0 0 3 0 2 0 0 0 0 0 0 0 0 0 1 0 0 0 0 0 19 3 0 0 7 1 0 
33 25 0 0 0 1 0 2 0 0 0 0 0 0 0 0 0 1 0 0 0 0 0 19 2 0 0 7 1 0 
63 53 0 0 0 2 0 2 0 0 0 0 0 0 0 0 0 1 0 0 0 0 0 19 3 0 0 7 1 0 
