https://obscuresound.com/2007/07/making-love-with-the-lovemakers/
benign
10 9
0 6
0 4
0 7
0 9
0 1
0 8
0 5
0 3
0 2
65 47 6 0 0 4 0 1 0 0 0 0 0 0 0 0 1 1 0 0 0 0 0 16 4 0 9 3 1 0 
29 23 0 0 0 0 0 2 0 0 0 0 0 0 0 1 1 1 0 0 0 0 0 20 1 0 0 3 1 0 
49 40 0 0 0 1 0 2 0 0 0 0 0 0 0 1 1 1 0 0 0 0 0 20 3 0 0 3 1 0 
51 42 0 0 0 2 0 1 0 0 0 0 0 0 0 0 1 1 0 0 0 0 0 16 3 0 0 3 1 0 
36 29 0 0 0 0 0 2 0 0 0 0 0 0 0 1 1 1 0 0 0 0 0 20 2 0 0 3 1 0 
32 27 0 0 0 0 0 1 0 0 0 0 0 0 0 0 1 1 0 0 0 0 0 11 1 0 0 3 1 0 
44 36 0 0 0 0 0 2 0 0 0 0 0 0 0 1 1 1 0 0 0 0 0 20 3 0 0 3 1 0 
52 44 0 0 0 0 0 2 0 0 0 0 0 0 0 0 1 1 0 0 0 0 0 16 3 0 0 3 1 0 
38 31 0 0 0 0 0 2 0 0 0 0 0 0 0 1 1 1 0 0 0 0 0 16 2 0 0 3 1 0 
44 37 0 0 0 0 0 2 0 0 0 0 0 0 0 1 1 1 0 0 0 0 0 17 2 0 0 3 1 0 
