http://www.protect-effect.nl/diensten/camerabewaking/82-dagrijverlichting
defacement
10 9
0 6
0 5
0 2
0 8
0 4
0 9
0 3
7 0
7 1
25 19 0 0 0 1 0 1 0 0 0 0 0 0 0 0 0 1 0 0 0 0 0 17 1 0 9 2 1 0 
31 26 0 0 0 0 0 2 0 0 0 0 0 0 0 1 0 1 0 0 0 0 0 24 0 0 0 3 1 0 
36 29 0 0 0 1 0 2 0 0 0 0 0 0 0 0 1 1 0 0 0 0 0 14 1 0 0 2 1 0 
49 39 0 0 0 3 0 2 0 0 0 0 0 0 0 1 0 1 0 0 0 0 0 21 2 0 0 2 1 0 
59 48 0 0 0 3 0 2 0 0 0 0 0 0 0 1 0 1 0 0 0 0 0 21 3 0 0 2 1 0 
59 48 0 0 0 3 0 2 0 0 0 0 0 0 0 1 0 1 0 0 0 0 0 21 3 0 0 2 1 0 
41 33 0 0 0 1 0 2 0 0 0 0 0 0 0 1 0 1 0 0 0 0 0 21 2 0 0 2 1 0 
73 61 2 0 0 2 0 2 0 0 0 0 0 0 0 1 0 1 0 0 0 0 0 21 3 0 2 2 1 0 
29 22 0 0 0 1 0 2 0 0 0 0 0 0 0 1 0 1 0 0 0 0 0 21 1 0 0 2 1 0 
38 30 0 0 0 1 0 2 0 0 0 0 0 0 0 1 0 1 0 0 0 0 0 21 2 0 0 2 1 0 
