https://www.poppyware.com/bowditch/book/bookmaker.html
phishing
10 9
2 6
2 7
2 0
9 4
9 5
9 2
9 3
9 8
9 1
20 15 0 0 0 0 0 2 0 0 0 0 0 0 0 1 0 1 0 0 0 0 0 13 0 0 0 3 1 0 
29 23 0 1 0 1 0 1 0 0 0 0 0 0 0 0 0 0 0 0 0 0 0 20 0 0 0 3 1 0 
54 45 0 0 0 0 0 3 0 0 0 0 0 0 0 1 0 1 0 0 0 0 0 14 3 0 13 3 1 0 
26 20 0 0 0 0 0 2 0 0 0 0 0 0 0 1 1 1 0 0 0 0 0 17 1 0 0 3 1 0 
29 22 0 0 0 0 0 2 0 0 0 0 0 0 0 1 0 1 0 0 0 0 0 14 2 0 0 3 1 0 
25 20 0 1 0 0 0 1 0 0 0 0 0 0 0 0 0 0 0 0 0 0 0 16 0 0 0 3 1 0 
23 18 0 0 0 0 0 2 0 0 0 0 0 0 0 1 0 1 0 0 0 0 0 16 0 0 0 3 1 0 
60 49 0 0 0 0 0 4 0 0 0 0 0 0 0 1 0 1 0 0 0 0 0 20 3 0 0 3 1 0 
32 27 0 1 0 0 0 1 0 0 0 0 0 0 0 0 0 0 0 0 0 0 0 23 0 0 0 3 1 0 
54 45 0 0 0 0 0 3 0 0 0 0 0 0 0 1 1 1 0 0 0 0 0 17 3 0 6 3 1 0 
