https://ezinearticles.com/?expert=Tim_Stokes
benign
10 9
8 2
8 3
8 7
8 4
8 9
8 5
8 0
8 1
8 6
37 31 0 0 0 0 0 2 0 0 0 0 0 0 0 1 0 1 0 0 0 0 0 16 1 0 0 3 1 0 
29 23 0 0 0 0 0 2 0 0 0 0 0 0 0 0 1 1 0 0 0 0 0 20 1 0 0 3 1 0 
33 27 0 0 0 0 0 1 0 0 0 0 0 0 0 0 1 1 0 0 0 0 0 17 2 0 0 3 1 0 
38 32 0 0 0 0 0 2 0 0 0 0 0 0 0 0 1 1 0 0 0 0 0 17 1 0 0 3 1 0 
36 30 0 0 0 0 0 2 0 0 0 0 0 0 0 0 1 1 0 0 0 0 0 17 1 0 0 3 1 0 
32 27 0 0 0 0 0 1 0 0 0 0 0 0 0 0 0 1 0 0 0 0 0 11 1 0 0 3 1 0 
41 34 0 0 0 0 0 2 0 0 0 0 0 0 0 1 0 1 0 0 0 0 0 15 2 0 0 3 1 0 
26 21 0 0 0 0 0 1 0 0 0 0 0 0 0 0 1 1 0 0 0 0 0 17 1 0 0 3 1 0 
44 36 0 0 1 0 1 1 0 0 0 0 0 0 0 0 1 1 0 0 0 0 0 17 1 0 9 3 1 0 
29 24 0 0 0 0 0 2 0 0 0 0 0 0 0 0 0 1 0 0 0 0 0 22 0 0 0 3 1 0 
