https://www.scotcampus.com/city-guide/rpc.php?x=y&amp;userid=10302401&amp;tjecksum=18585531404&amp;email=loxsde@orange.fr&amp;doAutoLogin=true
benign
10 9
1 9
1 6
1 2
1 5
1 3
1 0
1 7
1 8
1 4
84 70 0 0 0 7 0 2 0 0 0 0 0 0 0 1 1 1 0 0 0 0 0 18 2 0 0 3 1 0 
142 98 19 1 1 1 5 4 0 0 0 0 0 0 0 1 1 1 0 0 0 0 0 18 2 0 15 3 1 0 
86 71 1 0 0 7 0 2 0 0 0 0 0 0 0 1 1 1 0 0 0 0 0 18 2 0 0 3 1 0 
50 41 0 0 0 1 0 2 0 0 0 0 0 0 0 1 1 1 0 0 0 0 0 18 3 0 0 3 1 0 
45 37 0 0 0 0 0 2 0 0 0 0 0 0 0 1 1 1 0 0 0 0 0 18 3 0 0 3 1 0 
48 39 0 0 0 1 0 2 0 0 0 0 0 0 0 1 1 1 0 0 0 0 0 18 3 0 0 3 1 0 
27 21 0 0 0 0 0 2 0 0 0 0 0 0 0 1 1 1 0 0 0 0 0 18 1 0 0 3 1 0 
45 36 0 0 0 1 0 3 0 0 0 0 0 0 0 1 1 1 0 0 0 0 0 18 2 0 0 3 1 0 
46 37 0 0 0 1 0 2 0 0 0 0 0 0 0 1 1 1 0 0 0 0 0 18 3 0 0 3 1 0 
46 38 0 0 0 1 0 2 0 0 0 0 0 0 0 1 1 1 0 0 0 0 0 18 2 0 0 3 1 0 
