http://football-euro.net/reklama.html
defacement
10 9
5 6
6 8
6 0
6 7
6 3
6 2
6 9
6 1
6 4
28 21 0 0 0 1 0 1 0 0 0 0 0 0 0 0 0 1 0 0 0 0 0 17 2 0 0 3 1 0 
28 21 0 0 0 1 0 1 0 0 0 0 0 0 0 0 0 1 0 0 0 0 0 17 2 0 0 3 1 0 
28 21 0 0 0 1 0 1 0 0 0 0 0 0 0 0 0 1 0 0 0 0 0 17 2 0 0 3 1 0 
28 21 0 0 0 1 0 1 0 0 0 0 0 0 0 0 0 1 0 0 0 0 0 17 2 0 0 3 1 0 
25 19 0 0 0 1 0 1 0 0 0 0 0 0 0 0 0 1 0 0 0 0 0 17 1 0 0 3 1 0 
37 30 0 0 0 1 0 2 0 0 0 0 0 0 0 0 0 1 0 0 0 0 0 17 1 0 1 3 1 0 
34 27 0 0 0 1 0 2 0 0 0 0 0 0 0 1 1 1 0 0 0 0 1 25 1 0 9 3 1 0 
28 21 0 0 0 1 0 1 0 0 0 0 0 0 0 0 0 1 0 0 0 0 0 17 2 0 0 3 1 0 
28 21 0 0 0 1 0 1 0 0 0 0 0 0 0 0 0 1 0 0 0 0 0 17 2 0 0 3 1 0 
28 21 0 0 0 1 0 1 0 0 0 0 0 0 0 0 0 1 0 0 0 0 0 17 2 0 0 3 1 0 
