https://www.southdakotasafetycouncil.org/home.cfm
phishing
10 9
7 1
7 9
7 5
7 8
7 6
7 3
7 2
7 0
7 4
180 82 66 1 0 2 1 6 0 0 3 0 8 0 2 1 1 1 0 0 0 0 0 14 5 0 0 3 1 0 
67 57 0 0 0 0 0 3 0 0 0 0 0 0 0 1 1 1 0 0 0 0 0 32 3 0 0 3 1 0 
18 3 10 0 0 2 0 0 0 0 0 0 0 0 0 0 0 0 0 0 0 0 0 12 0 0 0 0 1 0 
20 3 11 0 0 3 0 0 0 0 0 0 0 0 0 0 0 0 0 0 0 0 0 14 0 0 0 0 1 0 
60 52 0 0 0 0 0 3 0 0 0 0 0 0 0 1 1 1 0 0 0 0 0 32 2 0 0 3 1 0 
81 71 0 0 0 0 0 3 0 0 0 0 0 0 0 1 1 1 0 0 0 0 0 32 4 0 0 3 1 0 
69 48 6 0 0 0 0 0 0 0 0 3 0 0 1 0 0 0 0 0 0 0 0 56 0 0 0 0 0 0 
49 42 0 0 0 0 0 3 0 0 0 0 0 0 0 1 1 1 0 0 0 0 0 32 1 0 12 3 1 0 
67 57 0 0 0 2 0 2 0 0 0 0 0 0 0 1 1 1 0 0 0 0 0 32 3 0 0 3 1 0 
74 66 0 1 0 0 0 3 0 0 0 0 0 0 0 1 1 1 0 0 0 0 0 32 1 0 0 3 1 0 
