http://www.identcode.cz/index.html
defacement
10 9
6 3
6 9
6 8
6 1
6 2
6 4
6 7
6 5
6 0
46 36 0 0 0 2 0 2 0 0 0 0 0 0 0 1 1 1 0 0 0 0 0 16 3 0 0 2 1 0 
53 44 0 0 0 1 0 2 0 0 0 0 0 0 0 1 1 1 0 0 0 0 0 16 3 0 0 2 1 0 
43 34 0 0 0 1 0 2 0 0 0 0 0 0 0 1 1 1 0 0 0 0 0 16 3 0 0 2 1 0 
52 43 0 0 0 1 0 2 0 0 0 0 0 0 0 1 1 1 0 0 0 0 0 16 3 0 0 2 1 0 
84 71 0 0 0 4 0 2 0 0 0 0 0 0 0 1 1 1 0 0 0 0 0 16 4 0 0 2 1 0 
57 47 0 0 0 2 0 2 0 0 0 0 0 0 0 1 1 1 0 0 0 0 0 16 3 0 0 2 1 0 
34 27 0 0 0 0 0 3 0 0 0 0 0 0 0 1 0 1 0 0 0 0 0 16 1 0 11 2 1 0 
25 19 0 0 0 0 0 2 0 0 0 0 0 0 0 1 1 1 0 0 0 0 0 16 1 0 0 2 1 0 
52 43 0 0 0 1 0 2 0 0 0 0 0 0 0 1 1 1 0 0 0 0 0 16 3 0 0 2 1 0 
56 46 0 0 0 2 0 2 0 0 0 0 0 0 0 1 1 1 0 0 0 0 0 16 3 0 0 2 1 0 
