https://idolator.com/5149282/2009-grammy-award-winners
benign
10 9
3 0
3 8
3 6
3 7
3 2
3 9
3 4
3 1
3 5
44 35 0 0 0 0 0 2 0 0 0 0 0 0 0 1 1 1 0 0 0 0 1 17 4 0 0 3 1 0 
42 34 0 0 0 0 0 3 0 0 0 0 0 0 0 1 1 1 0 0 0 0 0 16 2 0 0 3 1 0 
45 36 0 0 0 1 0 2 0 0 0 0 0 0 0 1 1 1 0 0 0 0 0 16 3 0 0 3 1 0 
54 34 11 0 0 3 0 1 0 0 0 0 0 0 0 0 1 1 0 0 0 0 0 12 2 0 9 3 1 0 
40 32 0 0 0 0 0 2 0 0 0 0 0 0 0 1 1 1 0 0 0 0 0 16 3 0 0 3 1 0 
21 16 0 0 0 0 0 1 0 0 0 0 0 0 0 0 1 1 0 0 0 0 0 12 1 0 0 3 1 0 
47 38 0 0 0 1 0 2 0 0 0 0 0 0 0 1 1 1 0 0 0 0 0 16 3 0 0 3 1 0 
40 32 0 0 0 0 0 2 0 0 0 0 0 0 0 1 1 1 0 0 0 0 0 16 3 0 0 3 1 0 
34 28 0 0 0 0 0 2 0 0 0 0 0 0 0 1 1 1 0 0 0 0 0 17 1 0 0 3 1 0 
42 34 0 0 0 0 0 2 0 0 0 0 0 0 0 1 1 1 0 0 0 0 0 16 3 0 0 3 1 0 
