http://www.kospel.pl/pl/produkty/podgrzewacze-przeplywowe/ppe2-electronic-lcd.html
defacement
10 9
7 9
7 3
7 1
7 0
7 5
7 2
7 8
7 6
7 4
51 41 0 0 0 2 0 2 0 0 0 0 0 0 0 1 0 1 0 0 0 0 0 13 3 0 0 2 1 0 
55 46 0 0 0 1 0 2 0 0 0 0 0 0 0 1 0 1 0 0 0 0 0 13 3 0 0 2 1 0 
24 20 0 0 0 0 0 1 0 0 0 0 0 0 0 0 1 1 0 0 0 0 0 16 0 0 0 3 1 0 
17 13 0 0 0 0 0 1 0 0 0 0 0 0 0 0 1 1 0 0 0 0 0 9 0 0 0 2 1 0 
55 46 0 0 0 1 0 2 0 0 0 0 0 0 0 1 0 1 0 0 0 0 0 13 3 0 0 2 1 0 
17 13 0 0 0 0 0 1 0 0 0 0 0 0 0 0 1 1 0 0 0 0 0 9 0 0 0 2 1 0 
18 13 0 0 0 0 0 1 0 0 0 0 0 0 0 0 1 1 0 0 0 0 0 9 1 0 0 2 1 0 
82 68 1 0 0 3 0 3 0 0 0 0 0 0 0 1 0 1 0 0 0 0 0 13 4 0 14 2 1 0 
17 13 0 0 0 0 0 1 0 0 0 0 0 0 0 0 1 1 0 0 0 0 0 9 0 0 0 2 1 0 
57 46 0 0 0 3 0 2 0 0 0 0 0 0 0 1 0 1 0 0 0 0 0 13 3 0 0 2 1 0 
