http://www.easy-process.de/de/html-version/19-impressum.html
defacement
10 9
9 7
9 6
9 4
9 0
9 5
9 1
9 2
9 3
9 8
57 44 0 0 0 5 0 3 0 0 0 0 0 0 0 1 0 1 0 0 0 0 0 19 2 0 0 2 1 0 
29 22 0 0 0 1 0 2 0 0 0 0 0 0 0 1 1 1 0 0 0 0 0 20 1 0 0 3 1 0 
44 34 0 0 0 3 0 3 0 0 0 0 0 0 0 1 0 1 0 0 0 0 0 19 1 0 0 2 1 0 
27 20 0 0 0 1 0 2 0 0 0 0 0 0 0 1 0 1 0 0 0 0 0 19 1 0 0 2 1 0 
56 44 0 0 0 4 0 3 0 0 0 0 0 0 0 1 0 1 0 0 0 0 0 19 2 0 0 2 1 0 
65 53 0 0 0 4 0 3 0 0 0 0 0 0 0 1 0 1 0 0 0 0 0 19 2 0 0 2 1 0 
56 43 0 0 0 5 0 3 0 0 0 0 0 0 0 1 0 1 0 0 0 0 0 19 2 0 0 2 1 0 
54 41 0 0 0 5 0 3 0 0 0 0 0 0 0 1 0 1 0 0 0 0 0 19 2 0 0 2 1 0 
60 48 0 0 0 4 0 3 0 0 0 0 0 0 0 1 0 1 0 0 0 0 0 19 2 0 0 2 1 0 
60 46 2 0 0 3 0 3 0 0 0 0 0 0 0 1 0 1 0 0 0 0 0 19 3 0 10 2 1 0 
