http://www.paxful.com.transfer.boubit.com
phishing
10 9
0 9
0 7
7 1
7 2
7 5
7 6
7 3
7 4
7 8
41 33 0 0 0 0 0 5 0 0 0 0 0 0 0 1 0 1 0 0 0 0 1 34 0 0 3 3 1 0 
57 47 0 0 0 0 0 5 0 0 0 0 0 0 0 1 0 1 0 0 1 0 1 34 2 0 0 3 1 0 
55 45 0 0 0 0 0 5 0 0 0 0 0 0 0 1 0 1 0 0 0 0 1 34 2 0 0 3 1 0 
42 33 0 0 0 0 0 5 0 0 0 0 0 0 0 1 0 1 0 0 0 0 1 34 1 0 0 3 1 0 
58 48 0 0 0 0 0 5 0 0 0 0 0 0 0 1 0 1 0 0 1 0 1 34 2 0 0 3 1 0 
59 49 0 0 0 0 0 5 0 0 0 0 0 0 0 1 0 1 0 0 1 0 1 34 2 0 0 3 1 0 
56 46 0 0 0 0 0 5 0 0 0 0 0 0 0 1 0 1 0 0 1 0 1 34 2 0 0 3 1 0 
44 35 0 0 0 0 0 3 0 0 0 0 0 0 0 1 1 1 0 0 0 0 1 12 3 0 10 3 1 0 
34 27 0 0 0 0 0 2 0 0 0 0 0 0 0 1 1 1 0 0 1 0 0 12 2 0 0 3 1 0 
42 33 1 0 0 0 0 3 0 0 0 0 0 0 0 1 1 1 0 0 1 0 0 12 2 0 11 3 1 0 
