http://distractify.com/post/related/id/554cea434a0c4b1c2e4f885a/skip/30/limit/10/back/0
benign
10 9
2 7
2 8
2 3
2 5
2 6
2 4
2 0
2 1
2 9
39 33 0 0 0 0 0 2 0 0 0 0 0 0 0 1 1 1 0 0 0 0 0 19 1 0 0 3 1 0 
27 22 0 0 0 0 0 2 0 0 0 0 0 0 0 1 1 1 0 0 0 0 0 19 0 0 0 3 1 0 
87 54 19 0 0 0 0 1 0 0 0 0 0 0 0 0 0 1 0 0 0 0 0 15 10 0 9 3 1 0 
30 24 0 0 0 0 0 2 0 0 0 0 0 0 0 1 1 1 0 0 0 0 0 19 1 0 0 3 1 0 
37 31 0 0 0 0 0 2 0 0 0 0 0 0 0 1 1 1 0 0 0 0 0 17 1 0 0 3 1 0 
36 30 0 0 0 0 0 2 0 0 0 0 0 0 0 1 1 1 0 0 0 0 0 19 1 0 0 3 1 0 
41 35 0 0 0 0 0 2 0 0 0 0 0 0 0 1 1 1 0 0 0 0 0 19 1 0 0 3 1 0 
37 30 0 0 0 0 0 2 0 0 0 0 0 0 0 1 1 1 0 0 0 0 0 16 2 0 0 3 1 0 
38 32 0 0 0 0 0 2 0 0 0 0 0 0 0 1 1 1 0 0 0 0 0 19 1 0 0 3 1 0 
34 28 0 0 0 0 0 2 0 0 0 0 0 0 0 1 1 1 0 0 0 0 0 19 1 0 0 3 1 0 
