https://financialwebring.org/forum/viewtopic.php?f=29&t=105814&start=25
benign
10 9
5 0
5 7
5 3
5 9
5 6
5 1
5 2
5 4
8 5
40 34 0 0 0 0 0 1 0 0 0 0 0 0 0 0 1 1 0 0 0 0 0 20 2 0 0 3 1 0 
48 41 0 0 0 0 0 2 0 0 0 0 0 0 0 0 1 1 0 0 0 0 0 20 2 0 0 3 1 0 
22 17 0 0 0 0 0 2 0 0 0 0 0 0 0 1 1 1 0 0 0 0 0 14 0 0 0 3 1 0 
56 47 0 0 0 1 0 2 0 0 0 0 0 0 0 1 1 1 0 0 0 0 0 28 3 0 0 3 1 0 
45 38 0 0 0 0 0 2 0 0 0 0 0 0 0 0 1 1 0 0 0 0 0 20 2 0 0 3 1 0 
42 36 0 0 0 0 0 2 0 0 0 0 0 0 0 1 1 1 0 0 0 0 0 28 1 0 13 3 1 0 
43 36 0 0 0 0 0 1 0 0 0 0 0 0 0 0 1 1 0 0 0 0 0 20 3 0 0 3 1 0 
44 37 0 0 0 0 0 2 0 0 0 0 0 0 0 0 1 1 0 0 0 0 0 20 2 0 0 3 1 0 
71 48 10 0 1 0 3 2 0 0 0 0 0 0 0 0 1 1 0 0 0 0 0 20 2 0 2 3 1 0 
47 41 0 0 0 0 0 1 0 0 0 0 0 0 0 0 1 1 0 0 0 0 0 20 2 0 0 3 1 0 
