https://usatoday.com/sports/scores103/103030/20030130NHL--TAMPABAY--0nr.htm
benign
10 9
2 7
2 5
2 6
2 1
2 3
5 0
5 9
5 4
5 8
73 44 18 0 0 2 0 2 0 0 0 0 0 0 0 0 1 1 0 0 0 0 0 12 4 0 0 3 1 0 
34 27 0 0 0 0 0 2 0 0 0 0 0 0 0 0 1 1 0 0 0 0 0 12 2 0 0 3 1 0 
75 44 18 0 0 4 0 2 0 0 0 0 0 0 0 0 1 1 0 0 0 0 0 12 4 0 14 3 1 0 
35 28 0 0 0 0 0 2 0 0 0 0 0 0 0 0 1 1 0 0 0 0 0 12 2 0 0 3 1 0 
52 43 0 0 0 0 0 2 0 0 0 0 0 0 0 0 1 1 0 0 0 0 0 12 4 0 0 3 1 0 
58 34 15 0 0 0 0 2 0 0 0 0 0 0 0 0 1 1 0 0 0 0 0 12 4 0 5 3 1 0 
55 31 15 0 0 0 0 2 0 0 0 0 0 0 0 0 1 1 0 0 0 0 0 12 4 0 0 3 1 0 
38 31 0 0 0 0 0 2 0 0 0 0 0 0 0 0 1 1 0 0 0 0 0 12 2 0 0 3 1 0 
73 42 18 0 0 4 0 2 0 0 0 0 0 0 0 0 1 1 0 0 0 0 0 12 4 0 0 3 1 0 
78 66 0 0 0 0 0 3 0 0 0 0 0 0 0 0 0 1 0 0 0 0 0 21 4 0 0 3 1 0 
