https://joc.com/labor/oakland-port-braces-occupy-protest-march
benign
10 9
8 0
8 2
8 1
8 9
8 3
8 4
8 6
8 5
8 7
36 29 0 0 0 2 0 1 0 0 0 0 0 0 0 0 1 1 0 0 0 0 0 7 1 0 0 3 1 0 
26 20 0 0 0 0 0 1 0 0 0 0 0 0 0 0 1 1 0 0 1 0 0 7 2 0 0 3 1 0 
21 16 0 0 0 0 0 1 0 0 0 0 0 0 0 0 1 1 0 0 0 0 0 7 1 0 0 3 1 0 
46 38 0 0 0 3 0 1 0 0 0 0 0 0 0 0 1 1 0 0 0 0 0 7 1 0 0 3 1 0 
16 11 0 0 0 0 0 1 0 0 0 0 0 0 0 0 1 1 0 0 0 0 0 7 1 0 0 3 1 0 
23 18 0 0 0 0 0 1 0 0 0 0 0 0 0 0 1 1 0 0 0 0 0 7 1 0 0 3 1 0 
40 33 0 0 0 0 0 2 0 0 0 0 0 0 0 0 1 1 0 0 0 0 1 13 2 0 0 3 1 0 
32 26 0 0 0 1 0 1 0 0 0 0 0 0 0 0 1 1 0 0 0 0 0 7 1 0 0 3 1 0 
62 51 0 0 0 5 0 1 0 0 0 0 0 0 0 0 1 1 0 0 0 0 0 7 2 0 12 3 1 0 
40 34 0 0 0 0 0 2 0 0 0 0 0 0 0 0 1 1 0 0 0 0 0 17 1 0 0 3 1 0 
