http://domainpark.sitelutions.com/redir_not_found/redir_not_found.shtml?passinggas.netrobots.txt
malware
10 9
5 3
5 8
5 9
5 6
5 1
5 0
5 2
5 7
5 4
28 22 0 0 0 0 0 1 0 0 0 0 0 0 0 0 0 1 0 0 0 0 0 15 2 0 0 3 1 0 
23 18 0 0 0 0 0 1 0 0 0 0 0 0 0 0 0 1 0 0 0 0 0 15 1 0 0 3 1 0 
40 34 0 0 0 0 0 1 0 0 0 0 0 0 0 0 0 1 0 0 0 0 0 15 2 0 0 3 1 0 
46 39 0 0 0 0 0 2 0 0 0 0 0 0 0 0 0 1 0 0 0 0 0 26 2 0 0 3 1 0 
38 32 0 0 0 0 0 1 0 0 0 0 0 0 0 0 0 1 0 0 1 0 0 15 2 0 0 3 1 0 
96 81 0 0 1 0 0 5 0 0 0 0 0 0 0 0 0 1 0 0 0 0 0 26 2 0 10 3 1 0 
32 26 0 0 0 0 0 1 0 0 0 0 0 0 0 0 0 1 0 0 0 0 0 15 2 0 0 3 1 0 
38 32 0 0 0 0 0 1 0 0 0 0 0 0 0 0 0 1 0 0 0 0 0 15 2 0 0 3 1 0 
35 29 0 0 0 0 0 1 0 0 0 0 0 0 0 0 0 1 0 0 0 0 0 15 2 0 0 3 1 0 
39 33 0 0 0 0 0 1 0 0 0 0 0 0 0 0 0 1 0 0 0 0 0 15 2 0 0 3 1 0 
