https://www.flourish.org/blog/?p=397
phishing
10 9
0 3
0 2
0 4
0 1
0 8
0 7
0 6
0 5
0 9
36 24 3 0 1 0 1 2 0 0 0 0 0 0 0 1 1 1 0 0 0 0 0 16 2 0 11 3 1 0 
34 27 0 0 0 0 0 2 0 0 0 0 0 0 0 0 0 1 0 0 0 0 0 16 2 0 0 3 1 0 
70 47 10 0 0 4 0 3 0 0 0 0 0 0 0 1 0 1 0 0 0 0 0 16 3 0 0 5 1 0 
30 23 0 0 0 0 0 2 0 0 0 0 0 0 0 1 1 1 0 0 0 0 0 16 2 0 0 3 1 0 
18 13 0 0 0 0 0 1 0 0 0 0 0 0 0 0 0 1 0 0 0 0 0 10 1 0 0 3 1 0 
85 63 6 0 0 7 0 2 0 0 0 0 0 0 0 1 1 1 0 0 0 0 0 16 4 0 0 3 1 0 
72 55 6 0 0 2 0 3 0 0 0 0 0 0 0 0 0 1 0 0 0 0 1 27 3 0 0 12 1 0 
41 31 0 0 0 0 0 4 0 0 0 0 0 0 0 1 0 1 0 0 0 0 0 20 2 0 0 3 1 0 
40 30 0 0 0 1 0 3 0 0 0 0 0 0 0 1 0 1 0 0 0 0 0 11 3 0 0 3 1 0 
62 47 3 0 0 0 0 4 0 0 0 0 0 0 0 1 0 1 0 0 0 0 0 15 5 0 0 3 1 0 
