http://91.209.70.22/Corona.i586
malware
10 9
3 8
3 0
3 4
3 9
5 7
5 3
5 2
5 1
5 6
55 31 12 0 0 3 0 3 0 0 0 0 0 0 0 0 0 1 1 0 0 0 0 12 3 0 0 0 1 0 
30 13 9 0 0 1 0 3 0 0 0 0 0 0 0 0 0 1 1 0 0 0 0 12 1 0 0 0 1 0 
30 13 9 0 0 1 0 3 0 0 0 0 0 0 0 0 0 1 1 0 0 0 0 12 1 0 0 0 1 0 
19 4 9 0 0 0 0 3 0 0 0 0 0 0 0 0 0 1 0 0 0 0 0 12 0 0 9 0 1 0 
23 18 0 0 0 0 0 2 0 0 0 0 0 0 0 1 1 1 0 0 0 0 0 15 0 0 0 3 1 0 
31 11 12 0 0 0 0 4 0 0 0 0 0 0 0 0 0 1 1 0 0 0 0 12 1 0 11 0 1 0 
34 17 9 0 0 1 0 3 0 0 0 0 0 0 0 0 0 1 1 0 0 0 0 12 1 0 0 0 1 0 
24 8 9 0 0 0 0 3 0 0 0 0 0 0 0 0 0 1 1 0 0 0 0 12 1 0 0 0 1 0 
42 23 9 0 0 2 0 3 0 0 0 0 0 0 0 0 0 1 1 0 0 0 0 12 2 0 0 0 1 0 
25 20 0 0 0 0 0 2 0 0 0 0 0 0 0 1 1 1 0 0 0 0 0 17 0 0 0 3 1 0 
