http://schertzauto.com/wp-content/plugins/revslider/rs-plugin/css/settings.css?rev=4.6.0&ver=4.2.2
malware
10 9
0 8
0 5
0 3
0 1
0 2
0 6
0 7
0 9
4 0
23 18 0 0 0 0 0 1 0 0 0 0 0 0 0 0 0 1 0 0 0 0 0 15 1 0 10 3 1 0 
28 23 0 0 0 0 0 1 0 0 0 0 0 0 0 0 0 1 0 0 0 0 0 15 1 0 0 3 1 0 
20 3 10 0 0 1 0 0 0 0 0 0 0 0 0 0 0 0 0 0 0 0 0 14 0 0 0 0 0 0 
31 26 0 0 0 0 0 1 0 0 0 0 0 0 0 0 0 1 0 0 0 0 0 15 1 0 0 3 1 0 
98 71 6 0 1 2 2 6 0 0 0 0 0 0 0 0 0 1 0 0 0 0 0 15 6 0 1 3 1 0 
20 3 10 0 0 1 0 0 0 0 0 0 0 0 0 0 0 0 0 0 0 0 0 14 0 0 0 0 0 0 
36 29 0 0 0 2 0 1 0 0 0 0 0 0 0 0 0 1 0 0 0 0 0 15 1 0 0 3 1 0 
20 3 10 0 0 1 0 0 0 0 0 0 0 0 0 0 0 0 0 0 0 0 0 14 0 0 0 0 0 0 
36 29 0 0 0 2 0 1 0 0 0 0 0 0 0 0 0 1 0 0 0 0 0 15 1 0 0 3 1 0 
61 51 0 0 0 5 0 1 0 0 0 0 0 0 0 0 0 1 0 0 0 0 0 15 1 0 0 3 1 0 
