https://thucduongbaoan.com
malware
10 9
8 5
8 2
8 9
8 6
8 3
8 7
8 1
8 4
8 0
47 37 0 0 0 3 0 2 0 0 0 0 0 0 0 0 1 1 0 0 0 0 0 21 2 0 0 6 1 0 
30 24 0 0 0 0 0 2 0 0 0 0 0 0 0 0 1 1 0 0 0 0 0 21 1 0 0 6 1 0 
41 32 0 0 0 2 0 2 0 0 0 0 0 0 0 0 1 1 0 0 0 0 0 21 2 0 0 6 1 0 
46 36 0 0 0 3 0 2 0 0 0 0 0 0 0 0 1 1 0 0 0 0 0 21 2 0 0 6 1 0 
47 37 0 0 0 3 0 2 0 0 0 0 0 0 0 0 1 1 0 0 0 0 0 21 2 0 0 6 1 0 
47 37 0 0 0 3 0 2 0 0 0 0 0 0 0 0 1 1 0 0 0 0 0 21 2 0 0 6 1 0 
46 36 0 0 0 3 0 2 0 0 0 0 0 0 0 0 1 1 0 0 0 0 0 21 2 0 0 6 1 0 
47 37 0 0 0 3 0 2 0 0 0 0 0 0 0 0 1 1 0 0 0 0 0 21 2 0 0 6 1 0 
26 22 0 0 0 0 0 1 0 0 0 0 0 0 0 0 1 1 0 0 0 0 0 18 0 0 11 3 1 0 
46 36 0 0 0 3 0 2 0 0 0 0 0 0 0 0 1 1 0 0 0 0 0 21 2 0 0 6 1 0 
