http://www.photoremote.de/en/photoremote-in-schule-a-lehre
defacement
10 9
5 1
5 0
5 9
5 3
5 2
7 6
7 4
8 5
8 7
31 25 0 0 0 0 0 2 0 0 0 0 0 0 0 1 0 1 0 0 1 0 0 18 1 0 0 2 1 0 
37 31 0 0 0 0 0 2 0 0 0 0 0 0 0 1 1 1 0 0 0 0 0 17 1 0 0 2 1 0 
36 29 1 0 0 0 0 2 0 0 0 0 0 0 0 0 1 1 0 0 0 0 0 20 1 0 0 2 1 0 
33 26 1 0 0 0 0 2 0 0 0 0 0 0 0 0 1 1 0 0 0 0 0 20 1 0 0 2 1 0 
52 42 0 0 0 2 0 2 0 0 0 0 0 0 0 1 0 1 0 0 0 0 0 18 3 0 0 2 1 0 
47 39 0 0 0 0 0 3 0 0 0 0 0 0 0 1 1 1 0 0 0 0 0 17 2 0 9 2 1 0 
55 46 0 0 0 0 0 3 0 0 0 0 0 0 0 1 0 1 0 0 0 0 0 18 3 0 0 2 1 0 
42 33 1 0 0 0 0 3 0 0 0 0 0 0 0 1 1 1 0 0 1 0 0 12 2 0 12 3 1 0 
58 47 0 0 0 4 0 2 0 0 0 0 0 0 0 1 0 1 0 0 0 0 0 18 2 0 4 2 1 0 
29 23 0 0 0 0 0 2 0 0 0 0 0 0 0 1 1 1 0 0 0 0 0 17 1 0 2 2 1 0 
