http://www.dedrijfstang.nl/index.php/component/content/article/76-digitaal-car-system?start=2
defacement
10 9
3 7
3 9
3 1
3 4
3 5
3 0
3 2
3 6
3 8
72 57 1 0 0 6 0 2 0 0 0 0 0 0 0 1 1 1 0 0 0 0 0 19 3 0 0 2 1 0 
29 22 0 0 0 0 0 2 0 0 0 0 0 0 0 1 1 1 0 0 0 0 0 19 1 0 0 2 1 0 
36 29 0 0 0 0 0 2 0 0 0 0 0 0 0 1 1 1 0 0 0 0 0 19 2 0 0 2 1 0 
93 74 3 0 1 3 1 3 0 0 0 0 0 0 0 1 0 1 0 0 0 0 0 19 5 0 12 2 1 0 
67 54 1 0 0 4 0 2 0 0 0 0 0 0 0 1 1 1 0 0 0 0 0 19 3 0 0 2 1 0 
27 21 0 0 0 0 0 2 0 0 0 0 0 0 0 1 0 1 0 0 0 0 0 19 1 0 0 2 1 0 
38 31 0 0 0 0 0 2 0 0 0 0 0 0 0 1 1 1 0 0 0 0 0 19 2 0 0 2 1 0 
34 27 0 0 0 0 0 2 0 0 0 0 0 0 0 1 1 1 0 0 0 0 0 19 2 0 0 2 1 0 
36 29 0 0 0 0 0 2 0 0 0 0 0 0 0 1 1 1 0 0 0 0 0 19 2 0 0 2 1 0 
38 31 0 0 0 0 0 2 0 0 0 0 0 0 0 1 1 1 0 0 0 0 0 16 2 0 0 3 1 0 
