https://www.antimon.org/code/Linus/
phishing
10 9
2 1
2 0
2 3
2 7
7 8
7 9
7 5
7 4
7 6
63 50 1 0 0 1 0 2 0 0 0 0 0 0 0 1 0 1 0 0 0 0 0 17 6 0 0 3 1 0 
49 39 0 0 0 0 0 3 0 0 0 0 0 0 0 1 1 1 0 0 0 0 0 15 3 0 190 3 1 0 
35 27 0 0 0 0 0 2 0 0 0 0 0 0 0 1 1 1 0 0 0 0 0 15 3 0 190 3 1 0 
42 33 0 0 0 0 0 4 0 0 0 0 0 0 0 0 0 1 0 0 0 0 0 15 2 0 0 5 1 0 
29 21 0 0 0 0 0 3 0 0 0 0 0 0 0 1 0 1 0 0 0 0 0 13 2 0 0 6 1 0 
30 22 0 0 0 0 0 4 0 0 0 0 0 0 0 1 0 1 0 0 0 0 0 22 1 0 0 6 1 0 
36 26 0 0 0 0 0 3 0 0 0 0 0 0 0 1 0 1 0 0 0 0 0 13 3 0 0 6 1 0 
33 23 0 0 0 0 0 4 0 0 0 0 0 0 0 1 0 1 0 0 0 0 0 19 2 0 6 6 1 0 
20 14 0 0 0 0 0 3 0 0 0 0 0 0 0 1 0 1 0 0 0 0 0 13 0 0 0 6 1 0 
39 29 0 0 0 0 0 3 0 0 0 0 0 0 0 1 0 1 0 0 0 0 0 13 3 0 0 6 1 0 
