http://classics4life.com/noal1982/1982-5.html?ml=5&mlt=system&tmpl=component
defacement
10 9
6 0
6 9
6 2
6 7
6 8
6 5
6 1
6 4
6 3
86 71 1 0 0 7 0 2 0 0 0 0 0 0 0 1 1 1 0 0 0 0 0 21 2 0 0 3 1 0 
20 14 1 0 0 0 0 0 0 0 0 0 0 0 0 0 0 0 0 0 0 0 0 7 0 0 0 0 0 0 
30 23 1 0 0 0 0 2 0 0 0 0 0 0 0 1 1 1 0 0 0 0 0 21 1 0 0 3 1 0 
39 30 1 0 0 1 0 2 0 0 0 0 0 0 0 1 1 1 0 0 0 0 0 21 2 0 0 3 1 0 
47 37 1 0 0 2 0 2 0 0 0 0 0 0 0 1 1 1 0 0 0 0 0 21 2 0 0 3 1 0 
45 27 10 0 0 1 0 2 0 0 0 0 0 0 0 0 0 1 0 0 0 0 0 17 2 0 0 3 1 0 
76 51 11 0 1 1 3 2 0 0 0 0 0 0 0 0 0 1 0 0 0 0 0 17 2 0 9 3 1 0 
29 23 1 0 0 0 0 2 0 0 0 0 0 0 0 1 1 1 0 0 0 0 0 21 0 0 0 3 1 0 
41 32 1 0 0 1 0 2 0 0 0 0 0 0 0 1 1 1 0 0 0 0 0 21 2 0 0 3 1 0 
53 44 1 0 0 0 0 2 0 0 0 0 0 0 0 1 1 1 0 0 0 0 0 21 3 0 0 3 1 0 
