http://correios.com.br/Para-governo/concessionarias-de-agua-e-energia/documentos-e-correspondencias/e-carta-1
benign
10 9
2 4
2 8
2 0
2 7
2 6
2 1
2 5
2 3
2 9
47 38 0 0 0 2 0 3 0 0 0 0 0 0 0 1 1 1 0 0 0 0 0 19 1 0 0 6 1 0 
54 45 0 0 0 0 0 3 0 0 0 0 0 0 0 1 1 1 0 0 0 0 0 19 3 0 0 6 1 0 
109 90 1 0 0 9 0 2 0 0 0 0 0 0 0 0 0 1 0 0 0 0 0 15 4 0 12 6 1 0 
27 21 0 0 0 0 0 3 0 0 0 0 0 0 0 1 1 1 0 0 0 0 0 19 0 0 0 6 1 0 
35 28 0 0 0 0 0 3 0 0 0 0 0 0 0 1 1 1 0 0 0 0 0 19 1 0 0 6 1 0 
39 32 0 0 0 0 0 3 0 0 0 0 0 0 0 1 1 1 0 0 0 0 0 19 1 0 0 6 1 0 
34 27 0 0 0 0 0 3 0 0 0 0 0 0 0 1 1 1 0 0 0 0 0 19 1 0 0 6 1 0 
34 28 0 0 0 0 0 3 0 0 0 0 0 0 0 1 1 1 0 0 0 0 0 26 0 0 0 6 1 0 
37 30 0 0 0 0 0 3 0 0 0 0 0 0 0 1 1 1 0 0 0 0 0 19 1 0 0 6 1 0 
35 28 0 0 0 0 0 3 0 0 0 0 0 0 0 1 1 1 0 0 0 0 0 19 1 0 0 6 1 0 
