https://kijabeastara.az
phishing
10 9
4 9
4 7
4 1
4 0
4 2
4 8
4 6
4 3
8 5
40 32 0 0 0 2 0 2 0 0 0 0 0 0 0 1 0 1 0 0 0 0 0 32 1 0 0 3 1 0 
33 27 0 0 0 0 0 2 0 0 0 0 0 0 0 0 1 1 0 0 0 0 0 15 1 0 65 2 1 0 
18 12 0 0 0 0 0 2 0 0 0 0 0 0 0 0 0 1 0 0 0 0 0 10 1 0 0 6 1 0 
21 15 0 0 0 0 0 2 0 0 0 0 0 0 0 0 0 1 0 0 0 0 0 13 1 0 0 6 1 0 
23 19 0 0 0 0 0 1 0 0 0 0 0 0 0 0 1 1 0 0 0 0 0 15 0 0 65 2 1 0 
24 19 0 0 0 0 0 1 0 0 0 0 0 0 0 0 1 1 0 0 0 0 0 15 1 0 0 2 1 0 
19 13 0 0 0 0 0 2 0 0 0 0 0 0 0 0 0 1 0 0 0 0 0 11 1 0 0 6 1 0 
20 15 0 0 0 0 0 1 0 0 0 0 0 0 0 0 0 1 0 0 0 0 0 12 1 0 0 2 1 0 
25 19 0 0 0 1 0 1 0 0 0 0 0 0 0 0 0 1 0 0 0 0 0 17 1 0 2 3 1 0 
48 39 0 0 0 0 0 4 0 0 0 0 0 0 0 0 1 1 0 0 0 0 0 15 2 0 0 2 1 0 
