https://www.dcs.gla.ac.uk/ir/ir_resources.html
phishing
10 9
9 4
9 7
9 2
9 6
9 5
9 0
9 8
9 1
9 3
35 26 0 0 0 0 0 5 0 0 0 0 0 0 0 0 0 1 0 0 0 0 0 16 1 0 0 5 1 0 
47 33 4 0 0 0 0 4 0 0 0 0 0 0 0 0 0 1 0 0 0 0 0 23 2 0 0 5 1 0 
24 16 0 0 0 0 0 4 0 0 0 0 0 0 0 0 0 1 0 0 0 0 0 16 1 0 0 5 1 0 
81 62 0 0 0 1 0 10 0 0 0 0 0 0 0 1 0 1 0 0 0 0 0 17 5 0 0 5 1 0 
38 29 0 0 0 0 0 5 0 0 0 0 0 0 0 0 0 1 0 0 0 0 0 16 1 0 0 5 1 0 
37 28 0 0 0 0 0 5 0 0 0 0 0 0 0 0 0 1 0 0 0 0 0 16 1 0 0 5 1 0 
45 31 4 0 0 0 0 4 0 0 0 0 0 0 0 0 0 1 0 0 0 0 0 23 2 0 0 5 1 0 
37 28 0 0 0 0 0 5 0 0 0 0 0 0 0 0 0 1 0 0 0 0 0 16 1 0 0 5 1 0 
41 32 0 0 0 0 0 5 0 0 0 0 0 0 0 0 0 1 0 0 0 0 0 16 1 0 0 5 1 0 
46 35 0 0 0 0 0 5 0 0 0 0 0 0 0 1 1 1 0 0 0 0 0 17 2 0 10 5 1 0 
