http://larcadelcarnevale.com/catalogo/articoli-per-la-casa
defacement
10 9
5 2
5 9
5 7
5 4
5 6
5 3
5 8
5 1
5 0
48 41 0 0 0 1 0 1 0 0 0 0 0 0 0 0 0 1 0 0 1 0 0 21 2 0 0 3 1 0 
43 35 0 0 0 0 0 3 0 0 0 0 0 0 0 1 0 1 0 0 0 0 0 23 2 0 0 2 1 0 
47 40 0 0 0 0 0 2 0 0 0 0 0 0 0 0 0 1 0 0 0 0 0 21 2 0 0 3 1 0 
33 27 0 0 0 0 0 2 0 0 0 0 0 0 0 1 0 1 0 0 0 0 0 25 1 0 0 3 1 0 
45 36 1 0 0 1 0 1 0 0 0 0 0 0 0 0 0 1 0 0 0 0 0 21 3 0 0 3 1 0 
58 49 0 0 0 3 0 1 0 0 0 0 0 0 0 0 0 1 0 0 0 0 0 21 2 0 15 3 1 0 
52 45 0 0 0 1 0 1 0 0 0 0 0 0 0 0 0 1 0 0 0 0 0 21 2 0 0 3 1 0 
37 32 0 0 0 0 0 1 0 0 0 0 0 0 0 0 0 1 0 0 0 0 0 21 1 0 0 3 1 0 
45 36 1 0 0 1 0 1 0 0 0 0 0 0 0 0 0 1 0 0 0 0 0 21 3 0 0 3 1 0 
82 65 6 0 0 4 0 1 0 0 0 0 0 0 0 0 0 1 0 0 0 0 0 21 3 0 0 3 1 0 
