http://cltmusic.com/featured/cltmusic-presents-the-wall-the-trial/
malware
10 9
9 5
9 3
9 4
9 1
9 7
9 6
9 0
9 2
9 8
20 3 11 0 0 3 0 0 0 0 0 0 0 0 0 0 0 0 0 0 0 0 0 14 0 0 0 0 1 0 
44 36 0 0 0 1 0 3 0 0 0 0 0 0 0 1 1 1 0 0 0 0 0 19 1 0 0 3 0 0 
50 41 0 0 0 2 0 3 0 0 0 0 0 0 0 1 1 1 0 0 0 0 0 19 1 0 0 3 0 0 
37 30 0 0 0 0 0 3 0 0 0 0 0 0 0 1 1 1 0 0 0 0 0 19 1 0 0 3 0 0 
50 41 0 0 0 2 0 3 0 0 0 0 0 0 0 1 1 1 0 0 1 0 0 19 1 0 0 3 0 0 
45 37 0 0 0 0 0 3 0 0 0 0 0 0 0 1 1 1 0 0 0 0 0 19 1 0 0 3 0 0 
37 30 0 0 0 0 0 3 0 0 0 0 0 0 0 1 1 1 0 0 0 0 0 19 1 0 0 3 0 0 
35 28 0 0 0 0 0 3 0 0 0 0 0 0 0 1 1 1 0 0 0 0 0 19 1 0 0 3 0 0 
39 32 0 0 0 0 0 3 0 0 0 0 0 0 0 1 1 1 0 0 0 0 0 19 1 0 0 3 0 0 
66 54 0 0 0 5 0 1 0 0 0 0 0 0 0 0 0 1 0 0 0 0 0 12 3 0 13 3 1 0 
