http://www.liquidacionessl.com/themes/velvetsky/css/modules/blockcms/blockcms.css
malware
10 9
2 1
2 3
2 5
2 0
2 7
2 9
2 4
2 6
2 8
31 26 0 0 0 0 0 2 0 0 0 0 0 0 0 1 1 1 0 0 0 0 0 23 0 0 0 3 1 0 
70 59 0 0 0 4 0 2 0 0 0 0 0 0 0 1 1 1 0 0 0 0 0 23 2 0 0 3 1 0 
81 69 0 0 0 0 0 3 0 0 0 0 0 0 0 1 0 1 0 0 0 0 0 23 6 0 10 3 1 0 
70 59 0 0 0 4 0 2 0 0 0 0 0 0 0 1 1 1 0 0 0 0 0 23 2 0 0 3 1 0 
72 60 0 0 0 5 0 2 0 0 0 0 0 0 0 1 1 1 0 0 0 0 0 23 2 0 0 3 1 0 
68 57 0 0 0 4 0 2 0 0 0 0 0 0 0 1 1 1 0 0 0 0 0 23 2 0 0 3 1 0 
62 52 0 0 0 3 0 2 0 0 0 0 0 0 0 1 1 1 0 0 0 0 0 23 2 0 0 3 1 0 
68 57 0 0 0 4 0 2 0 0 0 0 0 0 0 1 1 1 0 0 0 0 0 23 2 0 0 3 1 0 
70 59 0 0 0 4 0 2 0 0 0 0 0 0 0 1 1 1 0 0 0 0 0 23 2 0 0 3 1 0 
68 57 0 0 0 4 0 2 0 0 0 0 0 0 0 1 1 1 0 0 0 0 0 23 2 0 0 3 1 0 
