http://www.americanbussales.net/school-buses/36-to-72-passengers/2009-thomas-c2-71-passengers/index.html
defacement
10 9
3 9
3 7
3 5
3 1
3 4
3 0
3 6
3 8
3 2
28 24 0 0 0 0 0 1 0 0 0 0 0 0 0 0 1 1 0 0 0 0 0 20 0 0 0 3 1 0 
105 83 3 0 0 11 0 1 0 0 0 0 0 0 0 0 1 1 0 0 0 0 0 20 4 0 0 3 1 0 
44 37 0 0 0 1 0 1 0 0 0 0 0 0 0 0 1 1 0 0 0 0 0 20 2 0 0 3 1 0 
104 75 11 0 0 8 0 3 0 0 0 0 0 0 0 1 0 1 0 0 0 0 0 24 4 0 14 3 1 0 
16 3 10 0 0 0 0 0 0 0 0 0 0 0 0 0 0 0 0 0 0 0 0 10 0 0 0 0 1 0 
64 53 0 0 0 4 0 1 0 0 0 0 0 0 0 0 1 1 0 0 0 0 0 20 3 0 0 3 1 0 
40 33 0 0 0 0 0 1 0 0 0 0 0 0 0 0 1 1 0 0 0 0 0 20 2 0 0 3 1 0 
41 34 0 0 0 0 0 1 0 0 0 0 0 0 0 0 1 1 0 0 0 0 0 20 2 0 0 3 1 0 
106 83 4 0 0 11 0 1 0 0 0 0 0 0 0 0 1 1 0 0 0 0 0 20 4 0 0 3 1 0 
106 83 4 0 0 11 0 1 0 0 0 0 0 0 0 0 1 1 0 0 0 0 0 20 4 0 0 3 1 0 
