http://troikacapital.ru/registratsiya_ooo_v_moskve_i_moskovskoy_oblasti
malware
10 9
3 4
3 2
3 6
3 0
3 1
3 5
3 8
9 7
9 3
36 29 0 0 0 0 0 1 0 0 0 0 0 0 0 0 0 1 0 0 0 0 0 16 3 0 0 2 1 0 
30 24 0 0 0 0 0 1 0 0 0 0 0 0 0 0 0 1 0 0 0 0 0 16 2 0 0 2 1 0 
35 28 0 0 0 0 0 1 0 0 0 0 0 0 0 0 0 1 0 0 0 0 0 16 3 0 0 2 1 0 
52 41 0 0 0 0 0 3 0 0 0 0 0 0 0 1 1 1 0 0 0 0 0 10 5 0 8 2 1 0 
48 40 0 0 0 0 0 1 0 0 0 0 0 0 0 0 0 1 0 0 1 0 0 16 4 0 0 2 1 0 
38 32 0 0 0 0 0 1 0 0 0 0 0 0 0 0 0 1 0 0 0 0 0 16 2 0 0 2 1 0 
36 25 6 0 0 0 0 1 0 0 0 0 0 0 0 0 0 1 0 0 0 0 0 16 1 0 0 2 1 0 
45 38 0 0 0 0 0 2 0 0 0 0 0 0 0 0 0 1 0 0 0 0 0 16 1 0 4 2 1 0 
24 19 0 0 0 0 0 1 0 0 0 0 0 0 0 0 0 1 0 0 0 0 0 16 1 0 0 2 1 0 
71 60 0 0 0 0 0 1 0 0 0 0 0 0 0 0 0 1 0 0 0 0 0 16 1 0 2 2 1 0 
