https://ethtransaction.xyz
phishing
10 9
6 1
6 9
6 3
6 2
6 5
6 4
6 0
9 8
9 7
79 46 20 0 0 7 0 1 0 0 0 0 0 0 0 0 1 1 0 0 0 0 0 7 2 0 0 3 1 0 
28 21 0 0 0 0 0 1 0 0 0 0 0 0 0 0 1 1 0 0 0 0 0 7 1 0 0 3 1 0 
41 33 0 0 0 0 0 3 0 0 0 0 0 0 0 1 1 1 0 0 0 0 1 18 2 0 0 3 1 0 
23 18 0 0 0 0 0 1 0 0 0 0 0 0 0 0 1 1 0 0 0 0 0 7 1 0 0 3 1 0 
23 18 0 0 0 0 0 1 0 0 0 0 0 0 0 0 1 1 0 0 0 0 0 7 1 0 0 3 1 0 
26 21 0 0 0 0 0 1 0 0 0 0 0 0 0 0 1 1 0 0 0 0 0 7 1 0 0 3 1 0 
26 22 0 0 0 0 0 1 0 0 0 0 0 0 0 0 1 1 0 0 0 0 0 18 0 0 19 3 1 0 
39 32 0 0 0 0 0 1 0 0 0 0 0 0 0 0 1 1 0 0 0 0 0 18 1 0 0 3 1 0 
27 22 0 0 0 0 0 1 0 0 0 0 0 0 0 0 1 1 0 0 0 0 0 18 1 0 0 3 1 0 
16 11 0 0 0 0 0 1 0 0 0 0 0 0 0 0 1 1 0 0 0 0 0 7 1 0 3 3 1 0 
