https://www.perl.com/pub/a/2001/12/04/testing.html
phishing
10 9
1 8
1 3
1 6
1 0
1 9
1 5
1 4
1 2
1 7
21 15 0 0 0 0 0 2 0 0 0 0 0 0 0 1 1 1 0 0 0 0 0 12 1 0 0 3 1 0 
50 30 8 0 0 0 0 3 0 0 0 0 0 0 0 1 1 1 0 0 0 0 0 12 6 0 9 3 1 0 
33 27 0 0 0 0 0 1 0 0 0 0 0 0 0 0 1 1 0 0 0 0 0 10 2 0 0 3 1 0 
26 20 0 0 0 0 0 2 0 0 0 0 0 0 0 1 1 1 0 0 0 0 0 12 1 0 0 3 1 0 
38 30 0 0 0 0 0 3 0 0 0 0 0 0 0 1 1 1 0 0 0 0 0 12 2 0 0 3 1 0 
33 27 0 0 0 0 0 1 0 0 0 0 0 0 0 0 1 1 0 0 0 0 0 11 2 0 0 3 1 0 
25 19 0 0 0 0 0 2 0 0 0 0 0 0 0 1 1 1 0 0 0 0 0 12 1 0 0 3 1 0 
16 12 0 0 0 0 0 1 0 0 0 0 0 0 0 0 1 1 0 0 0 0 0 8 0 0 0 3 1 0 
31 25 0 0 0 0 0 2 0 0 0 0 0 0 0 1 1 1 0 0 0 0 0 12 1 0 0 3 1 0 
28 22 0 0 0 0 0 2 0 0 0 0 0 0 0 1 1 1 0 0 0 0 0 12 1 0 0 3 1 0 
