http://rabbikramerslegacy.com/tributes/the-shiva-period?font-size=smaller
defacement
10 9
1 9
1 8
1 5
1 4
1 0
1 2
1 3
1 6
1 7
43 36 0 0 0 0 0 2 0 0 0 0 0 0 0 1 1 1 0 0 0 0 0 26 2 0 0 3 1 0 
73 62 0 0 1 3 1 1 0 0 0 0 0 0 0 0 0 1 0 0 0 0 0 22 2 0 9 3 1 0 
61 51 0 0 0 3 0 2 0 0 0 0 0 0 0 1 1 1 0 0 0 0 0 26 2 0 0 3 1 0 
37 32 0 0 0 0 0 1 0 0 0 0 0 0 0 0 0 1 0 0 0 0 0 22 1 0 0 3 1 0 
38 33 0 0 0 0 0 1 0 0 0 0 0 0 0 0 0 1 0 0 0 0 0 22 1 0 0 3 1 0 
54 45 0 0 0 2 0 2 0 0 0 0 0 0 0 1 1 1 0 0 0 0 0 26 2 0 0 3 1 0 
55 47 0 0 0 2 0 1 0 0 0 0 0 0 0 0 0 1 0 0 0 0 0 22 2 0 0 3 1 0 
42 35 0 0 0 0 0 2 0 0 0 0 0 0 0 1 1 1 0 0 0 0 0 26 2 0 0 3 1 0 
57 47 0 0 0 3 0 2 0 0 0 0 0 0 0 1 1 1 0 0 0 0 0 26 2 0 0 3 1 0 
35 29 0 0 0 0 0 2 0 0 0 0 0 0 0 1 1 1 0 0 0 0 0 26 1 0 0 3 1 0 
