http://www.ayseteyze.com.tr/kahvalti.html?tmpl=component&print=1&page=
defacement
10 9
6 5
6 8
6 4
6 3
6 1
6 7
6 9
6 0
6 2
37 29 0 0 0 0 0 3 0 0 0 0 0 0 0 1 1 1 0 0 0 0 0 20 2 0 0 6 1 0 
29 22 0 0 0 0 0 3 0 0 0 0 0 0 0 1 1 1 0 0 0 0 0 20 1 0 0 6 1 0 
40 32 0 0 0 0 0 3 0 0 0 0 0 0 0 1 1 1 0 0 0 0 0 20 2 0 0 6 1 0 
50 41 0 0 0 1 0 3 0 0 0 0 0 0 0 1 1 1 0 0 0 0 0 20 2 0 0 6 1 0 
38 30 0 0 0 0 0 3 0 0 0 0 0 0 0 1 1 1 0 0 0 0 0 20 2 0 0 6 1 0 
45 36 0 0 0 1 0 3 0 0 0 0 0 0 0 1 1 1 0 0 0 0 0 20 2 0 0 6 1 0 
70 55 1 0 1 0 3 4 0 0 0 0 0 0 0 1 0 1 0 0 0 0 0 20 1 0 9 6 1 0 
39 31 0 0 0 0 0 3 0 0 0 0 0 0 0 1 1 1 0 0 0 0 0 20 2 0 0 6 1 0 
36 28 0 0 0 0 0 3 0 0 0 0 0 0 0 1 1 1 0 0 0 0 0 20 2 0 0 6 1 0 
40 31 0 0 0 1 0 3 0 0 0 0 0 0 0 1 1 1 0 0 0 0 0 20 2 0 0 6 1 0 
