https://encyclopedia2.thefreedictionary.com/Canadian+National+Railway
benign
10 9
4 1
4 0
4 9
4 7
4 3
4 6
4 2
4 8
4 5
64 56 0 0 0 0 0 3 0 0 0 0 0 0 0 0 1 1 0 0 1 0 0 28 2 0 0 3 1 0 
47 40 0 0 0 0 0 3 0 0 0 0 0 0 0 0 1 1 0 0 1 0 0 28 1 0 0 3 1 0 
50 39 1 0 0 0 0 3 0 0 0 0 0 0 0 1 1 1 0 0 1 0 0 25 3 0 0 3 1 0 
50 39 1 0 0 0 0 3 0 0 0 0 0 0 0 1 1 1 0 0 1 0 0 25 3 0 0 3 1 0 
69 60 1 0 0 0 0 2 0 0 2 0 0 0 0 0 1 1 0 0 1 0 0 35 1 0 19 3 1 0 
40 33 0 0 0 0 0 3 0 0 0 0 0 0 0 0 0 1 0 0 1 0 0 24 1 0 0 3 1 0 
57 47 1 0 0 0 0 3 0 0 0 0 0 0 0 0 1 1 0 0 1 0 0 35 2 0 0 3 1 0 
54 47 0 0 0 0 0 3 0 0 0 0 0 0 0 0 1 1 0 0 1 0 0 28 1 0 0 3 1 0 
33 28 0 0 0 0 0 2 0 0 0 0 0 0 0 1 1 1 0 0 1 0 0 25 0 0 0 3 1 0 
79 66 1 0 0 1 0 3 0 0 0 0 0 0 0 0 1 1 0 0 1 0 0 35 4 0 0 3 1 0 
