http://www.briard-profi.de/unsere-briard-welpen/9-c-wurf.html
defacement
10 9
2 4
2 6
2 0
2 8
2 1
2 7
2 9
2 3
2 5
40 31 0 0 0 2 0 2 0 0 0 0 0 0 0 1 1 1 0 0 0 0 0 19 2 0 0 2 1 0 
43 34 0 0 0 1 0 2 0 0 0 0 0 0 0 1 1 1 0 0 0 0 0 19 3 0 0 2 1 0 
61 47 1 0 0 5 0 3 0 0 0 0 0 0 0 1 0 1 0 0 0 0 0 19 2 0 13 2 1 0 
27 21 0 0 0 1 0 2 0 0 0 0 0 0 0 1 1 1 0 0 0 0 0 19 0 0 0 2 1 0 
28 21 0 0 0 1 0 2 0 0 0 0 0 0 0 1 1 1 0 0 0 0 0 19 1 0 0 2 1 0 
36 21 6 0 0 1 0 2 0 0 0 0 0 0 0 1 1 1 0 0 0 0 0 19 3 0 0 2 1 0 
36 21 6 0 0 1 0 2 0 0 0 0 0 0 0 1 1 1 0 0 0 0 0 19 3 0 0 2 1 0 
43 34 0 0 0 1 0 2 0 0 0 0 0 0 0 1 1 1 0 0 0 0 0 19 3 0 0 2 1 0 
36 21 6 0 0 1 0 2 0 0 0 0 0 0 0 1 1 1 0 0 0 0 0 19 3 0 0 2 1 0 
50 41 0 0 0 1 0 2 0 0 0 0 0 0 0 1 1 1 0 0 0 0 0 19 3 0 0 2 1 0 
