https://www.state.wv.us/admin/purchase/
phishing
10 9
4 8
4 6
4 2
4 1
4 0
4 7
4 3
4 5
4 9
55 44 0 0 0 0 0 4 0 0 0 0 0 0 0 1 1 1 0 0 0 0 0 15 4 0 0 5 1 0 
36 28 0 0 0 0 0 3 0 0 0 0 0 0 0 1 0 1 0 0 0 0 0 10 2 0 0 3 1 0 
58 47 1 0 0 0 0 4 0 0 0 0 0 0 0 1 0 1 0 0 0 0 0 15 3 0 0 5 1 0 
53 43 0 0 0 0 0 4 0 0 0 0 0 0 0 1 1 1 0 0 0 0 0 15 3 0 0 5 1 0 
39 30 0 0 0 0 0 3 0 0 0 0 0 0 0 1 1 1 0 0 0 0 0 15 3 0 9 5 1 0 
58 47 0 0 0 0 0 4 0 0 0 0 0 0 0 1 1 1 0 0 0 0 0 15 4 0 0 5 1 0 
32 26 0 0 0 0 0 3 0 0 0 0 0 0 0 1 0 1 0 0 0 0 0 25 0 0 0 3 1 0 
48 38 0 0 0 0 0 4 0 0 0 0 0 0 0 1 1 1 0 0 0 0 0 15 3 0 0 5 1 0 
55 44 0 0 0 0 0 4 0 0 0 0 0 0 0 1 1 1 0 0 0 0 0 15 4 0 0 5 1 0 
49 39 0 0 0 0 0 4 0 0 0 0 0 0 0 1 1 1 0 0 0 0 0 15 3 0 0 5 1 0 
