https://www.dcs.ed.ac.uk/home/tpcc/ML-Club/
phishing
10 9
0 8
0 7
0 1
0 3
0 4
0 9
0 6
0 2
0 5
43 31 0 0 0 1 0 4 0 0 0 0 0 0 0 1 1 1 0 0 0 0 0 16 4 0 9 5 1 0 
62 49 0 0 0 1 0 5 0 0 0 0 0 0 0 1 1 1 0 0 0 0 0 16 4 0 0 5 1 0 
42 32 0 0 0 1 0 3 0 0 0 0 0 0 0 0 0 1 0 0 0 0 0 16 3 0 0 3 1 0 
57 44 0 0 0 1 0 5 0 0 0 0 0 0 0 1 1 1 0 0 0 0 0 16 4 0 0 5 1 0 
31 24 0 1 0 0 0 3 0 0 0 0 0 0 0 0 0 0 0 0 0 0 0 22 0 0 0 5 1 0 
59 45 0 0 0 1 0 5 0 0 0 0 0 0 0 1 1 1 0 0 0 0 0 16 5 0 0 5 1 0 
26 19 0 1 0 0 0 3 0 0 0 0 0 0 0 0 0 0 0 0 0 0 0 17 0 0 0 5 1 0 
29 20 0 0 0 0 0 4 0 0 0 0 0 0 0 1 0 1 0 0 0 0 0 16 2 0 0 5 1 0 
59 45 0 0 0 1 0 5 0 0 0 0 0 0 0 1 1 1 0 0 0 0 0 16 5 0 0 5 1 0 
55 42 0 0 0 1 0 5 0 0 0 0 0 0 0 1 1 1 0 0 0 0 0 16 4 0 0 5 1 0 
