https://fiberarts.org/design/articles/mercerized.html
phishing
10 9
4 6
4 2
4 3
4 8
4 9
4 1
4 5
4 0
4 7
21 16 0 0 0 0 0 1 0 0 0 0 0 0 0 0 0 1 0 0 0 0 0 13 1 0 0 3 0 0 
41 34 0 0 0 0 0 1 0 0 0 0 0 0 0 0 1 1 0 0 0 0 0 13 3 0 0 3 1 0 
30 22 0 0 0 0 0 2 0 0 0 0 0 0 0 0 1 1 0 0 0 0 0 13 2 0 0 3 1 0 
44 37 0 0 0 0 0 1 0 0 0 0 0 0 0 0 1 1 0 0 0 0 0 13 3 0 0 3 1 0 
53 45 0 0 0 0 0 2 0 0 0 0 0 0 0 0 1 1 0 0 0 0 0 13 3 0 11 3 1 0 
34 28 0 0 0 0 0 1 0 0 0 0 0 0 0 0 1 1 0 0 0 0 0 13 2 0 0 3 1 0 
40 33 0 0 0 0 0 1 0 0 0 0 0 0 0 0 1 1 0 0 0 0 0 13 3 0 0 3 1 0 
22 17 0 0 0 0 0 1 0 0 0 0 0 0 0 0 1 1 0 0 0 0 0 13 1 0 0 3 1 0 
38 31 0 0 0 0 0 1 0 0 0 0 0 0 0 0 1 1 0 0 0 0 0 13 3 0 0 3 1 0 
31 25 0 0 0 0 0 1 0 0 0 0 0 0 0 0 1 1 0 0 0 0 0 13 2 0 0 3 1 0 
