http://www.manganellipalace.it/piazza-duomo.html
defacement
10 9
9 0
9 8
9 4
9 3
9 7
9 2
9 5
9 6
9 1
57 48 0 0 0 2 0 2 0 0 0 0 0 0 0 1 1 1 0 0 0 0 0 23 2 0 0 2 1 0 
32 26 0 0 0 0 0 2 0 0 0 0 0 0 0 1 1 1 0 0 0 0 0 23 1 0 0 2 1 0 
31 26 0 0 0 0 0 2 0 0 0 0 0 0 0 1 1 1 0 0 0 0 0 23 0 0 0 2 1 0 
40 33 0 0 0 0 0 1 0 0 0 0 0 0 0 0 1 1 0 0 0 0 0 15 3 0 0 3 1 0 
45 37 0 0 0 1 0 2 0 0 0 0 0 0 0 1 1 1 0 0 0 0 0 23 2 0 0 2 1 0 
44 35 0 0 0 2 0 2 0 0 0 0 0 0 0 1 1 1 0 0 0 0 0 23 2 0 0 2 1 0 
55 45 0 0 0 3 0 2 0 0 0 0 0 0 0 1 1 1 0 0 0 0 0 23 2 0 0 2 1 0 
47 39 0 0 0 1 0 2 0 0 0 0 0 0 0 1 1 1 0 0 0 0 0 23 2 0 0 2 1 0 
56 46 0 0 0 3 0 2 0 0 0 0 0 0 0 1 1 1 0 0 0 0 0 23 2 0 0 2 1 0 
48 40 0 0 0 1 0 3 0 0 0 0 0 0 0 1 0 1 0 0 0 0 0 23 1 0 14 2 1 0 
