http://bjpgqsc.com/cp/class/?0.html&page=2&showtj=&showhot=&key=
malware
10 9
1 2
1 5
1 6
1 4
1 9
1 0
7 8
7 3
7 1
31 25 0 0 0 0 0 2 0 0 0 0 0 0 0 0 0 1 0 0 0 0 0 11 1 0 0 3 1 0 
21 16 0 0 0 0 0 2 0 0 0 0 0 0 0 1 0 1 0 0 0 0 0 14 0 0 7 3 1 0 
30 24 0 0 0 0 0 2 0 0 0 0 0 0 0 0 0 1 0 0 0 0 0 11 1 0 0 3 1 0 
34 27 0 0 0 0 0 3 0 0 0 0 0 0 0 0 0 1 0 0 0 0 0 11 1 0 0 3 1 0 
22 17 0 0 0 0 0 2 0 0 0 0 0 0 0 1 1 1 0 0 0 0 0 14 0 0 0 3 1 0 
28 22 0 0 0 0 0 1 0 0 0 0 0 0 0 0 0 1 0 0 0 0 0 11 2 0 0 3 1 0 
27 21 0 0 0 0 0 1 0 0 0 0 0 0 0 0 0 1 0 0 0 0 0 11 2 0 0 3 1 0 
64 45 2 0 1 0 4 2 0 0 0 0 0 0 0 0 0 1 0 0 0 0 0 11 3 0 3 3 1 0 
35 28 0 0 0 0 0 3 0 0 0 0 0 0 0 0 0 1 0 0 0 0 0 11 1 0 0 3 1 0 
28 21 0 0 0 0 0 1 0 0 0 0 0 0 0 0 0 1 0 0 0 0 0 11 3 0 0 3 1 0 
