https://songlyrics.com/yes/long-distance-runaround-lyrics/
benign
10 9
9 6
9 4
9 1
9 8
9 5
9 7
9 3
9 0
9 2
43 30 4 0 0 1 0 1 0 0 0 0 0 0 0 0 1 1 0 0 0 0 0 14 4 0 0 3 1 0 
39 34 0 0 0 0 0 1 0 0 0 0 0 0 0 0 1 1 0 0 0 0 0 14 1 0 0 3 1 0 
47 37 0 0 0 2 0 1 0 0 0 0 0 0 0 0 1 1 0 0 0 0 0 14 4 0 0 3 1 0 
44 36 0 0 0 2 0 2 0 0 0 0 0 0 0 0 1 1 0 0 0 0 0 14 1 0 0 3 1 0 
23 18 0 0 0 0 0 1 0 0 0 0 0 0 0 0 1 1 0 0 0 0 0 14 1 0 0 3 1 0 
46 38 0 0 0 2 0 2 0 0 0 0 0 0 0 0 1 1 0 0 0 0 0 14 1 0 0 3 1 0 
43 30 4 0 0 1 0 1 0 0 0 0 0 0 0 0 1 1 0 0 0 0 0 14 4 0 0 3 1 0 
33 24 3 0 0 0 0 2 0 0 0 0 0 0 0 0 1 1 0 0 0 0 0 14 1 0 0 3 1 0 
43 30 4 0 0 1 0 1 0 0 0 0 0 0 0 0 1 1 0 0 0 0 0 14 4 0 0 3 1 0 
58 48 0 0 0 3 0 1 0 0 0 0 0 0 0 0 1 1 0 0 0 0 0 14 3 0 9 3 1 0 
