https://defenceindustry.com.au
phishing
10 9
1 3
1 9
1 4
1 0
1 6
1 8
1 2
1 5
1 7
45 38 0 0 0 1 0 2 0 0 0 0 0 0 0 0 1 1 0 0 0 0 0 22 1 0 0 6 1 0 
30 25 0 0 0 0 0 2 0 0 0 0 0 0 0 0 1 1 0 0 0 0 0 22 0 0 11 6 1 0 
71 60 0 0 0 4 0 2 0 0 0 0 0 0 0 0 1 1 0 0 1 0 0 22 2 0 0 6 1 0 
75 63 0 0 0 4 0 2 0 0 0 0 0 0 0 0 1 1 0 0 1 0 0 22 3 0 0 6 1 0 
35 29 0 0 0 0 0 2 0 0 0 0 0 0 0 0 1 1 0 0 0 0 0 22 1 0 0 6 1 0 
38 32 0 0 0 0 0 2 0 0 0 0 0 0 0 0 1 1 0 0 0 0 0 22 1 0 0 6 1 0 
76 64 0 0 0 4 0 2 0 0 0 0 0 0 0 0 1 1 0 0 1 0 0 22 3 0 0 6 1 0 
44 37 0 0 0 1 0 2 0 0 0 0 0 0 0 0 1 1 0 0 0 0 0 22 1 0 0 6 1 0 
31 25 0 0 0 0 0 2 0 0 0 0 0 0 0 0 1 1 0 0 0 0 0 22 1 0 0 6 1 0 
39 32 0 0 0 1 0 2 0 0 0 0 0 0 0 0 1 1 0 0 0 0 0 22 1 0 0 6 1 0 
