https://linuxgazette.net/issue47/makarov.html
phishing
10 9
2 3
2 0
2 6
2 5
2 1
2 9
2 4
2 7
2 8
53 42 2 0 0 0 0 2 0 0 0 0 0 0 0 0 1 1 0 0 0 0 0 16 4 0 0 3 1 0 
50 39 2 0 0 0 0 2 0 0 0 0 0 0 0 0 1 1 0 0 0 0 0 16 4 0 0 3 1 0 
45 36 2 0 0 0 0 2 0 0 0 0 0 0 0 0 1 1 0 0 0 0 0 16 2 0 15 3 1 0 
28 23 0 1 0 0 0 1 0 0 0 0 0 0 0 0 0 0 0 0 0 0 0 19 0 0 0 3 1 0 
57 47 0 0 0 0 0 3 0 0 0 0 0 0 0 1 0 1 0 0 0 0 1 18 2 0 0 3 1 0 
23 18 0 0 0 0 0 2 0 0 0 0 0 0 0 1 0 1 0 0 0 0 0 16 0 0 0 3 1 0 
53 42 2 0 0 0 0 2 0 0 0 0 0 0 0 0 1 1 0 0 0 0 0 16 4 0 0 3 1 0 
51 40 2 0 0 0 0 2 0 0 0 0 0 0 0 0 1 1 0 0 0 0 0 16 4 0 0 3 1 0 
37 23 6 0 0 0 0 3 0 0 0 0 0 0 0 1 0 1 0 0 0 0 0 12 2 0 0 3 1 0 
51 40 2 0 0 0 0 2 0 0 0 0 0 0 0 0 1 1 0 0 0 0 0 16 4 0 0 3 1 0 
