https://cumminghome.com/news50000/obituaries/Specialist-Robert-Bobby-Burns-Obituary-Notice.shtml
benign
10 9
6 2
6 3
6 8
6 5
6 9
6 0
6 4
6 7
6 1
44 36 0 0 0 1 0 1 0 0 0 0 0 0 0 0 1 1 0 0 0 0 0 15 3 0 0 3 1 0 
40 33 0 0 0 0 0 1 0 0 0 0 0 0 0 0 1 1 0 0 0 0 0 15 3 0 0 3 1 0 
47 39 0 0 0 1 0 1 0 0 0 0 0 0 0 0 1 1 0 0 0 0 0 15 3 0 0 3 1 0 
24 19 0 0 0 0 0 1 0 0 0 0 0 0 0 0 1 1 0 0 0 0 0 15 1 0 0 3 1 0 
57 48 0 0 0 2 0 1 0 0 0 0 0 0 0 0 1 1 0 0 0 0 0 15 3 0 0 3 1 0 
47 39 0 0 0 1 0 1 0 0 0 0 0 0 0 0 1 1 0 0 0 0 0 15 3 0 0 3 1 0 
96 78 5 0 0 5 0 2 0 0 0 0 0 0 0 0 1 1 0 0 0 0 0 15 3 0 12 3 1 0 
41 34 0 0 0 0 0 1 0 0 0 0 0 0 0 0 1 1 0 0 0 0 0 15 3 0 0 3 1 0 
47 39 0 0 0 1 0 1 0 0 0 0 0 0 0 0 1 1 0 0 0 0 0 15 3 0 0 3 1 0 
51 42 0 0 0 2 0 1 0 0 0 0 0 0 0 0 1 1 0 0 0 0 0 15 3 0 0 3 1 0 
