https://www.sfgate.com/cgi-bin/article.cgi?f=/c/a/2002/01/04/MN228257.DTL
phishing
10 9
0 2
0 3
0 6
0 4
0 1
0 7
0 5
0 9
0 8
73 41 14 0 1 1 1 4 0 0 0 0 0 0 0 1 1 1 0 0 0 0 0 14 2 0 13 3 1 0 
23 17 0 0 0 0 0 2 0 0 0 0 0 0 0 1 1 1 0 0 0 0 0 14 1 0 0 3 1 0 
52 43 0 0 0 3 0 2 0 0 0 0 0 0 0 0 1 1 0 0 0 0 0 20 1 0 0 3 1 0 
93 68 8 0 0 1 0 3 0 0 0 0 0 0 0 1 1 1 0 0 0 0 0 14 4 0 0 3 1 0 
38 30 0 0 0 1 0 2 0 0 0 0 0 0 0 1 1 1 0 0 0 0 0 14 2 0 0 3 1 0 
42 34 0 0 0 1 0 2 0 0 0 0 0 0 0 0 1 1 0 0 0 0 0 15 2 0 0 3 1 0 
42 35 0 0 0 0 0 2 0 0 0 0 0 0 0 1 1 1 0 0 0 0 0 14 2 0 0 3 1 0 
61 42 8 0 0 2 0 3 0 0 0 0 0 0 0 1 1 1 0 0 0 0 0 14 3 0 0 3 1 0 
61 42 8 0 0 2 0 3 0 0 0 0 0 0 0 1 1 1 0 0 0 0 0 14 3 0 0 3 1 0 
42 33 0 0 0 1 0 3 0 0 0 0 0 0 0 1 1 1 0 0 0 0 0 14 2 0 0 3 1 0 
