http://venturebeat.com/2015/04/22/itunes-stops-working-for-windows-xp-users-apple-security-change-likely-to-blame/
benign
10 9
4 7
4 9
4 3
4 6
4 5
4 2
4 1
4 0
4 8
38 31 0 0 0 0 0 1 0 0 0 0 0 0 0 0 0 1 0 0 0 0 1 15 3 0 0 3 1 0 
59 50 0 0 0 2 0 3 0 0 0 0 0 0 0 0 1 1 0 0 0 0 1 20 1 0 0 3 1 0 
50 42 0 0 0 2 0 1 0 0 0 0 0 0 0 0 0 1 0 0 0 0 1 15 2 0 0 3 1 0 
23 18 0 0 0 0 0 1 0 0 0 0 0 0 0 0 0 1 0 0 0 0 1 15 1 0 0 3 1 0 
114 85 8 0 0 12 0 1 0 0 0 0 0 0 0 0 0 1 0 0 0 0 1 15 5 0 11 3 1 0 
35 28 0 0 0 0 0 1 0 0 0 0 0 0 0 0 0 1 0 0 0 0 1 15 3 0 0 3 1 0 
30 25 0 0 0 0 0 2 0 0 0 0 0 0 0 0 1 1 0 0 0 0 1 22 0 0 0 3 1 0 
35 27 0 0 0 1 0 1 0 0 0 0 0 0 0 0 0 1 0 0 0 0 1 15 3 0 0 3 1 0 
47 37 0 0 0 3 0 1 0 0 0 0 0 0 0 0 0 1 0 0 0 0 1 15 3 0 0 3 1 0 
29 23 0 0 0 0 0 1 0 0 0 0 0 0 0 0 0 1 0 0 0 0 1 15 2 0 0 3 1 0 
