https://somethingawful.com/d/hogosphere/mark-funkhouser-semler.php?page=2
benign
10 9
1 3
1 9
1 8
1 7
1 2
1 5
1 6
1 4
1 0
37 30 0 0 0 1 0 1 0 0 0 0 0 0 0 0 1 1 0 0 0 0 0 18 2 0 0 3 1 0 
73 60 1 0 1 2 1 2 0 0 0 0 0 0 0 0 1 1 0 0 0 0 0 18 3 0 11 3 1 0 
48 40 0 0 0 2 0 1 0 0 0 0 0 0 0 0 1 1 0 0 0 0 0 18 2 0 0 3 1 0 
46 39 0 0 0 1 0 1 0 0 0 0 0 0 0 0 1 1 0 0 0 0 0 18 2 0 0 3 1 0 
45 38 0 0 0 1 0 1 0 0 0 0 0 0 0 0 1 1 0 0 0 0 0 18 2 0 0 3 1 0 
32 26 0 0 0 0 0 1 0 0 0 0 0 0 0 0 1 1 0 0 0 0 0 18 2 0 0 3 1 0 
46 38 0 0 0 2 0 1 0 0 0 0 0 0 0 0 1 1 0 0 0 0 0 18 2 0 0 3 1 0 
33 27 0 0 0 0 0 2 0 0 0 0 0 0 0 0 0 1 0 0 0 0 0 25 1 0 0 3 1 0 
27 22 0 0 0 0 0 1 0 0 0 0 0 0 0 0 1 1 0 0 0 0 0 18 1 0 0 3 1 0 
43 36 0 0 0 1 0 1 0 0 0 0 0 0 0 0 1 1 0 0 0 0 0 18 2 0 0 3 1 0 
