http://tasche.com.br/ad/
phishing
10 9
7 4
7 1
7 0
7 3
7 9
7 2
7 5
7 8
7 6
58 47 0 0 0 3 0 2 0 0 0 0 0 0 0 0 1 1 0 0 0 0 0 13 3 0 0 6 1 0 
47 38 0 0 0 1 0 2 0 0 0 0 0 0 0 0 1 1 0 0 0 0 0 13 3 0 0 6 1 0 
49 40 0 0 0 1 0 2 0 0 0 0 0 0 0 0 1 1 0 0 0 0 0 13 3 0 0 6 1 0 
48 39 0 0 0 1 0 2 0 0 0 0 0 0 0 0 1 1 0 0 0 0 0 13 3 0 0 6 1 0 
46 37 0 0 0 1 0 2 0 0 0 0 0 0 0 0 1 1 0 0 0 0 0 13 3 0 0 6 1 0 
52 41 0 0 0 1 0 3 0 0 0 0 0 0 0 0 1 1 0 0 0 0 0 13 4 0 0 6 1 0 
52 43 0 0 0 1 0 2 0 0 0 0 0 0 0 0 1 1 0 0 0 0 0 13 3 0 0 6 1 0 
24 17 0 0 0 0 0 2 0 0 0 0 0 0 0 0 0 1 0 0 0 0 0 13 2 0 15 6 1 0 
22 16 0 0 0 0 0 2 0 0 0 0 0 0 0 0 1 1 0 0 0 0 0 13 1 0 0 6 1 0 
49 40 0 0 0 1 0 2 0 0 0 0 0 0 0 0 1 1 0 0 0 0 0 13 3 0 0 6 1 0 
