https://www.technical-textiles.net/tti.htm
phishing
10 9
4 8
4 2
4 9
4 5
6 7
6 0
6 4
6 3
6 1
39 32 0 0 0 1 0 2 0 0 0 0 0 0 0 1 1 1 0 0 0 0 0 26 1 0 0 3 1 0 
65 55 0 0 0 3 0 2 0 0 0 0 0 0 0 1 1 1 0 0 0 0 0 26 2 0 0 3 1 0 
51 44 0 0 0 1 0 2 0 0 0 0 0 0 0 1 0 1 0 0 0 0 0 29 1 0 0 6 1 0 
94 77 4 0 0 7 0 2 0 0 0 0 0 0 0 1 1 1 0 0 0 0 0 26 1 0 0 3 1 0 
35 28 0 0 0 1 0 2 0 0 0 0 0 0 0 1 1 1 0 0 0 0 0 26 1 0 7 3 1 0 
43 36 0 0 0 1 0 2 0 0 0 0 0 0 0 1 1 1 0 0 0 0 0 26 1 0 0 3 1 0 
42 34 0 0 0 1 0 3 0 0 0 0 0 0 0 1 1 1 0 0 0 0 0 26 1 0 9 3 1 0 
94 77 4 0 0 7 0 2 0 0 0 0 0 0 0 1 1 1 0 0 0 0 0 26 1 0 0 3 1 0 
39 32 0 0 0 1 0 2 0 0 0 0 0 0 0 1 1 1 0 0 0 0 0 26 1 0 0 3 1 0 
48 39 0 0 0 1 0 3 0 0 0 0 0 0 0 1 1 1 0 0 0 0 0 26 1 0 0 3 1 0 
