https://www.inception.nl/?lang=en
phishing
10 9
9 6
9 0
9 2
9 1
9 8
9 3
9 7
9 4
9 5
49 42 0 0 0 0 0 1 0 0 0 0 0 0 0 0 1 1 0 0 0 0 0 12 3 0 0 2 1 0 
48 41 0 0 0 0 0 1 0 0 0 0 0 0 0 0 1 1 0 0 0 0 0 12 3 0 0 2 1 0 
30 24 0 0 0 0 0 1 0 0 0 0 0 0 0 0 1 1 0 0 0 0 0 12 2 0 0 2 1 0 
37 30 0 0 0 0 0 1 0 0 0 0 0 0 0 0 1 1 0 0 0 0 0 12 3 0 0 2 1 0 
47 40 0 0 0 0 0 1 0 0 0 0 0 0 0 0 1 1 0 0 0 0 0 12 3 0 0 2 1 0 
25 19 0 0 0 0 0 2 0 0 0 0 0 0 0 1 1 1 0 0 0 0 0 16 1 0 0 2 1 0 
21 16 0 0 0 0 0 1 0 0 0 0 0 0 0 0 1 1 0 0 0 0 0 12 1 0 0 2 1 0 
57 48 0 0 0 2 0 1 0 0 0 0 0 0 0 0 1 1 0 0 0 0 0 12 3 0 0 2 1 0 
61 53 0 0 0 1 0 1 0 0 0 0 0 0 0 0 1 1 0 0 0 0 0 12 3 0 0 2 1 0 
33 25 0 0 1 0 1 2 0 0 0 0 0 0 0 1 1 1 0 0 0 0 0 16 1 0 9 2 1 0 
