http://www.egejewelry.com/index.php?option=com_rsgallery2&page=inline&gid=1&limit=1&limitstart=2
defacement
10 9
2 5
2 1
2 0
2 6
2 7
2 4
2 3
2 8
2 9
71 61 0 0 0 3 0 1 0 0 0 0 0 0 0 0 1 1 0 0 0 0 0 14 3 0 0 3 1 0 
35 28 0 0 0 0 0 3 0 0 0 0 0 0 0 1 0 1 0 0 0 0 0 18 1 0 0 3 1 0 
96 74 4 0 1 0 5 3 0 0 0 0 0 0 0 1 0 1 0 0 0 0 0 18 1 0 11 3 1 0 
71 61 0 0 0 3 0 1 0 0 0 0 0 0 0 0 1 1 0 0 0 0 0 14 3 0 0 3 1 0 
26 20 0 0 0 0 0 2 0 0 0 0 0 0 0 1 0 1 0 0 0 0 0 18 1 0 0 3 1 0 
55 47 0 0 0 2 0 1 0 0 0 0 0 0 0 0 1 1 0 0 0 0 0 14 2 0 0 3 1 0 
54 46 0 0 0 2 0 1 0 0 0 0 0 0 0 0 1 1 0 0 0 0 0 14 2 0 0 3 1 0 
45 38 0 0 0 1 0 2 0 0 0 0 0 0 0 1 0 1 0 0 0 0 0 18 1 0 0 3 1 0 
69 59 0 0 0 3 0 1 0 0 0 0 0 0 0 0 1 1 0 0 0 0 0 14 3 0 0 3 1 0 
39 33 0 0 0 1 0 1 0 0 0 0 0 0 0 0 1 1 0 0 0 0 0 14 1 0 0 3 1 0 
