https://www.jaristudios.com/textile/
phishing
10 9
9 8
9 5
9 2
9 0
9 7
9 1
9 3
9 4
9 6
62 38 15 0 0 1 0 2 0 0 0 0 0 0 0 1 1 1 0 0 0 0 0 16 3 0 0 3 1 0 
33 27 0 0 0 0 0 1 0 0 0 0 0 0 0 0 1 1 0 0 0 0 0 15 2 0 0 3 1 0 
33 26 0 0 0 1 0 1 0 0 0 0 0 0 0 0 1 1 0 0 0 0 0 15 2 0 0 3 1 0 
33 26 0 0 0 1 0 1 0 0 0 0 0 0 0 0 1 1 0 0 0 0 0 15 2 0 0 3 1 0 
53 44 0 0 0 2 0 1 0 0 0 0 0 0 0 0 1 1 0 0 0 0 0 15 3 0 0 3 1 0 
35 28 0 0 0 1 0 1 0 0 0 0 0 0 0 0 1 1 0 0 0 0 0 15 2 0 0 3 1 0 
61 52 0 0 0 2 0 1 0 0 0 0 0 0 0 0 1 1 0 0 0 0 0 15 3 0 0 3 1 0 
24 19 0 0 0 0 0 1 0 0 0 0 0 0 0 0 1 1 0 0 0 0 0 15 1 0 0 3 1 0 
63 54 0 0 0 2 0 1 0 0 0 0 0 0 0 0 1 1 0 0 0 0 0 15 3 0 0 3 1 0 
36 29 0 0 0 0 0 2 0 0 0 0 0 0 0 1 1 1 0 0 0 0 0 19 2 0 12 3 1 0 
