https://mohhsus.com/?page_id=1338
benign
10 9
4 1
4 7
4 2
4 5
4 9
4 3
4 0
4 6
4 8
86 63 2 0 0 13 0 2 0 0 0 0 0 0 0 1 1 1 0 0 0 0 0 15 3 0 0 3 1 0 
23 18 0 0 0 0 0 2 0 0 0 0 0 0 0 1 1 1 0 0 0 0 0 15 0 0 0 3 1 0 
84 63 1 0 0 12 0 2 0 0 0 0 0 0 0 1 1 1 0 0 0 0 0 15 3 0 0 3 1 0 
53 42 0 0 0 4 0 2 0 0 0 0 0 0 0 1 1 1 0 0 0 0 0 15 2 0 0 3 1 0 
33 21 4 0 1 0 1 1 0 0 0 0 0 0 0 0 1 1 0 0 0 0 0 11 1 0 9 3 1 0 
84 63 1 0 0 12 0 2 0 0 0 0 0 0 0 1 1 1 0 0 0 0 0 15 3 0 0 3 1 0 
24 18 0 0 0 0 0 2 0 0 0 0 0 0 0 1 1 1 0 0 0 0 0 15 1 0 0 3 1 0 
57 44 1 0 0 5 0 2 0 0 0 0 0 0 0 1 1 1 0 0 0 0 0 15 2 0 0 3 1 0 
38 30 0 0 0 2 0 2 0 0 0 0 0 0 0 1 1 1 0 0 0 0 0 15 1 0 0 3 1 0 
84 63 1 0 0 12 0 2 0 0 0 0 0 0 0 1 1 1 0 0 0 0 0 15 3 0 0 3 1 0 
