https://email.about.com/od/yahoomailtips/
phishing
10 9
9 5
9 8
9 7
9 6
9 2
9 4
9 3
9 1
9 0
103 78 7 0 0 12 0 2 0 0 0 0 0 0 0 1 1 1 0 0 0 0 0 16 1 0 0 3 1 0 
103 76 9 0 0 12 0 2 0 0 0 0 0 0 0 1 1 1 0 0 0 0 0 16 1 0 0 3 1 0 
37 23 7 0 0 1 0 2 0 0 0 0 0 0 0 1 1 1 0 0 0 0 0 16 1 0 0 3 1 0 
96 72 7 0 0 11 0 2 0 0 0 0 0 0 0 1 1 1 0 0 0 0 0 16 1 0 0 3 1 0 
111 81 9 0 0 15 0 2 0 0 0 0 0 0 0 1 1 1 0 0 0 0 0 16 1 0 0 3 1 0 
96 72 7 0 0 11 0 2 0 0 0 0 0 0 0 1 1 1 0 0 1 0 0 16 1 0 0 3 1 0 
24 18 0 0 0 0 0 2 0 0 0 0 0 0 0 0 1 1 0 0 0 0 1 15 1 0 0 3 1 0 
104 76 8 0 0 14 0 2 0 0 0 0 0 0 0 1 1 1 0 0 0 0 0 16 1 0 0 3 1 0 
95 69 8 0 0 12 0 2 0 0 0 0 0 0 0 1 1 1 0 0 0 0 0 16 1 0 0 3 1 0 
41 33 0 0 0 0 0 2 0 0 0 0 0 0 0 0 1 1 0 0 0 0 1 15 3 0 10 3 1 0 
