http://variety.com/2015/film/global/cannes-freeman-warner-bros-czech-republic-1201494532/
benign
10 9
2 4
2 6
2 5
2 7
2 3
2 0
2 8
2 9
2 1
23 18 0 0 0 0 0 1 0 0 0 0 0 0 0 0 0 1 0 0 0 0 0 11 1 0 0 3 1 0 
46 38 0 0 0 2 0 1 0 0 0 0 0 0 0 0 0 1 0 0 0 0 0 11 2 0 0 3 1 0 
89 60 14 0 0 6 0 1 0 0 0 0 0 0 0 0 0 1 0 0 1 0 0 11 5 0 14 3 1 0 
39 31 0 0 0 0 0 3 0 0 0 0 0 0 0 0 1 1 0 0 0 0 0 23 2 0 0 3 1 0 
26 19 0 0 0 0 0 1 0 0 0 0 0 0 0 0 0 1 0 0 0 0 0 11 3 0 0 3 1 0 
28 21 0 0 0 0 0 1 0 0 0 0 0 0 0 0 0 1 0 0 0 0 0 11 3 0 0 3 1 0 
45 37 0 0 0 2 0 1 0 0 0 0 0 0 0 0 0 1 0 0 0 0 0 11 2 0 0 3 1 0 
34 27 0 0 0 1 0 1 0 0 0 0 0 0 0 0 0 1 0 0 0 0 0 11 2 0 0 3 1 0 
37 29 0 0 0 1 0 1 0 0 0 0 0 0 0 0 0 1 0 0 0 0 0 11 3 0 0 3 1 0 
19 14 0 0 0 0 0 1 0 0 0 0 0 0 0 0 0 1 0 0 0 0 0 11 1 0 0 3 1 0 
