https://worldconnect.rootsweb.ancestry.com/cgi-bin/igm.cgi?op=DESC&db=lareau-20&id=I563
benign
10 9
1 8
8 0
8 7
8 2
8 3
8 9
8 6
8 5
8 4
81 70 0 0 0 2 0 3 0 0 0 0 0 0 0 0 1 1 0 0 0 0 0 34 3 0 0 3 1 0 
87 65 5 0 1 2 3 4 0 0 0 0 0 0 0 0 1 1 0 0 0 0 0 34 2 0 1 3 1 0 
79 66 0 0 0 4 0 3 0 0 0 0 0 0 0 0 1 1 0 0 0 0 0 34 3 0 0 3 1 0 
72 61 0 0 0 2 0 3 0 0 0 0 0 0 0 0 1 1 0 0 0 0 0 34 3 0 0 3 1 0 
81 69 0 0 0 3 0 3 0 0 0 0 0 0 0 0 1 1 0 0 0 0 0 34 3 0 0 3 1 0 
53 45 0 0 0 0 0 3 0 0 0 0 0 0 0 0 1 1 0 0 0 0 0 34 2 0 0 3 1 0 
58 49 0 0 0 1 0 3 0 0 0 0 0 0 0 0 1 1 0 0 0 0 0 34 2 0 0 3 1 0 
83 72 0 0 0 2 0 3 0 0 0 0 0 0 0 0 1 1 0 0 0 0 0 34 3 0 0 3 1 0 
26 21 0 0 0 0 0 2 0 0 0 0 0 0 0 1 1 1 0 0 0 0 0 18 0 0 8 3 1 0 
77 66 0 0 0 2 0 3 0 0 0 0 0 0 0 0 1 1 0 0 0 0 0 34 3 0 0 3 1 0 
