http://techcrunch.com/2014/01/15/mens-fashion-club-jackthreads-makes-online-shopping-less-lonely/
benign
10 9
0 9
0 5
0 6
0 3
0 1
1 8
1 4
1 2
1 7
97 72 8 0 0 8 0 1 0 0 0 0 0 0 0 0 0 1 0 0 0 0 0 14 5 0 5 3 1 0 
43 35 0 0 0 1 0 1 0 0 0 0 0 0 0 0 1 1 0 0 0 0 0 14 3 0 6 3 1 0 
31 26 0 0 0 0 0 1 0 0 0 0 0 0 0 0 0 1 0 0 0 0 0 11 1 0 0 3 1 0 
131 100 8 0 0 14 0 1 0 0 0 0 0 0 0 0 1 1 0 0 0 0 0 14 5 0 0 3 1 0 
89 62 12 0 0 6 0 1 0 0 0 0 0 0 0 0 1 1 0 0 0 0 0 14 5 0 0 3 1 0 
87 61 8 0 0 9 0 1 0 0 0 0 0 0 0 0 1 1 0 0 0 0 0 14 5 0 0 3 1 0 
32 27 0 0 0 0 0 1 0 0 0 0 0 0 0 0 1 1 0 0 0 0 0 11 1 0 0 3 1 0 
84 59 8 0 0 8 0 1 0 0 0 0 0 0 0 0 1 1 0 0 0 0 0 14 5 0 0 3 1 0 
46 38 0 0 0 1 0 2 0 0 0 0 0 0 0 1 1 1 0 0 0 0 0 18 2 0 0 3 1 0 
39 32 0 0 0 0 0 1 0 0 0 0 0 0 0 0 1 1 0 0 0 0 0 14 3 0 0 3 1 0 
