http://www.skovborg-regnskab.dk/index.php/ledelse-og-budget/budget-og-okonomistyring/79-vaekstpotentiale
defacement
10 9
6 5
6 3
6 2
6 9
6 0
6 4
6 1
6 8
6 7
38 31 0 0 0 1 0 1 0 0 0 0 0 0 0 0 1 1 0 0 0 0 0 13 2 0 0 2 1 0 
22 17 0 0 0 0 0 1 0 0 0 0 0 0 0 0 1 1 0 0 0 0 0 13 1 0 0 2 1 0 
36 30 0 0 0 0 0 1 0 0 0 0 0 0 0 0 1 1 0 0 0 0 0 13 2 0 0 2 1 0 
32 26 0 0 0 0 0 1 0 0 0 0 0 0 0 0 1 1 0 0 0 0 0 13 2 0 0 2 1 0 
39 33 0 0 0 0 0 1 0 0 0 0 0 0 0 0 1 1 0 0 0 0 0 13 2 0 0 2 1 0 
35 29 0 0 0 0 0 1 0 0 0 0 0 0 0 0 1 1 0 0 0 0 0 13 2 0 0 2 1 0 
104 86 2 0 0 6 0 3 0 0 0 0 0 0 0 1 0 1 0 0 0 0 0 24 4 0 10 2 1 0 
30 24 0 0 0 0 0 1 0 0 0 0 0 0 0 0 1 1 0 0 0 0 0 13 2 0 0 2 1 0 
37 29 0 0 0 2 0 1 0 0 0 0 0 0 0 0 1 1 0 0 0 0 0 13 2 0 0 2 1 0 
53 45 0 0 0 2 0 1 0 0 0 0 0 0 0 0 1 1 0 0 0 0 0 13 2 0 0 2 1 0 
