https://freewebarcade.com/game/action-driving-game/
benign
10 9
2 7
2 8
2 5
2 9
2 0
2 3
2 6
2 4
2 1
28 23 0 0 0 0 0 2 0 0 0 0 0 0 0 1 0 1 0 0 1 0 0 21 0 0 0 3 1 0 
48 40 0 0 0 1 0 3 0 0 0 0 0 0 0 1 0 1 0 0 1 0 0 21 1 0 0 3 1 0 
51 42 0 0 0 2 0 1 0 0 0 0 0 0 0 0 1 1 0 0 1 0 0 17 3 0 9 3 1 0 
39 32 0 0 0 0 0 3 0 0 0 0 0 0 0 1 0 1 0 0 1 0 0 21 1 0 0 3 1 0 
41 34 0 0 0 0 0 3 0 0 0 0 0 0 0 1 0 1 0 0 1 0 0 21 1 0 0 3 1 0 
48 39 0 0 0 2 0 3 0 0 0 0 0 0 0 1 0 1 0 0 1 0 0 21 1 0 0 3 1 0 
40 33 0 0 0 0 0 3 0 0 0 0 0 0 0 1 0 1 0 0 1 0 0 21 1 0 0 3 1 0 
51 42 0 0 0 2 0 3 0 0 0 0 0 0 0 1 0 1 0 0 1 0 0 21 1 0 0 3 1 0 
50 41 0 0 0 2 0 3 0 0 0 0 0 0 0 1 0 1 0 0 1 0 0 21 1 0 0 3 1 0 
38 29 1 0 0 0 0 2 0 0 0 0 0 0 0 1 0 1 0 0 1 0 0 21 3 0 0 3 1 0 
