http://www.ekino-neureut.de/index.php?option=com_weblinks&view=weblink&id=6:kirchenmusik-im-dekanat&catid=19:allgemein
defacement
10 9
6 7
6 0
6 3
6 2
6 8
6 9
6 4
6 5
6 1
51 40 2 0 0 2 0 1 0 0 0 0 0 0 0 0 1 1 0 0 0 0 0 16 3 0 0 2 1 0 
49 37 2 0 0 2 0 2 0 0 0 0 0 0 0 1 0 1 0 0 0 0 0 20 3 0 0 2 1 0 
60 44 4 0 0 2 0 2 0 2 0 0 0 0 0 1 0 1 0 0 0 0 0 20 3 0 0 2 1 0 
37 29 0 0 0 1 0 3 0 0 0 0 0 0 0 1 0 1 0 0 0 0 0 20 1 0 0 2 1 0 
50 38 2 0 0 2 0 2 0 0 0 0 0 0 0 1 0 1 0 0 0 0 0 20 3 0 0 2 1 0 
41 31 2 0 0 1 0 1 0 0 0 0 0 0 0 0 1 1 0 0 0 0 0 16 3 0 0 2 1 0 
118 94 3 0 1 3 4 3 0 0 0 0 0 0 0 1 0 1 0 0 0 0 0 20 1 0 10 2 1 0 
62 49 2 0 0 3 0 2 0 0 0 0 0 0 0 1 0 1 0 0 0 0 0 20 3 0 0 2 1 0 
54 43 2 0 0 1 0 2 0 0 0 0 0 0 0 1 0 1 0 0 0 0 0 20 3 0 0 2 1 0 
49 34 3 0 0 2 0 2 0 2 0 0 0 0 0 1 0 1 0 0 0 0 0 20 3 0 0 2 1 0 
