https://groups.google.com/group/Gmail-Generation
phishing
10 9
2 5
2 8
2 6
2 7
2 4
2 0
2 9
2 1
2 3
35 29 0 0 0 0 0 2 0 0 0 0 0 0 0 0 1 1 0 0 0 0 0 19 1 0 6 3 1 0 
40 34 0 0 0 0 0 2 0 0 0 0 0 0 0 0 1 1 0 0 1 0 0 19 1 0 1 3 1 0 
48 40 0 0 0 1 0 2 0 0 0 0 0 0 0 0 1 1 0 0 0 0 0 17 2 0 12 3 1 0 
64 53 0 0 0 1 0 2 0 0 0 0 0 0 0 0 1 1 0 0 0 0 0 17 5 0 0 3 1 0 
56 46 0 0 0 1 0 2 0 0 0 0 0 0 0 0 1 1 0 0 0 0 0 17 4 0 0 3 1 0 
64 51 2 0 0 1 0 2 0 0 0 0 0 0 0 0 1 1 0 0 0 0 0 17 5 0 0 3 1 0 
33 27 0 0 0 0 0 2 0 0 0 0 0 0 0 0 1 1 0 0 0 0 0 19 1 0 3 3 1 0 
50 41 0 0 0 1 0 2 0 0 0 0 0 0 0 0 1 1 0 0 0 0 0 17 3 0 0 3 1 0 
45 36 0 0 0 0 0 2 0 0 0 0 0 0 0 1 1 1 0 0 0 0 0 14 4 0 0 3 1 0 
41 33 0 0 0 1 0 2 0 0 0 0 0 0 0 0 1 1 0 0 0 0 0 17 2 0 0 3 1 0 
