http://www.harley-davidson-dijon.com/component/adsmanager/1-/730-
defacement
10 9
4 9
4 7
4 8
4 3
4 1
4 5
4 0
4 6
4 2
40 31 0 0 0 2 0 2 0 0 0 0 0 0 0 1 0 1 0 0 0 0 0 29 2 0 0 3 1 0 
52 42 0 0 0 2 0 3 0 0 0 0 0 0 0 1 0 1 0 0 0 0 0 29 2 0 0 3 1 0 
52 42 0 0 0 2 0 3 0 0 0 0 0 0 0 1 0 1 0 0 0 0 0 29 2 0 0 3 1 0 
55 45 0 0 0 2 0 3 0 0 0 0 0 0 0 1 0 1 0 0 0 0 0 29 2 0 0 3 1 0 
65 48 4 0 0 4 0 2 0 0 0 0 0 0 0 1 0 1 0 0 0 0 0 29 4 0 9 3 1 0 
52 42 0 0 0 2 0 3 0 0 0 0 0 0 0 1 0 1 0 0 0 0 0 29 2 0 0 3 1 0 
58 47 0 0 0 3 0 3 0 0 0 0 0 0 0 1 0 1 0 0 0 0 0 29 2 0 0 3 1 0 
57 46 0 0 0 3 0 3 0 0 0 0 0 0 0 1 0 1 0 0 0 0 0 29 2 0 0 3 1 0 
60 49 0 0 0 3 0 3 0 0 0 0 0 0 0 1 0 1 0 0 0 0 0 29 2 0 0 3 1 0 
55 45 0 0 0 2 0 3 0 0 0 0 0 0 0 1 0 1 0 0 0 0 0 29 2 0 0 3 1 0 
