https://poraodigital.com.br
phishing
10 9
3 7
7 1
7 9
7 6
7 4
7 0
7 5
7 8
7 2
61 50 1 0 0 0 0 3 0 0 0 0 0 0 0 0 1 1 0 0 0 0 0 19 3 0 0 6 1 0 
25 19 0 0 0 0 0 3 0 0 0 0 0 0 0 1 0 1 0 0 0 0 1 18 0 0 0 6 1 0 
56 47 0 0 0 0 0 3 0 0 0 0 0 0 0 0 1 1 0 0 0 0 0 19 3 0 0 6 1 0 
27 22 0 0 0 0 0 2 0 0 0 0 0 0 0 0 1 1 0 0 0 0 0 19 0 0 1 6 1 0 
34 28 0 0 0 0 0 3 0 0 0 0 0 0 0 1 0 1 0 0 0 0 0 27 0 0 0 6 1 0 
31 25 0 0 0 0 0 3 0 0 0 0 0 0 0 1 0 1 0 0 0 0 1 24 0 0 0 6 1 0 
61 50 1 0 0 0 0 3 0 0 0 0 0 0 0 0 1 1 0 0 0 0 0 19 3 0 0 6 1 0 
24 19 0 0 0 0 0 2 0 0 0 0 0 0 0 0 0 1 0 0 0 0 0 17 0 0 41 6 1 0 
61 50 1 0 0 0 0 3 0 0 0 0 0 0 0 0 1 1 0 0 0 0 0 19 3 0 0 6 1 0 
34 27 0 0 0 0 0 2 0 0 0 0 0 0 0 0 0 1 0 0 0 1 0 25 2 0 0 6 1 0 
