https://barnonemilwaukee.com/
benign
10 9
0 7
0 4
0 5
0 8
0 9
0 2
0 6
0 1
0 3
29 24 0 0 0 0 0 1 0 0 0 0 0 0 0 0 1 1 0 0 0 0 0 20 1 0 10 3 1 0 
40 34 0 0 0 0 0 2 0 0 0 0 0 0 0 0 1 1 0 0 0 0 0 20 1 0 0 3 1 0 
40 34 0 0 0 0 0 2 0 0 0 0 0 0 0 1 0 1 0 0 0 0 0 16 1 0 0 3 1 0 
33 27 0 0 0 0 0 2 0 0 0 0 0 0 0 1 0 1 0 0 0 0 0 15 1 0 0 3 1 0 
26 21 0 0 0 0 0 2 0 0 0 0 0 0 0 1 0 1 0 0 0 0 0 19 0 0 0 3 1 0 
42 36 0 0 0 0 0 2 0 0 0 0 0 0 0 0 1 1 0 0 0 0 0 20 1 0 0 3 1 0 
39 33 0 0 0 0 0 2 0 0 0 0 0 0 0 0 1 1 0 0 0 0 0 20 1 0 0 3 1 0 
41 35 0 0 0 0 0 2 0 0 0 0 0 0 0 0 1 1 0 0 0 0 0 20 1 0 0 3 1 0 
39 33 0 0 0 0 0 2 0 0 0 0 0 0 0 0 1 1 0 0 0 0 0 20 1 0 0 3 1 0 
39 33 0 0 0 0 0 2 0 0 0 0 0 0 0 0 1 1 0 0 0 0 0 20 1 0 0 3 1 0 
