https://imortuary.com/funeral-homes/new-jersey/long-branch.php
benign
10 9
0 4
0 5
0 1
0 3
0 2
0 7
0 9
0 8
0 6
62 51 0 0 0 3 0 2 0 0 0 0 0 0 0 0 1 1 0 0 0 0 0 13 3 0 15 3 1 0 
80 66 0 0 0 5 0 1 0 0 0 0 0 0 0 0 1 1 0 0 0 0 0 13 5 0 0 3 1 0 
32 26 0 0 0 0 0 1 0 0 0 0 0 0 0 0 1 1 0 0 0 0 0 13 2 0 0 3 1 0 
22 17 0 0 0 0 0 1 0 0 0 0 0 0 0 0 1 1 0 0 0 0 0 13 1 0 0 3 1 0 
47 38 0 0 0 2 0 1 0 0 0 0 0 0 0 0 1 1 0 0 0 0 0 13 3 0 0 3 1 0 
31 26 0 0 0 0 0 1 0 0 0 0 0 0 0 0 1 1 0 0 0 0 0 22 1 0 0 3 1 0 
27 21 0 0 0 0 0 1 0 0 0 0 0 0 0 0 1 1 0 0 0 0 0 13 2 0 0 3 1 0 
59 49 0 0 0 3 0 2 0 0 0 0 0 0 0 0 1 1 0 0 0 0 0 13 2 0 0 3 1 0 
36 29 0 0 0 1 0 1 0 0 0 0 0 0 0 0 1 1 0 0 0 0 0 13 2 0 0 3 1 0 
16 3 10 0 0 0 0 0 0 0 0 0 0 0 0 0 0 0 0 0 0 0 0 10 0 0 0 0 1 0 
