http://notebookreparatur24.com/index.php/hilfe-tipps/herstellerliste.html
defacement
10 9
6 2
6 8
6 9
6 4
6 3
6 7
9 1
9 0
9 5
42 35 0 0 0 0 0 2 0 0 0 0 0 0 0 1 1 1 0 0 0 0 0 16 2 0 0 3 1 0 
18 3 12 0 0 0 0 0 0 0 0 0 0 0 0 0 0 0 0 0 0 0 0 12 0 0 0 0 1 0 
35 28 2 0 0 0 0 2 0 0 0 0 0 0 0 1 0 1 0 0 0 0 0 28 0 0 0 2 1 0 
52 43 2 0 0 1 0 2 0 0 0 0 0 0 0 0 0 1 0 0 1 0 0 23 1 0 0 3 1 0 
70 59 2 0 0 2 0 2 0 0 0 0 0 0 0 0 0 1 0 0 1 0 0 23 2 0 0 3 1 0 
25 9 11 0 0 0 0 1 0 0 0 0 0 0 0 0 1 1 0 0 0 0 0 5 1 0 0 2 1 0 
73 61 2 0 0 1 0 3 0 0 0 0 0 0 0 0 0 1 0 0 0 0 0 23 3 0 20 3 1 0 
71 60 2 0 0 2 0 2 0 0 0 0 0 0 0 0 0 1 0 0 1 0 0 23 2 0 0 3 1 0 
26 21 0 0 0 0 0 2 0 0 0 0 0 0 0 1 0 1 0 0 0 0 0 19 0 0 0 3 1 0 
22 16 0 0 0 1 0 2 0 0 0 0 0 0 0 1 0 1 0 0 0 0 0 15 0 0 3 2 1 0 
