https://fanbase.com/New-England-Revolution-2011
benign
10 9
3 1
3 8
3 7
3 9
3 2
3 4
3 6
3 0
4 5
39 32 0 0 0 0 0 2 0 0 0 0 0 0 0 1 1 1 0 0 0 0 0 17 2 0 0 3 1 0 
24 20 0 0 0 0 0 1 0 0 0 0 0 0 0 0 1 1 0 0 0 0 0 16 0 0 0 2 1 0 
33 29 0 0 0 0 0 1 0 0 0 0 0 0 0 0 0 1 0 0 0 0 0 26 0 0 0 3 1 0 
47 35 4 0 0 3 0 1 0 0 0 0 0 0 0 0 1 1 0 0 0 0 0 11 1 0 8 3 1 0 
35 31 0 0 0 0 0 1 0 0 0 0 0 0 0 0 0 1 0 0 0 0 0 28 0 0 1 3 1 0 
21 14 1 0 0 0 0 0 0 0 0 0 0 0 0 0 0 0 0 0 0 0 0 8 0 0 0 0 0 0 
33 27 0 0 0 0 0 1 0 0 0 0 0 0 0 0 1 1 0 0 0 0 0 11 2 0 0 3 1 0 
26 22 0 0 0 0 0 1 0 0 0 0 0 0 0 0 0 1 0 0 0 0 0 19 0 0 0 3 1 0 
25 21 0 0 0 0 0 1 0 0 0 0 0 0 0 0 1 1 0 0 0 0 1 17 0 0 0 3 1 0 
38 31 0 0 0 0 0 2 0 0 0 0 0 0 0 1 1 1 0 0 0 0 0 16 2 0 0 3 1 0 
