https://amazon.com/Transit-Rider-Faun-Fables/dp/B000ETRBA4
benign
10 9
0 7
0 1
0 6
1 4
1 2
1 9
1 5
1 3
1 8
58 44 4 0 0 3 0 1 0 0 0 0 0 0 0 0 1 1 0 0 0 0 0 10 3 0 3 3 1 0 
34 23 3 0 0 0 1 1 0 0 0 0 0 0 0 0 1 1 0 0 0 0 0 10 1 0 3 3 1 0 
31 24 0 0 0 0 1 1 0 0 0 0 0 0 0 0 1 1 0 0 0 0 0 10 1 0 0 3 1 0 
44 37 0 0 0 1 0 1 0 0 0 0 0 0 0 0 1 1 0 0 0 0 0 10 2 0 0 3 1 0 
39 31 0 0 0 1 0 1 0 0 0 0 0 0 0 0 1 1 0 0 0 0 0 10 3 0 0 3 1 0 
36 28 0 0 0 0 0 2 0 0 0 0 0 0 0 0 1 1 0 0 0 0 0 10 3 0 0 3 1 0 
44 32 3 0 0 0 1 1 0 0 0 0 0 0 0 0 1 1 0 0 0 0 0 10 2 0 3 3 1 0 
34 23 3 0 0 0 1 1 0 0 0 0 0 0 0 0 1 1 0 0 0 0 0 10 1 0 3 3 1 0 
32 25 0 0 0 0 0 2 0 0 0 0 0 0 0 1 1 1 0 0 1 0 0 14 2 0 0 3 1 0 
36 29 0 0 0 1 0 1 0 0 0 0 0 0 0 0 1 1 0 0 0 0 0 10 2 0 0 3 1 0 
