http://www.teppichreinigung-tonollo.de/index.php/en/offer/all-about-upholstery/auto-upholstery-cleaning.html
defacement
10 9
3 0
3 2
3 5
3 4
3 9
3 7
3 1
3 6
8 3
73 63 0 0 0 2 0 2 0 0 0 0 0 0 0 1 1 1 0 0 0 0 0 31 3 0 0 2 1 0 
70 61 0 0 0 2 0 2 0 0 0 0 0 0 0 1 1 1 0 0 0 0 0 31 2 0 0 2 1 0 
50 42 0 0 0 1 0 2 0 0 0 0 0 0 0 1 1 1 0 0 0 0 0 31 2 0 0 2 1 0 
39 33 0 0 0 1 0 2 0 0 0 0 0 0 0 1 1 1 0 0 0 0 0 31 0 0 11 2 1 0 
43 36 0 0 0 1 0 2 0 0 0 0 0 0 0 1 0 1 0 0 0 0 0 31 1 0 0 2 1 0 
40 33 0 0 0 1 0 2 0 0 0 0 0 0 0 1 1 1 0 0 0 0 0 31 1 0 0 2 1 0 
69 59 0 0 0 2 0 2 0 0 0 0 0 0 0 1 1 1 0 0 0 0 0 31 3 0 0 2 1 0 
79 67 0 0 0 4 0 2 0 0 0 0 0 0 0 1 1 1 0 0 0 0 0 31 3 0 0 2 1 0 
108 91 0 0 0 5 0 4 0 0 0 0 0 0 0 1 0 1 0 0 0 0 0 31 5 0 1 2 1 0 
67 57 0 0 0 2 0 2 0 0 0 0 0 0 0 1 1 1 0 0 0 0 0 31 3 0 0 2 1 0 
