https://theloghouse.co.in/.vc/
phishing
10 9
4 1
4 7
4 5
6 8
6 0
6 3
6 9
6 4
6 2
32 25 0 0 0 0 0 2 0 0 0 0 0 0 0 0 1 1 0 0 0 0 0 17 2 0 0 5 1 0 
41 33 0 0 0 1 0 2 0 0 0 0 0 0 0 0 1 1 0 0 0 0 0 17 2 0 0 5 1 0 
34 27 0 0 0 0 0 2 0 0 0 0 0 0 0 0 1 1 0 0 0 0 0 17 2 0 0 5 1 0 
37 29 0 0 0 1 0 2 0 0 0 0 0 0 0 0 1 1 0 0 0 0 0 17 2 0 0 5 1 0 
26 20 0 0 0 0 0 2 0 0 0 0 0 0 0 0 1 1 0 0 0 0 0 17 1 0 18 5 1 0 
18 3 11 0 0 0 0 0 0 0 0 0 0 0 0 0 0 0 0 0 0 0 0 12 0 0 0 0 1 0 
30 22 0 0 0 0 0 3 0 0 0 0 0 0 0 0 1 1 0 0 0 0 0 17 2 0 9 5 1 0 
31 26 0 1 0 0 0 1 0 0 0 0 0 0 0 0 0 0 0 0 0 0 0 22 0 0 0 2 1 0 
36 29 0 0 0 0 0 2 0 0 0 0 0 0 0 0 1 1 0 0 0 0 0 17 2 0 0 5 1 0 
34 27 0 0 0 0 0 2 0 0 0 0 0 0 0 0 1 1 0 0 0 0 0 17 2 0 0 5 1 0 
