http://165.227.115.226/Pandoras_Box/pandora.sh4
malware
10 9
5 4
5 6
5 8
5 2
5 0
5 1
5 3
5 7
5 9
44 35 0 0 0 0 0 2 0 0 0 0 0 0 0 1 1 1 0 0 0 0 0 13 4 0 0 2 1 0 
34 26 0 0 0 0 0 2 0 0 0 0 0 0 0 0 1 1 0 0 0 0 0 15 2 0 0 3 1 0 
27 21 0 0 0 0 0 2 0 0 0 0 0 0 0 0 1 1 0 0 0 0 0 16 1 0 0 3 1 0 
31 25 0 0 0 0 0 2 0 0 0 0 0 0 0 1 1 1 0 0 0 0 0 14 1 0 0 3 1 0 
38 28 0 0 0 0 0 2 0 0 0 0 0 0 0 1 1 1 0 0 0 0 0 14 4 0 0 3 1 0 
47 24 13 0 0 0 0 4 0 0 0 0 0 0 0 0 0 1 1 0 0 0 0 15 2 0 10 0 1 0 
40 34 0 0 0 0 0 2 0 0 0 0 0 0 0 0 1 1 0 0 1 0 0 19 1 0 0 3 1 0 
21 16 0 0 0 0 0 1 0 0 0 0 0 0 0 0 1 1 0 0 0 0 0 12 1 0 0 6 1 0 
27 21 0 0 0 0 0 2 0 0 0 0 0 0 0 1 1 1 0 0 0 0 0 13 1 0 0 2 1 0 
23 4 12 0 0 0 0 3 0 0 0 0 0 0 0 0 0 1 1 0 0 0 0 15 1 0 0 0 1 0 
