https://wv.dalecarnegie.com/
benign
10 9
4 2
4 1
4 7
4 5
4 8
4 9
4 0
4 6
4 3
55 45 0 0 0 2 0 2 0 0 0 0 0 0 0 0 1 1 0 0 0 0 0 19 3 0 0 3 1 0 
43 35 0 0 0 1 0 2 0 0 0 0 0 0 0 0 1 1 0 0 0 0 0 19 2 0 0 3 1 0 
39 32 0 0 0 0 0 2 0 0 0 0 0 0 0 0 1 1 0 0 0 0 0 19 2 0 0 3 1 0 
30 24 0 0 0 0 0 2 0 0 0 0 0 0 0 0 1 1 0 0 0 0 0 19 1 0 0 3 1 0 
28 22 0 0 0 0 0 2 0 0 0 0 0 0 0 0 1 1 0 0 0 0 0 19 1 0 12 3 1 0 
50 42 0 0 0 1 0 2 0 0 0 0 0 0 0 0 1 1 0 0 0 0 0 19 2 0 0 3 1 0 
57 47 0 0 0 2 0 2 0 0 0 0 0 0 0 0 1 1 0 0 0 0 0 19 3 0 0 3 1 0 
48 40 0 0 0 0 0 2 0 0 0 0 0 0 0 1 1 1 0 0 0 0 0 26 2 0 0 3 1 0 
44 36 0 0 0 1 0 2 0 0 0 0 0 0 0 0 1 1 0 0 0 0 0 19 2 0 0 3 1 0 
45 37 0 0 0 1 0 2 0 0 0 0 0 0 0 0 1 1 0 0 0 0 0 19 2 0 0 3 1 0 
