http://www.bukitesveiki.lt/laiduarchyvas/262-vaiku-manksta
defacement
8 7
1 7
1 4
1 0
1 5
5 2
5 3
5 6
27 21 0 0 0 0 0 2 0 0 0 0 0 0 0 1 0 1 0 0 0 0 0 19 1 0 5 2 1 0 
58 46 3 0 0 2 0 2 0 0 0 0 0 0 0 1 0 1 0 0 0 0 0 19 2 0 5 2 1 0 
74 63 0 0 0 3 0 2 0 0 0 0 0 0 0 1 0 1 0 0 0 0 0 19 3 0 5 2 1 0 
73 63 0 0 0 2 0 2 0 0 0 0 0 0 0 1 0 1 0 0 0 0 0 19 3 0 5 2 1 0 
29 24 0 1 0 0 0 1 0 0 0 0 0 0 0 0 0 0 0 0 0 0 0 20 0 0 0 2 1 0 
33 27 0 0 0 0 0 2 0 0 0 0 0 0 0 1 0 1 0 0 0 0 0 19 1 0 8 2 1 0 
82 68 1 0 0 5 0 2 0 0 0 0 0 0 0 1 0 1 0 0 0 0 0 19 3 0 5 2 1 0 
55 33 15 0 0 1 0 2 0 0 0 0 0 0 0 1 1 1 0 0 0 0 0 16 1 0 0 3 1 0 
