http://www.philharmonia-chor-stuttgart.de/konzerte/rueckblick/50-samstag-5-november-2011-1930-uhr
defacement
10 9
3 4
4 6
4 8
4 1
4 5
4 7
4 9
4 0
4 2
64 53 0 0 0 2 0 3 0 0 0 0 0 0 0 1 0 1 0 0 0 0 0 34 3 0 0 2 1 0 
56 46 0 0 0 2 0 3 0 0 0 0 0 0 0 1 0 1 0 0 0 0 0 34 2 0 0 2 1 0 
65 54 0 0 0 2 0 3 0 0 0 0 0 0 0 1 0 1 0 0 0 0 0 34 3 0 0 2 1 0 
97 70 11 0 0 8 0 2 0 0 0 0 0 0 0 1 0 1 0 0 0 0 0 34 3 0 1 2 1 0 
51 42 0 0 0 2 0 3 0 0 0 0 0 0 0 1 0 1 0 0 0 0 0 34 1 0 10 2 1 0 
67 56 0 0 0 2 0 3 0 0 0 0 0 0 0 1 0 1 0 0 0 0 0 34 3 0 0 2 1 0 
61 50 0 0 0 2 0 3 0 0 0 0 0 0 0 1 0 1 0 0 0 0 0 34 3 0 0 2 1 0 
65 54 0 0 0 2 0 3 0 0 0 0 0 0 0 1 0 1 0 0 0 0 0 34 3 0 0 2 1 0 
66 55 0 0 0 2 0 3 0 0 0 0 0 0 0 1 0 1 0 0 0 0 0 34 3 0 0 2 1 0 
66 55 0 0 0 2 0 3 0 0 0 0 0 0 0 1 0 1 0 0 0 0 0 34 3 0 0 2 1 0 
