https://starling.us/tet/gus_perl/
phishing
10 9
9 1
9 6
9 0
9 7
9 8
9 2
9 4
9 5
9 3
15 11 0 0 0 0 0 1 0 0 0 0 0 0 0 0 0 1 0 0 0 0 0 8 0 0 0 3 1 0 
23 17 0 0 0 0 0 1 0 0 0 0 0 0 0 0 0 1 0 0 0 0 0 11 2 0 0 2 1 0 
18 13 0 0 0 0 0 2 0 0 0 0 0 0 0 1 0 1 0 0 0 0 0 11 0 0 0 3 1 0 
33 26 0 0 0 0 0 2 0 0 0 0 0 0 0 0 0 1 0 0 1 0 0 11 2 0 0 2 1 0 
54 41 0 0 0 0 0 1 0 0 0 0 0 0 0 0 1 1 0 0 0 0 0 11 4 0 0 2 1 0 
53 41 0 0 0 0 0 1 0 0 0 0 0 0 0 0 1 1 0 0 0 0 0 11 4 0 0 2 1 0 
47 36 0 0 0 1 0 1 0 0 0 0 0 0 0 0 1 1 0 0 0 0 0 11 3 0 0 2 1 0 
72 57 0 0 0 1 0 2 0 0 0 0 0 0 0 0 1 1 0 0 0 0 0 11 4 0 0 2 1 0 
23 17 0 0 0 0 0 1 0 0 0 0 0 0 0 0 0 1 0 0 0 0 0 11 2 0 0 2 1 0 
33 25 0 0 0 0 0 1 0 0 0 0 0 0 0 0 1 1 0 0 0 0 0 11 3 0 10 2 1 0 
