http://anandtech.com/show/8872/new-at-ces-2015-coolchip-technologies-and-cooler-master-join-forces-
benign
10 9
9 1
9 8
9 7
9 4
9 5
9 3
9 6
9 2
9 0
32 26 0 0 0 0 0 2 0 0 0 0 0 0 0 1 0 1 0 0 0 0 0 15 1 0 0 3 1 0 
25 19 0 0 0 0 0 1 0 0 0 0 0 0 0 0 0 1 0 0 0 0 0 13 2 0 0 3 1 0 
21 16 0 0 0 0 0 1 0 0 0 0 0 0 0 0 0 1 0 0 0 0 0 13 1 0 0 3 1 0 
34 27 0 0 0 0 0 2 0 0 0 0 0 0 0 1 0 1 0 0 0 0 0 16 2 0 0 3 1 0 
37 31 0 0 0 0 0 1 0 0 0 0 0 0 0 0 0 1 0 0 0 0 0 13 2 0 0 3 1 0 
36 30 0 0 0 0 0 1 0 0 0 0 0 0 0 0 0 1 0 0 0 0 0 13 2 0 0 3 1 0 
35 29 0 0 0 0 0 1 0 0 0 0 0 0 0 0 0 1 0 0 0 0 0 13 2 0 0 3 1 0 
32 25 0 0 0 0 0 1 0 0 0 0 0 0 0 0 0 1 0 0 0 0 0 13 3 0 0 3 1 0 
34 28 0 0 0 0 0 1 0 0 0 0 0 0 0 0 0 1 0 0 0 0 0 13 2 0 0 3 1 0 
99 73 8 0 0 11 0 1 0 0 0 0 0 0 0 0 0 1 0 0 0 0 0 13 3 0 9 3 1 0 
