https://news.bbc.co.uk/1/hi/technology/3210623.stm
phishing
10 9
4 1
4 3
4 9
4 8
4 7
4 6
4 2
4 0
4 5
39 28 1 0 0 0 0 4 0 0 0 0 0 0 0 0 1 1 0 0 0 0 0 14 3 0 0 5 1 0 
22 15 0 0 0 0 0 3 0 0 0 0 0 0 0 0 0 1 0 0 0 0 0 14 1 0 0 5 1 0 
35 26 0 0 0 0 0 4 0 0 0 0 0 0 0 0 0 1 0 0 0 0 0 14 1 0 0 5 1 0 
81 53 14 0 0 0 0 3 0 0 0 0 0 0 0 1 0 1 0 0 0 0 0 13 6 0 0 5 1 0 
50 31 8 0 0 0 0 4 0 0 0 0 0 0 0 0 1 1 0 0 0 0 0 14 4 0 12 5 1 0 
101 78 1 0 0 1 0 4 0 0 0 0 0 0 0 0 0 1 0 0 1 0 0 14 12 0 0 5 1 0 
35 27 0 0 0 0 0 3 0 0 0 0 0 0 0 1 0 1 0 0 0 0 0 13 2 0 0 5 1 0 
56 46 0 0 0 0 0 4 0 0 0 0 0 0 0 1 0 1 0 0 0 0 0 13 3 0 0 5 1 0 
38 25 0 0 0 2 0 3 0 0 0 0 0 0 0 1 0 1 0 0 0 0 0 13 5 0 0 5 1 0 
41 28 0 0 0 1 0 3 0 0 0 0 0 0 0 1 0 1 0 0 0 0 0 13 6 0 0 5 1 0 
