http://91.209.70.22/Corona.arm4
malware
10 9
3 2
3 4
3 1
3 7
3 8
4 6
4 0
4 5
4 9
55 31 12 0 0 3 0 3 0 0 0 0 0 0 0 0 0 1 1 0 0 0 0 12 3 0 0 0 1 0 
30 13 9 0 0 1 0 3 0 0 0 0 0 0 0 0 0 1 1 0 0 0 0 12 1 0 0 0 1 0 
30 13 9 0 0 1 0 3 0 0 0 0 0 0 0 0 0 1 1 0 0 0 0 12 1 0 0 0 1 0 
31 13 10 0 0 0 0 4 0 0 0 0 0 0 0 0 0 1 1 0 0 0 0 12 1 0 11 0 1 0 
19 4 9 0 0 0 0 3 0 0 0 0 0 0 0 0 0 1 0 0 0 0 0 12 0 0 9 0 1 0 
23 18 0 0 0 0 0 2 0 0 0 0 0 0 0 1 1 1 0 0 0 0 0 15 0 0 0 3 1 0 
42 23 9 0 0 2 0 3 0 0 0 0 0 0 0 0 0 1 1 0 0 0 0 12 2 0 0 0 1 0 
34 17 9 0 0 1 0 3 0 0 0 0 0 0 0 0 0 1 1 0 0 0 0 12 1 0 0 0 1 0 
24 8 9 0 0 0 0 3 0 0 0 0 0 0 0 0 0 1 1 0 0 0 0 12 1 0 0 0 1 0 
25 20 0 0 0 0 0 2 0 0 0 0 0 0 0 1 1 1 0 0 0 0 0 17 0 0 0 3 1 0 
