http://www.finixclub.ru/forpschoolers/znaika3
defacement
10 9
6 3
6 0
6 2
6 1
6 5
6 8
6 4
6 7
6 9
36 30 0 0 0 0 0 2 0 0 0 0 0 0 0 1 0 1 0 0 0 0 0 16 1 0 0 2 1 0 
31 25 0 0 0 0 0 2 0 0 0 0 0 0 0 1 0 1 0 0 0 0 0 16 1 0 0 2 1 0 
32 26 0 0 0 0 0 2 0 0 0 0 0 0 0 1 0 1 0 0 0 0 0 16 1 0 0 2 1 0 
33 27 0 0 0 0 0 2 0 0 0 0 0 0 0 1 0 1 0 0 0 0 0 16 1 0 0 2 1 0 
29 23 0 0 0 0 0 2 0 0 0 0 0 0 0 1 0 1 0 0 0 0 0 16 1 0 0 2 1 0 
32 26 0 0 0 0 0 2 0 0 0 0 0 0 0 1 0 1 0 0 1 0 0 16 1 0 0 2 1 0 
45 37 1 0 0 0 0 2 0 0 0 0 0 0 0 1 0 1 0 0 0 0 0 16 2 0 9 2 1 0 
36 26 3 0 0 0 0 2 0 0 0 0 0 0 0 1 0 1 0 0 0 0 0 16 2 0 0 2 1 0 
24 18 0 0 0 0 0 2 0 0 0 0 0 0 0 1 0 1 0 0 0 0 0 16 1 0 0 2 1 0 
37 31 0 0 0 0 0 2 0 0 0 0 0 0 0 1 0 1 0 0 0 0 0 16 1 0 0 2 1 0 
