http://mmc-leipzig.com/kontakt/mmc-center-management.html
defacement
10 9
5 3
5 8
5 7
5 4
5 9
5 2
5 1
5 0
5 6
27 20 0 0 0 1 0 2 0 0 0 0 0 0 0 1 1 1 0 0 0 0 0 18 1 0 0 2 1 0 
39 31 0 0 0 1 0 2 0 0 0 0 0 0 0 1 1 1 0 0 0 0 0 18 2 0 0 2 1 0 
49 39 0 0 0 2 0 2 0 0 0 0 0 0 0 1 1 1 0 0 0 0 0 18 3 0 0 2 1 0 
27 20 0 0 0 1 0 2 0 0 0 0 0 0 0 1 0 1 0 0 0 0 0 19 1 0 0 2 1 0 
37 29 0 0 0 1 0 2 0 0 0 0 0 0 0 1 1 1 0 0 0 0 0 18 2 0 0 2 1 0 
57 47 0 0 0 3 0 2 0 0 0 0 0 0 0 0 0 1 0 0 0 0 0 15 2 0 9 3 1 0 
52 40 1 0 0 4 0 2 0 0 0 0 0 0 0 1 1 1 0 0 0 0 0 18 2 0 0 2 1 0 
40 32 0 0 0 2 0 2 0 0 0 0 0 0 0 1 0 1 0 0 0 0 0 32 1 0 0 2 1 0 
38 29 0 0 0 2 0 2 0 0 0 0 0 0 0 1 1 1 0 0 0 0 0 18 2 0 0 2 1 0 
34 27 0 0 0 1 0 2 0 0 0 0 0 0 0 1 0 1 0 0 0 0 0 26 1 0 0 2 1 0 
