http://clinicavisualiza.com/en.html
defacement
10 9
6 8
6 5
6 0
6 3
6 9
6 7
6 1
6 4
6 2
48 37 3 0 0 2 0 2 0 0 0 0 0 0 0 0 0 1 0 0 0 0 0 20 1 0 0 3 1 0 
58 50 0 0 0 2 0 2 0 0 0 0 0 0 0 0 0 1 0 0 0 0 0 20 1 0 0 3 1 0 
42 36 0 0 0 0 0 2 0 0 0 0 0 0 0 0 0 1 0 0 0 0 0 20 1 0 0 3 1 0 
40 34 0 0 0 0 0 2 0 0 0 0 0 0 0 0 0 1 0 0 0 0 0 20 1 0 0 3 1 0 
42 36 0 0 0 0 0 2 0 0 0 0 0 0 0 0 0 1 0 0 0 0 0 20 1 0 0 3 1 0 
38 32 0 0 0 0 0 2 0 0 0 0 0 0 0 0 0 1 0 0 0 0 0 20 1 0 0 3 1 0 
35 29 0 0 0 0 0 2 0 0 0 0 0 0 0 0 0 1 0 0 0 0 0 20 1 0 10 3 1 0 
46 39 0 0 0 1 0 2 0 0 0 0 0 0 0 0 0 1 0 0 0 0 0 20 1 0 0 3 1 0 
44 38 0 0 0 0 0 2 0 0 0 0 0 0 0 0 0 1 0 0 0 0 0 20 1 0 0 3 1 0 
43 37 0 0 0 0 0 2 0 0 0 0 0 0 0 0 0 1 0 0 0 0 0 20 1 0 0 3 1 0 
