http://www.viaggiareinirlanda.net/itinerari/tour-della-costa-orientale-2-giorni.html
defacement
10 9
2 1
2 9
2 5
2 0
2 8
2 7
2 3
2 6
2 4
35 29 0 0 0 0 0 2 0 0 0 0 0 0 0 1 1 1 0 0 0 0 0 26 1 0 0 3 1 0 
60 51 0 0 0 2 0 2 0 0 0 0 0 0 0 1 1 1 0 0 0 0 0 26 2 0 0 3 1 0 
84 70 1 0 0 5 0 3 0 0 0 0 0 0 0 1 0 1 0 0 0 0 0 26 2 0 13 3 1 0 
56 47 0 0 0 2 0 2 0 0 0 0 0 0 0 1 1 1 0 0 0 0 0 26 2 0 0 3 1 0 
52 43 0 0 0 2 0 2 0 0 0 0 0 0 0 1 1 1 0 0 0 0 0 26 2 0 0 3 1 0 
59 49 0 0 0 3 0 2 0 0 0 0 0 0 0 1 1 1 0 0 0 0 0 26 2 0 0 3 1 0 
56 46 0 0 0 3 0 2 0 0 0 0 0 0 0 1 1 1 0 0 0 0 0 26 2 0 0 3 1 0 
76 63 0 0 0 6 0 2 0 0 0 0 0 0 0 1 1 1 0 0 0 0 0 26 2 0 0 3 1 0 
50 41 0 0 0 2 0 2 0 0 0 0 0 0 0 1 1 1 0 0 0 0 0 26 2 0 0 3 1 0 
39 32 0 0 0 0 0 2 0 0 0 0 0 0 0 1 1 1 0 0 0 0 0 26 2 0 0 3 1 0 
