http://www.mirakelkursen.org/artiklar-om-ekim/153-vaegen-till-himmelriket
defacement
10 9
1 3
1 2
1 0
5 7
5 9
5 1
5 6
5 4
5 8
206 135 36 0 0 1 0 2 0 18 0 0 0 0 8 1 1 1 0 0 0 0 0 21 3 0 0 3 1 0 
77 66 0 0 0 4 0 2 0 0 0 0 0 0 0 1 1 1 0 0 0 0 0 21 2 0 8 3 1 0 
220 147 36 0 0 3 0 2 0 18 0 0 0 0 8 1 1 1 0 0 0 0 0 21 3 0 0 3 1 0 
206 135 36 0 0 1 0 2 0 18 0 0 0 0 8 1 1 1 0 0 0 0 0 21 3 0 0 3 1 0 
46 38 0 0 0 0 0 2 0 0 0 0 0 0 0 1 1 1 0 0 0 0 0 21 3 0 9 3 1 0 
73 58 3 0 0 5 0 2 0 0 0 0 0 0 0 1 0 1 0 0 0 0 0 21 2 0 9 3 1 0 
47 38 0 0 0 1 0 2 0 0 0 0 0 0 0 1 1 1 0 0 0 0 0 21 3 0 9 3 1 0 
30 24 0 0 0 0 0 2 0 0 0 0 0 0 0 1 1 1 0 0 0 0 0 21 1 0 9 3 1 0 
22 17 0 0 0 0 0 1 0 0 0 0 0 0 0 0 1 1 0 0 0 0 0 13 1 0 3 3 1 0 
41 33 0 0 0 1 0 1 0 0 0 0 0 0 0 0 1 1 0 0 0 0 0 16 3 0 0 3 1 0 
