http://www.estetango.com/eventi-ferrara/details/39-festa-del-circolo-aquaragia.html
defacement
10 9
1 8
1 3
1 5
1 9
1 7
1 6
1 4
1 0
1 2
95 77 2 0 0 6 0 3 0 0 0 0 0 0 0 0 1 1 0 0 0 0 0 18 4 0 0 3 1 0 
83 67 2 0 0 5 0 3 0 0 0 0 0 0 0 1 0 1 0 0 0 0 0 17 3 0 11 3 1 0 
25 19 0 0 0 0 0 2 0 0 0 0 0 0 0 1 0 1 0 0 0 0 0 17 1 0 0 3 1 0 
30 23 0 0 0 0 0 2 0 0 0 0 0 0 0 1 0 1 0 0 0 0 0 17 2 0 0 3 1 0 
25 19 0 0 0 0 0 2 0 0 0 0 0 0 0 1 1 1 0 0 0 0 0 16 1 0 0 3 1 0 
95 77 2 0 0 6 0 3 0 0 0 0 0 0 0 0 1 1 0 0 0 0 0 18 4 0 0 3 1 0 
30 23 0 0 0 0 0 3 0 0 0 0 0 0 0 1 0 1 0 0 0 0 0 17 1 0 0 3 1 0 
41 34 0 0 0 0 0 2 0 0 0 0 0 0 0 1 1 1 0 0 0 0 0 16 2 0 0 3 1 0 
95 77 2 0 0 6 0 3 0 0 0 0 0 0 0 0 1 1 0 0 0 0 0 18 4 0 0 3 1 0 
29 22 0 0 0 0 0 2 0 0 0 0 0 0 0 1 0 1 0 0 0 0 0 17 2 0 0 3 1 0 
