http://sueweston.com/whats-on-tai-chi-courses/coping-with-corporate-life?tmpl=component&print=1&page=
defacement
10 9
8 2
8 6
8 3
8 1
8 0
8 9
8 4
8 7
8 5
46 38 0 0 0 1 0 2 0 0 0 0 0 0 0 1 1 1 0 0 0 0 0 17 2 0 0 3 1 0 
56 46 0 0 0 3 0 2 0 0 0 0 0 0 0 1 1 1 0 0 0 0 0 17 2 0 0 3 1 0 
40 32 0 0 0 1 0 2 0 0 0 0 0 0 0 1 1 1 0 0 0 0 0 17 2 0 0 3 1 0 
46 38 0 0 0 1 0 2 0 0 0 0 0 0 0 1 1 1 0 0 0 0 0 17 2 0 0 3 1 0 
35 28 0 0 0 0 0 2 0 0 0 0 0 0 0 1 1 1 0 0 0 0 0 17 2 0 0 3 1 0 
26 20 0 0 0 0 0 2 0 0 0 0 0 0 0 1 1 1 0 0 0 0 0 17 1 0 0 3 1 0 
59 49 0 0 0 3 0 2 0 0 0 0 0 0 0 1 1 1 0 0 0 0 0 17 2 0 0 3 1 0 
32 25 0 0 0 0 0 2 0 0 0 0 0 0 0 1 1 1 0 0 0 0 0 17 2 0 0 3 1 0 
101 81 1 0 1 7 3 1 0 0 0 0 0 0 0 0 0 1 0 0 0 0 0 13 2 0 10 3 1 0 
72 59 0 0 0 7 0 1 0 0 0 0 0 0 0 0 0 1 0 0 0 0 0 13 2 0 0 3 1 0 
