https://3powers.com/images/purhcoverview.html
benign
10 9
0 5
0 8
0 1
0 6
0 9
0 7
0 2
0 3
2 4
45 37 1 0 0 0 0 2 0 0 0 0 0 0 0 0 1 1 0 0 0 0 0 11 2 0 27 3 1 0 
33 25 1 0 0 0 0 2 0 0 0 0 0 0 0 1 1 1 0 0 1 0 0 15 2 0 0 3 1 0 
24 17 1 0 0 0 0 2 0 0 0 0 0 0 0 1 1 1 0 0 0 0 0 15 1 0 33 3 1 0 
34 26 1 0 0 0 0 3 0 0 0 0 0 0 0 0 0 1 0 0 0 0 1 26 1 0 0 15 1 0 
40 32 1 0 0 0 0 2 0 0 0 0 0 0 0 1 1 1 0 0 0 0 0 16 2 0 0 3 1 0 
33 24 1 0 0 1 0 2 0 0 0 0 0 0 0 1 1 1 0 0 0 0 0 15 2 0 0 3 1 0 
34 26 1 0 0 0 0 2 0 0 0 0 0 0 0 1 1 1 0 0 0 0 0 15 2 0 0 3 1 0 
51 37 2 0 0 0 0 3 0 0 0 0 0 0 0 1 2 2 0 0 0 0 0 11 3 0 27 3 1 0 
30 24 1 0 0 0 0 1 0 0 0 0 0 0 0 0 1 1 0 0 0 0 0 11 1 0 0 3 1 0 
32 24 1 0 0 0 0 2 0 0 0 0 0 0 0 1 1 1 0 0 0 0 0 15 2 0 0 3 1 0 
