https://www.ast-services.co.uk/fireevac.html
phishing
10 9
6 7
6 9
6 8
6 3
6 2
6 1
6 0
6 5
6 4
31 23 0 0 0 1 0 3 0 0 0 0 0 0 0 1 1 1 0 0 1 0 0 22 1 0 0 5 1 0 
37 28 0 0 0 1 0 3 0 0 0 0 0 0 0 1 1 1 0 0 1 0 0 22 2 0 0 5 1 0 
63 51 0 0 0 3 0 3 0 0 0 0 0 0 0 1 1 1 0 0 1 0 0 22 3 0 0 5 1 0 
39 30 0 0 0 1 0 3 0 0 0 0 0 0 0 1 1 1 0 0 1 0 0 22 2 0 0 5 1 0 
61 50 0 0 0 2 0 3 0 0 0 0 0 0 0 1 1 1 0 0 1 0 0 22 3 0 0 5 1 0 
66 54 0 0 0 3 0 3 0 0 0 0 0 0 0 1 1 1 0 0 1 0 0 22 3 0 0 5 1 0 
44 35 0 0 0 1 0 4 0 0 0 0 0 0 0 1 1 1 0 0 1 0 0 22 1 0 11 5 1 0 
38 29 0 0 0 1 0 3 0 0 0 0 0 0 0 1 1 1 0 0 1 0 0 22 2 0 0 5 1 0 
85 71 0 0 0 4 0 3 0 0 0 0 0 0 0 1 1 1 0 0 1 0 0 22 4 0 0 5 1 0 
83 69 0 0 0 4 0 3 0 0 0 0 0 0 0 1 1 1 0 0 1 0 0 22 4 0 0 5 1 0 
