http://puracolombia.com/de/touren-durch-kolumbien
defacement
10 9
6 2
6 3
6 5
6 7
6 9
6 1
6 8
6 4
6 0
34 27 0 0 0 1 0 1 0 0 0 0 0 0 0 0 1 1 0 0 0 0 0 16 2 0 0 3 1 0 
87 74 0 0 0 5 0 1 0 0 0 0 0 0 0 0 1 1 0 0 0 0 0 16 4 0 0 3 1 0 
75 64 0 0 0 3 0 1 0 0 0 0 0 0 0 0 1 1 0 0 0 0 0 16 4 0 0 3 1 0 
25 20 0 0 0 0 0 1 0 0 0 0 0 0 0 0 1 1 0 0 0 0 0 16 1 0 0 3 1 0 
110 93 0 0 0 9 0 1 0 0 0 0 0 0 0 0 1 1 0 0 0 0 0 16 4 0 0 3 1 0 
81 69 0 0 0 4 0 1 0 0 0 0 0 0 0 0 1 1 0 0 0 0 0 16 4 0 0 3 1 0 
49 41 0 0 0 2 0 1 0 0 0 0 0 0 0 0 0 1 0 0 0 0 0 16 2 0 11 3 1 0 
34 27 0 0 0 1 0 1 0 0 0 0 0 0 0 0 1 1 0 0 0 0 0 16 2 0 0 3 1 0 
66 56 0 0 0 3 0 1 0 0 0 0 0 0 0 0 1 1 0 0 0 0 0 16 3 0 0 3 1 0 
30 24 0 0 0 0 0 1 0 0 0 0 0 0 0 0 1 1 0 0 0 0 0 16 2 0 0 3 1 0 
