http://hotlinegsm.com/news/2-samsung-galaxy-s3-photo-leaks-yes-again
malware
10 9
5 3
5 0
5 9
5 2
5 4
5 8
5 6
5 1
7 5
25 19 0 0 0 0 0 1 0 0 0 0 0 0 0 0 0 1 0 0 0 0 0 14 2 0 0 3 1 0 
25 19 0 0 0 0 0 1 0 0 0 0 0 0 0 0 0 1 0 0 0 0 0 14 2 0 0 3 1 0 
25 19 0 0 0 0 0 1 0 0 0 0 0 0 0 0 0 1 0 0 0 0 0 14 2 0 0 3 1 0 
25 19 0 0 0 0 0 1 0 0 0 0 0 0 0 0 0 1 0 0 0 0 0 14 2 0 0 3 1 0 
25 19 0 0 0 0 0 1 0 0 0 0 0 0 0 0 0 1 0 0 0 0 0 14 2 0 0 3 1 0 
34 27 0 0 0 1 0 2 0 0 0 0 0 0 0 1 1 1 0 0 0 0 1 25 1 0 9 3 1 0 
25 19 0 0 0 0 0 1 0 0 0 0 0 0 0 0 0 1 0 0 0 0 0 14 2 0 0 3 1 0 
68 53 2 0 0 7 0 1 0 0 0 0 0 0 0 0 0 1 0 0 0 0 0 14 2 0 1 3 1 0 
25 19 0 0 0 0 0 1 0 0 0 0 0 0 0 0 0 1 0 0 0 0 0 14 2 0 0 3 1 0 
27 21 0 0 0 0 0 1 0 0 0 0 0 0 0 0 0 1 0 0 0 0 0 14 2 0 0 3 1 0 
