https://ist.uwaterloo.ca/~schepers/transmag.html
phishing
10 9
5 0
5 2
5 3
5 1
5 6
5 4
5 7
5 9
5 8
52 40 2 0 0 0 0 3 0 0 0 0 0 0 0 0 1 1 0 0 0 0 0 16 3 0 0 2 1 0 
48 39 0 0 0 0 0 3 0 0 0 0 0 0 0 0 1 1 0 0 0 0 0 16 2 0 0 2 1 0 
52 40 2 0 0 0 0 3 0 0 0 0 0 0 0 0 1 1 0 0 0 0 0 16 3 0 0 2 1 0 
52 40 2 0 0 0 0 3 0 0 0 0 0 0 0 0 1 1 0 0 0 0 0 16 3 0 0 2 1 0 
52 40 2 0 0 0 0 3 0 0 0 0 0 0 0 0 1 1 0 0 0 0 0 16 3 0 0 2 1 0 
48 39 0 0 0 0 0 3 0 0 0 0 0 0 0 0 1 1 0 0 0 0 0 16 2 0 9 2 1 0 
52 40 2 0 0 0 0 3 0 0 0 0 0 0 0 0 1 1 0 0 0 0 0 16 3 0 0 2 1 0 
52 40 2 0 0 0 0 3 0 0 0 0 0 0 0 0 1 1 0 0 0 0 0 16 3 0 0 2 1 0 
47 37 0 0 0 0 0 2 0 0 0 0 0 0 0 0 0 1 0 0 0 0 0 15 4 0 0 3 1 0 
52 40 2 0 0 0 0 3 0 0 0 0 0 0 0 0 1 1 0 0 0 0 0 16 3 0 0 2 1 0 
