http://bellefonte.net/Facture_Fnac.fr_B952UN004848.zip
malware
10 9
9 3
9 2
9 0
9 1
9 6
9 4
9 5
9 8
9 7
22 18 0 0 0 0 0 1 0 0 0 0 0 0 0 0 1 1 0 0 0 0 0 14 0 0 0 3 1 0 
23 18 0 0 0 0 0 1 0 0 0 0 0 0 0 0 1 1 0 0 0 0 0 14 1 0 0 3 1 0 
18 3 10 0 0 2 0 0 0 0 0 0 0 0 0 0 0 0 0 0 0 0 0 12 0 0 0 0 1 0 
66 53 2 0 0 3 0 1 0 0 0 0 0 0 0 0 1 1 0 0 0 0 0 14 4 0 0 3 1 0 
52 44 0 0 0 1 0 1 0 0 0 0 0 0 0 0 1 1 0 0 0 0 0 14 3 0 0 3 1 0 
61 50 0 0 0 3 0 1 0 0 0 0 0 0 0 0 1 1 0 0 0 0 0 14 4 0 0 3 1 0 
33 27 0 0 0 0 0 1 0 0 0 0 0 0 0 0 1 1 0 0 0 0 0 14 2 0 0 3 1 0 
47 39 0 0 0 1 0 1 0 0 0 0 0 0 0 0 1 1 0 0 0 0 0 14 3 0 0 3 1 0 
65 55 0 0 0 3 0 1 0 0 0 0 0 0 0 0 1 1 0 0 0 0 0 14 3 0 0 3 1 0 
54 36 9 0 0 0 0 3 0 0 0 0 0 0 0 0 0 1 0 0 0 0 0 14 1 0 11 3 1 0 
