https://www.math.utah.edu/~macarthu/Ndahooah/Ndahooah_index.html
phishing
10 9
2 9
2 1
2 3
4 0
4 7
4 5
4 6
4 8
4 2
57 46 0 0 0 0 0 4 0 0 0 0 0 0 0 1 1 1 0 0 0 0 0 17 3 0 0 3 1 0 
71 58 0 0 0 0 0 4 0 0 0 0 0 0 0 1 1 1 0 0 0 0 0 17 4 0 0 3 1 0 
58 47 0 0 0 0 0 4 0 0 0 0 0 0 0 1 1 1 0 0 0 0 0 17 3 0 9 3 1 0 
47 36 2 1 0 0 0 5 0 0 0 0 0 0 0 0 0 0 0 0 0 0 0 38 0 0 0 9 1 0 
64 52 0 0 0 0 0 4 0 0 0 0 0 0 0 1 1 1 0 0 0 0 0 17 3 0 6 3 1 0 
57 46 0 0 0 0 0 4 0 0 0 0 0 0 0 1 1 1 0 0 0 0 0 17 3 0 0 3 1 0 
34 23 2 0 0 0 0 5 0 0 0 0 0 0 0 1 0 1 0 0 0 0 0 26 1 0 0 9 1 0 
63 52 0 0 0 0 0 4 0 0 0 0 0 0 0 1 1 1 0 0 0 0 0 17 3 0 0 3 1 0 
55 44 0 0 0 0 0 4 0 0 0 0 0 0 0 1 1 1 0 0 0 0 0 17 3 0 0 3 1 0 
65 53 0 0 0 0 0 4 0 0 0 0 0 0 0 1 1 1 0 0 0 0 0 17 4 0 0 3 1 0 
