https://www.siam.org/meetings/da98/da98home.htm
phishing
10 9
0 8
0 5
0 9
0 7
0 3
0 4
0 1
0 6
0 2
47 34 4 0 0 0 0 3 0 0 0 0 0 0 0 1 1 1 0 0 0 0 0 12 3 0 12 3 1 0 
46 34 3 0 0 0 0 3 0 0 0 0 0 0 0 1 1 1 0 0 0 0 0 12 3 0 0 3 1 0 
47 36 2 0 0 0 0 3 0 0 0 0 0 0 0 1 1 1 0 0 0 0 0 12 3 0 0 3 1 0 
46 35 2 0 0 0 0 3 0 0 0 0 0 0 0 1 1 1 0 0 0 0 0 12 3 0 0 3 1 0 
46 35 2 0 0 0 0 3 0 0 0 0 0 0 0 1 1 1 0 0 0 0 0 12 3 0 0 3 1 0 
46 35 2 0 0 0 0 3 0 0 0 0 0 0 0 1 1 1 0 0 0 0 0 12 3 0 0 3 1 0 
47 36 2 0 0 0 0 3 0 0 0 0 0 0 0 1 1 1 0 0 0 0 0 12 3 0 0 3 1 0 
46 35 2 0 0 0 0 3 0 0 0 0 0 0 0 1 1 1 0 0 1 0 0 12 3 0 0 3 1 0 
29 22 0 0 0 0 0 2 0 0 0 0 0 0 0 0 0 1 0 0 0 0 0 14 2 0 0 3 1 0 
37 29 0 0 0 0 0 3 0 0 0 0 0 0 0 1 1 1 0 0 0 0 0 12 2 0 0 3 1 0 
