https://www.4keyboard.com/commodore64nontransparentkeyboardstickers-p-141.html
phishing
10 9
9 7
9 1
9 5
9 0
9 4
9 3
9 8
9 6
9 2
65 53 2 0 0 4 0 2 0 0 0 0 0 0 0 1 1 1 0 0 0 0 0 17 1 0 0 3 1 0 
65 52 3 0 0 4 0 2 0 0 0 0 0 0 0 1 1 1 0 0 0 0 0 17 1 0 0 3 1 0 
53 41 3 0 0 3 0 2 0 0 0 0 0 0 0 1 1 1 0 0 0 0 0 17 1 0 0 3 1 0 
53 41 3 0 0 3 0 2 0 0 0 0 0 0 0 1 1 1 0 0 0 0 0 17 1 0 0 3 1 0 
55 43 2 0 0 4 0 2 0 0 0 0 0 0 0 1 1 1 0 0 0 0 0 17 1 0 0 3 1 0 
119 96 6 0 0 9 0 3 0 0 0 0 0 0 0 1 1 1 0 0 0 0 0 17 2 0 0 3 1 0 
36 28 1 0 0 1 0 2 0 0 0 0 0 0 0 1 1 1 0 0 1 0 0 17 1 0 0 3 1 0 
54 42 3 0 0 3 0 2 0 0 0 0 0 0 0 1 1 1 0 0 0 0 0 17 1 0 0 3 1 0 
26 19 1 0 0 0 0 2 0 0 0 0 0 0 0 1 1 1 0 0 0 0 0 17 1 0 0 3 1 0 
78 63 6 0 0 2 0 3 0 0 0 0 0 0 0 1 1 1 0 0 0 0 0 17 1 0 12 3 1 0 
