http://bimasada.com/project/excel/Project77876AE8133647POPOPurchasing-Paulratcliffe&amp;performanceelectrical-Approval-es001sharein60060Scanapplication21660060102457i2E9AE8133647j69i60j69i57j69i60l33666j0j7&amp;sourceidv
phishing
10 9
5 8
5 6
5 9
5 1
5 4
5 2
5 3
6 7
6 0
55 38 6 0 0 1 0 2 0 0 0 0 0 0 0 0 0 1 0 0 0 0 0 12 5 0 0 3 1 0 
29 23 0 0 0 0 0 1 0 0 0 0 0 0 0 0 1 1 0 0 0 0 0 13 2 0 0 3 1 0 
32 26 0 0 0 0 0 2 0 0 0 0 0 0 0 1 1 1 0 0 0 0 0 16 1 0 0 3 1 0 
33 27 0 0 0 0 0 2 0 0 0 0 0 0 0 1 1 1 0 0 0 0 0 16 1 0 0 3 1 0 
21 16 0 0 0 0 0 1 0 0 0 0 0 0 0 0 0 1 0 0 0 0 0 13 1 0 0 3 1 0 
220 144 62 0 0 3 0 1 0 0 0 0 0 0 0 0 0 1 0 0 0 0 0 12 3 0 9 3 1 0 
25 19 0 0 0 0 0 2 0 0 0 0 0 0 0 1 1 1 0 0 0 0 0 16 1 0 13 3 1 0 
61 43 6 0 0 2 0 2 0 0 0 0 0 0 0 0 0 1 0 0 0 0 0 12 5 0 0 3 1 0 
32 26 0 0 0 0 0 2 0 0 0 0 0 0 0 1 1 1 0 0 0 0 0 16 1 0 0 3 1 0 
87 66 12 0 0 1 0 1 0 0 0 0 0 0 0 0 0 1 0 0 0 0 0 12 3 0 0 3 1 0 
