http://www.architectural-ridge-tiles.co.uk/50-finials/view-all-products.html
defacement
10 9
1 7
3 8
3 2
7 0
7 3
7 5
7 4
7 9
7 6
43 34 0 0 0 2 0 3 0 0 0 0 0 0 0 1 0 1 0 0 0 0 0 35 1 0 69 5 1 0 
76 60 2 0 0 5 0 4 0 0 0 0 0 0 0 1 0 1 0 0 0 0 0 35 2 0 1 5 1 0 
104 81 5 0 0 7 0 4 0 0 0 0 0 0 0 1 0 1 0 0 0 0 0 35 4 0 0 5 1 0 
78 64 0 0 0 5 0 4 0 0 0 0 0 0 0 1 0 1 0 0 0 0 0 35 2 0 8 5 1 0 
69 57 0 0 0 2 0 4 0 0 0 0 0 0 0 1 0 1 0 0 0 0 0 35 3 0 0 5 1 0 
68 56 0 0 0 2 0 4 0 0 0 0 0 0 0 1 0 1 0 0 0 0 0 35 3 0 0 5 1 0 
63 50 1 0 0 4 0 4 0 0 0 0 0 0 0 1 0 1 0 0 0 0 0 35 1 0 0 5 1 0 
52 42 0 0 0 2 0 4 0 0 0 0 0 0 0 1 0 1 0 0 0 0 0 35 1 0 69 5 1 0 
107 84 5 0 0 7 0 4 0 0 0 0 0 0 0 1 0 1 0 0 0 0 0 35 4 0 0 5 1 0 
28 22 0 0 0 0 0 3 0 0 0 0 0 0 0 1 0 1 0 0 0 0 0 21 0 0 0 5 1 0 
