https://graphicssoft.about.com/od/photoshop/
phishing
10 9
7 2
7 4
7 3
7 1
7 6
7 0
7 8
7 5
7 9
103 78 7 0 0 12 0 2 0 0 0 0 0 0 0 1 1 1 0 0 0 0 0 16 1 0 0 3 1 0 
103 76 9 0 0 12 0 2 0 0 0 0 0 0 0 1 1 1 0 0 0 0 0 16 1 0 0 3 1 0 
37 23 7 0 0 1 0 2 0 0 0 0 0 0 0 1 1 1 0 0 0 0 0 16 1 0 0 3 1 0 
96 72 7 0 0 11 0 2 0 0 0 0 0 0 0 1 1 1 0 0 0 0 0 16 1 0 0 3 1 0 
111 81 9 0 0 15 0 2 0 0 0 0 0 0 0 1 1 1 0 0 0 0 0 16 1 0 0 3 1 0 
96 72 7 0 0 11 0 2 0 0 0 0 0 0 0 1 1 1 0 0 1 0 0 16 1 0 0 3 1 0 
31 25 0 0 0 0 0 2 0 0 0 0 0 0 0 0 1 1 0 0 0 0 1 22 1 0 0 3 1 0 
44 36 0 0 0 0 0 2 0 0 0 0 0 0 0 0 1 1 0 0 0 0 1 22 3 0 10 3 1 0 
104 76 8 0 0 14 0 2 0 0 0 0 0 0 0 1 1 1 0 0 0 0 0 16 1 0 0 3 1 0 
95 69 8 0 0 12 0 2 0 0 0 0 0 0 0 1 1 1 0 0 0 0 0 16 1 0 0 3 1 0 
