http://portal2-web-net-sempre-com-voce-itauweb2.000webhostapp.com/home.php
phishing
10 9
0 9
0 4
0 6
0 2
0 7
0 3
5 0
5 1
5 8
44 34 3 0 0 0 0 2 0 0 0 0 0 0 0 1 1 1 0 0 0 0 0 17 2 0 12 3 1 0 
47 35 3 0 0 3 0 2 0 0 0 0 0 0 0 1 1 1 0 0 1 0 1 18 1 0 0 3 1 0 
112 90 5 0 0 9 0 2 0 0 0 0 0 0 0 0 0 1 0 0 0 0 0 58 3 0 0 3 1 0 
113 91 5 0 0 9 0 2 0 0 0 0 0 0 0 0 0 1 0 0 0 0 0 58 3 0 0 3 1 0 
112 90 5 0 0 9 0 2 0 0 0 0 0 0 0 0 0 1 0 0 0 0 0 58 3 0 0 3 1 0 
74 56 5 0 0 6 0 3 0 0 0 0 0 0 0 0 0 1 0 0 0 0 0 58 1 0 4 3 1 0 
74 57 5 0 0 6 0 2 0 0 0 0 0 0 0 0 0 1 0 0 0 0 0 58 1 0 0 3 1 0 
83 65 5 0 0 7 0 2 0 0 0 0 0 0 0 0 0 1 0 0 0 0 0 58 1 0 0 3 1 0 
39 29 3 0 0 1 0 2 0 0 0 0 0 0 0 1 1 1 0 0 1 0 1 18 1 0 0 3 1 0 
76 59 5 0 0 6 0 2 0 0 0 0 0 0 0 0 0 1 0 0 0 0 0 58 1 0 0 3 1 0 
