http://www.lontechshop.co.uk/laptop-screen-problems.html
defacement
10 9
8 7
8 9
8 4
8 2
8 3
8 5
8 1
8 0
8 6
39 31 0 0 0 1 0 3 0 0 0 0 0 0 0 0 1 1 0 0 0 0 0 17 1 0 0 5 1 0 
36 29 0 0 0 0 0 3 0 0 0 0 0 0 0 0 1 1 0 0 0 0 0 17 1 0 0 5 1 0 
40 32 0 0 0 1 0 3 0 0 0 0 0 0 0 0 1 1 0 0 0 0 0 17 1 0 0 5 1 0 
46 38 0 0 0 1 0 3 0 0 0 0 0 0 0 0 1 1 0 0 0 0 0 17 1 0 0 5 1 0 
35 28 0 0 0 0 0 3 0 0 0 0 0 0 0 0 1 1 0 0 0 0 0 17 1 0 0 5 1 0 
40 33 0 0 0 0 0 3 0 0 0 0 0 0 0 0 1 1 0 0 0 0 0 17 1 0 0 5 1 0 
40 33 0 0 0 0 0 3 0 0 0 0 0 0 0 0 1 1 0 0 0 0 0 17 1 0 0 5 1 0 
48 39 0 0 0 2 0 3 0 0 0 0 0 0 0 0 1 1 0 0 0 0 0 17 1 0 0 5 1 0 
56 46 0 0 0 2 0 4 0 0 0 0 0 0 0 1 0 1 0 0 0 0 0 21 1 0 10 5 1 0 
26 20 0 0 0 0 0 2 0 0 0 0 0 0 0 0 1 1 0 0 0 0 0 17 1 0 0 5 1 0 
