https://www.sca.ch/c64/
phishing
10 9
1 8
1 4
1 9
1 6
1 0
1 2
1 7
1 3
1 5
25 18 0 0 0 0 0 2 0 0 0 0 0 0 0 1 1 1 0 0 0 0 0 10 2 0 0 2 1 0 
23 14 2 0 0 0 0 2 0 0 0 0 0 0 0 1 1 1 0 0 0 0 0 10 2 0 11 2 1 0 
28 21 0 0 0 0 0 3 0 0 0 0 0 0 0 1 1 1 0 0 0 0 0 10 1 0 0 2 1 0 
31 22 2 0 0 0 0 2 0 0 0 0 0 0 0 1 1 1 0 0 0 0 0 10 2 0 0 2 1 0 
40 29 2 0 0 0 0 3 0 0 0 0 0 0 0 1 1 1 0 0 0 0 0 10 3 0 0 2 1 0 
46 34 2 0 0 1 0 3 0 0 0 0 0 0 0 1 1 1 0 0 0 0 0 10 3 0 0 2 1 0 
19 13 0 0 0 0 0 2 0 0 0 0 0 0 0 1 1 1 0 0 0 0 0 10 1 0 0 2 1 0 
33 26 0 0 0 0 0 3 0 0 0 0 0 0 0 1 1 1 0 0 0 0 0 10 1 0 0 2 1 0 
31 24 0 0 0 0 0 3 0 0 0 0 0 0 0 1 1 1 0 0 0 0 0 10 1 0 0 2 1 0 
28 21 0 0 0 0 0 3 0 0 0 0 0 0 0 1 1 1 0 0 0 0 0 10 1 0 0 2 1 0 
