http://www.ets-audio.de/download/view.download/4/19.html
defacement
10 9
1 4
1 3
1 0
1 9
1 7
1 6
1 2
1 5
1 8
30 22 0 0 0 1 0 3 0 0 0 0 0 0 0 0 0 1 0 0 0 0 0 22 1 0 0 6 1 0 
56 41 3 0 0 1 0 4 0 0 0 0 0 0 0 1 0 1 0 0 0 0 0 16 4 0 10 2 1 0 
33 26 0 0 0 1 0 2 0 0 0 0 0 0 0 1 0 1 0 0 0 0 0 16 1 0 0 2 1 0 
33 25 0 0 0 2 0 2 0 0 0 0 0 0 0 1 0 1 0 0 0 0 0 16 1 0 0 2 1 0 
27 20 0 0 0 1 0 2 0 0 0 0 0 0 0 0 0 1 0 0 0 0 0 19 1 0 0 6 1 0 
32 25 0 0 0 1 0 2 0 0 0 0 0 0 0 1 0 1 0 0 0 0 0 16 1 0 0 2 1 0 
28 21 0 0 0 1 0 2 0 0 0 0 0 0 0 1 0 1 0 0 0 0 0 16 1 0 0 2 1 0 
24 17 0 0 0 1 0 2 0 0 0 0 0 0 0 1 0 1 0 0 0 0 0 16 1 0 0 2 1 0 
32 25 0 0 0 1 0 2 0 0 0 0 0 0 0 1 0 1 0 0 1 0 0 16 1 0 0 2 1 0 
29 22 0 0 0 1 0 2 0 0 0 0 0 0 0 1 0 1 0 0 0 0 0 16 1 0 0 2 1 0 
