http://www.rsccaritas.ie/where-we-work/calif-venez/114-counselling-and-work-with-families
defacement
10 9
3 9
3 8
3 6
3 7
3 0
3 5
3 4
3 2
3 1
49 39 0 0 0 3 0 1 0 0 0 0 0 0 0 0 1 1 0 0 0 0 0 14 3 0 0 3 1 0 
34 26 0 0 0 2 0 1 0 0 0 0 0 0 0 0 1 1 0 0 0 0 0 14 2 0 0 3 1 0 
54 43 0 0 0 4 0 1 0 0 0 0 0 0 0 0 1 1 0 0 0 0 0 14 3 0 0 3 1 0 
89 70 3 0 0 8 0 2 0 0 0 0 0 0 0 1 0 1 0 0 0 0 0 17 3 0 13 2 1 0 
34 26 0 0 0 2 0 1 0 0 0 0 0 0 0 0 1 1 0 0 0 0 0 14 2 0 0 3 1 0 
42 33 0 0 0 2 0 1 0 0 0 0 0 0 0 0 1 1 0 0 0 0 0 14 3 0 0 3 1 0 
51 41 0 0 0 3 0 1 0 0 0 0 0 0 0 0 1 1 0 0 0 0 0 14 3 0 0 3 1 0 
50 40 0 0 0 3 0 1 0 0 0 0 0 0 0 0 1 1 0 0 0 0 0 14 3 0 0 3 1 0 
23 18 0 0 0 0 0 1 0 0 0 0 0 0 0 0 1 1 0 0 0 0 0 14 1 0 0 3 1 0 
59 49 0 0 0 3 0 1 0 0 0 0 0 0 0 0 1 1 0 0 0 0 0 14 3 0 0 3 1 0 
