http://www.plasmatreatment.co.uk/index.php/case-studies?tmpl=component&print=1&page=
defacement
10 9
2 1
2 4
2 0
2 9
2 7
2 3
2 5
2 8
2 6
55 45 0 0 0 1 0 4 0 0 0 0 0 0 0 1 0 1 0 0 0 0 1 25 2 0 0 5 1 0 
54 44 0 0 0 1 0 4 0 0 0 0 0 0 0 1 0 1 0 0 0 0 1 25 2 0 0 5 1 0 
84 67 1 0 1 1 3 4 0 0 0 0 0 0 0 1 0 1 0 0 0 0 1 25 2 0 10 5 1 0 
29 24 0 0 0 0 0 2 0 0 0 0 0 0 0 0 1 1 0 0 0 0 1 21 0 0 0 5 1 0 
62 52 0 0 0 2 0 3 0 0 0 0 0 0 0 1 0 1 0 0 0 0 1 25 2 0 0 5 1 0 
74 62 0 0 0 4 0 3 0 0 0 0 0 0 0 1 0 1 0 0 1 0 1 25 2 0 0 5 1 0 
53 44 0 0 0 1 0 3 0 0 0 0 0 0 0 1 0 1 0 0 0 0 1 25 2 0 0 5 1 0 
52 42 0 0 0 0 0 5 0 0 0 0 0 0 0 1 0 1 0 0 0 0 1 25 2 0 0 5 1 0 
33 26 0 0 0 0 0 3 0 0 0 0 0 0 0 1 0 1 0 0 0 0 1 25 1 0 0 5 1 0 
50 42 0 0 0 1 0 3 0 0 0 0 0 0 0 1 0 1 0 0 1 0 1 25 1 0 0 5 1 0 
