https://dannyreviews.com/h/Art_Programming.html
phishing
10 9
6 8
6 9
6 4
6 7
6 2
6 5
6 3
6 0
6 1
36 30 0 0 0 0 0 2 0 0 0 0 0 0 0 0 1 1 0 0 0 0 0 16 1 0 0 3 1 0 
33 26 0 0 0 0 0 2 0 0 0 0 0 0 0 0 1 1 0 0 0 0 0 16 2 0 0 3 1 0 
19 13 0 0 0 0 0 2 0 0 0 0 0 0 0 0 0 1 0 0 0 0 0 11 1 0 0 5 1 0 
38 32 0 0 0 0 0 2 0 0 0 0 0 0 0 0 1 1 0 0 0 0 0 16 1 0 0 3 1 0 
33 26 0 0 0 0 0 2 0 0 0 0 0 0 0 0 1 1 0 0 0 0 0 16 2 0 0 3 1 0 
52 41 0 0 0 2 0 3 0 0 0 0 0 0 0 1 0 1 0 0 0 0 0 27 2 0 0 3 1 0 
47 39 0 0 0 0 0 2 0 0 0 0 0 0 0 0 1 1 0 0 0 0 0 16 2 0 9 3 1 0 
34 28 0 0 0 0 0 2 0 0 0 0 0 0 0 0 1 1 0 0 0 0 0 16 1 0 0 3 1 0 
35 29 0 0 0 0 0 2 0 0 0 0 0 0 0 0 1 1 0 0 0 0 0 16 1 0 0 3 1 0 
25 20 0 0 0 0 0 1 0 0 0 0 0 0 0 0 1 1 0 0 0 0 0 16 1 0 0 3 1 0 
