https://www.foe.co.uk/cards/
phishing
10 9
9 1
9 8
9 7
9 6
9 0
9 4
9 5
9 3
9 2
30 22 0 0 0 1 0 3 0 0 0 0 0 0 0 1 1 1 0 0 0 0 0 13 1 0 0 5 1 0 
61 49 0 0 0 4 0 3 0 0 0 0 0 0 0 1 1 1 0 0 0 0 0 13 2 0 0 5 1 0 
44 33 0 0 0 3 0 3 0 0 0 0 0 0 0 1 1 1 0 0 0 0 0 13 2 0 0 5 1 0 
29 24 0 0 0 0 0 1 0 0 0 0 0 0 0 0 1 1 0 0 0 0 0 20 1 0 0 2 1 0 
38 30 0 0 0 0 0 3 0 0 0 0 0 0 0 1 1 1 0 0 0 0 0 13 2 0 0 5 1 0 
44 33 0 0 0 3 0 3 0 0 0 0 0 0 0 1 1 1 0 0 0 0 0 13 2 0 0 5 1 0 
41 32 0 0 0 1 0 3 0 0 0 0 0 0 0 1 1 1 0 0 0 0 0 13 2 0 0 5 1 0 
22 15 0 0 0 0 0 3 0 0 0 0 0 0 0 1 1 1 0 0 0 0 0 13 1 0 0 5 1 0 
34 25 0 0 0 2 0 3 0 0 0 0 0 0 0 1 1 1 0 0 0 0 0 13 1 0 0 5 1 0 
28 20 0 0 0 0 0 3 0 0 0 0 0 0 0 1 1 1 0 0 0 0 0 13 2 0 11 5 1 0 
