https://turnbull.mcs.st-and.ac.uk/CIRCA/
phishing
10 9
0 8
0 3
0 2
0 4
0 5
0 6
0 7
0 1
0 9
40 30 0 0 0 1 0 4 0 0 0 0 0 0 0 0 1 1 0 0 0 0 0 25 2 0 9 5 1 0 
35 25 0 0 0 2 0 4 0 0 0 0 0 0 0 1 1 1 0 0 0 0 0 26 1 0 0 5 1 0 
53 41 0 0 0 2 0 4 0 0 0 0 0 0 0 1 1 1 0 0 0 0 0 26 3 0 0 5 1 0 
55 43 0 0 0 2 0 4 0 0 0 0 0 0 0 1 1 1 0 0 0 0 0 26 3 0 0 5 1 0 
40 29 0 0 0 2 0 4 0 0 0 0 0 0 0 1 1 1 0 0 0 0 0 26 2 0 0 5 1 0 
51 39 0 0 0 2 0 4 0 0 0 0 0 0 0 1 1 1 0 0 0 0 0 26 3 0 0 5 1 0 
52 40 0 0 0 2 0 4 0 0 0 0 0 0 0 1 1 1 0 0 0 0 0 26 3 0 0 5 1 0 
56 44 0 0 0 2 0 4 0 0 0 0 0 0 0 1 1 1 0 0 0 0 0 26 3 0 0 5 1 0 
53 41 0 0 0 2 0 4 0 0 0 0 0 0 0 1 1 1 0 0 0 0 0 26 3 0 0 5 1 0 
51 39 0 0 0 2 0 4 0 0 0 0 0 0 0 1 1 1 0 0 0 0 0 26 3 0 0 5 1 0 
