https://www.chaossoftware.com/chaos32-plugins-tc2palm.html
phishing
10 9
2 4
2 3
2 0
2 5
2 1
2 9
2 7
2 6
2 8
37 29 1 0 0 0 0 2 0 0 0 0 0 0 0 1 1 1 0 0 0 0 0 21 2 0 0 3 1 0 
60 49 0 0 0 0 0 3 0 0 0 0 0 0 0 1 0 1 0 0 0 0 0 15 4 0 0 3 1 0 
58 46 3 0 0 2 0 3 0 0 0 0 0 0 0 1 1 1 0 0 0 0 0 21 1 0 11 3 1 0 
43 36 0 0 0 0 0 3 0 0 0 0 0 0 0 1 1 1 0 0 0 0 0 21 1 0 0 3 1 0 
42 35 0 0 0 0 0 3 0 0 0 0 0 0 0 1 1 1 0 0 0 0 0 21 1 0 0 3 1 0 
40 33 0 0 0 0 0 3 0 0 0 0 0 0 0 1 1 1 0 0 0 0 0 21 1 0 0 3 1 0 
43 36 0 0 0 0 0 3 0 0 0 0 0 0 0 1 1 1 0 0 0 0 0 21 1 0 0 3 1 0 
40 33 0 0 0 0 0 3 0 0 0 0 0 0 0 1 1 1 0 0 0 0 0 21 1 0 0 3 1 0 
38 31 0 0 0 0 0 2 0 0 0 0 0 0 0 1 1 1 0 0 0 0 0 21 2 0 0 3 1 0 
76 64 1 0 0 0 0 3 0 0 0 0 0 0 0 1 1 1 0 0 0 0 0 21 5 0 0 3 1 0 
