http://www.mikulaskocogas.hu/Pages/Hun/Default.aspx
phishing
10 9
1 4
1 3
1 8
1 9
1 6
1 7
1 0
1 5
1 2
56 47 0 0 0 0 0 3 0 0 0 0 0 0 0 1 0 1 0 0 0 0 0 21 3 0 0 2 1 0 
51 42 0 0 0 0 0 3 0 0 0 0 0 0 0 1 0 1 0 0 0 0 0 21 3 0 10 2 1 0 
51 38 4 0 0 0 0 3 0 0 0 0 0 0 0 1 0 1 0 0 0 0 0 21 3 0 0 2 1 0 
51 42 0 0 0 0 0 3 0 0 0 0 0 0 0 1 0 1 0 0 0 0 0 21 3 0 0 2 1 0 
51 38 4 0 0 0 0 3 0 0 0 0 0 0 0 1 0 1 0 0 0 0 0 21 3 0 0 2 1 0 
49 40 0 0 0 0 0 3 0 0 0 0 0 0 0 1 0 1 0 0 0 0 0 21 3 0 0 2 1 0 
51 42 0 0 0 0 0 3 0 0 0 0 0 0 0 1 0 1 0 0 0 0 0 21 3 0 0 2 1 0 
49 40 0 0 0 0 0 3 0 0 0 0 0 0 0 1 0 1 0 0 0 0 0 21 3 0 0 2 1 0 
51 42 0 0 0 0 0 3 0 0 0 0 0 0 0 1 0 1 0 0 0 0 0 21 3 0 0 2 1 0 
48 39 0 0 0 0 0 3 0 0 0 0 0 0 0 1 0 1 0 0 0 0 0 21 3 0 0 2 1 0 
