https://www.csse.monash.edu.au/~mbanda/hal/
phishing
10 9
6 3
6 4
6 7
6 1
6 2
6 5
6 9
6 0
6 8
39 30 0 0 0 0 0 4 0 0 0 0 0 0 0 1 0 1 0 0 0 0 0 22 1 0 0 6 1 0 
28 19 0 0 0 0 0 4 0 0 0 0 0 0 0 1 0 1 0 0 0 0 0 15 1 0 0 5 1 0 
31 21 0 0 0 0 0 4 0 0 0 0 0 0 0 1 0 1 0 0 0 0 0 19 2 0 0 5 1 0 
27 18 0 0 0 0 0 4 0 0 0 0 0 0 0 1 0 1 0 0 0 0 0 15 1 0 0 5 1 0 
32 24 0 0 0 1 0 2 0 0 0 0 0 0 0 1 0 1 0 0 0 0 0 19 1 0 0 2 1 0 
53 41 0 0 0 0 0 5 0 0 0 0 0 0 0 1 1 1 0 0 0 0 0 22 3 0 0 6 1 0 
43 32 0 0 0 0 0 4 0 0 0 0 0 0 0 1 1 1 0 0 0 0 0 22 3 0 23 6 1 0 
34 24 0 0 0 0 0 4 0 0 0 0 0 0 0 1 0 1 0 0 0 0 0 21 2 0 0 5 1 0 
27 18 0 0 0 0 0 4 0 0 0 0 0 0 0 1 0 1 0 0 0 0 0 15 1 0 0 5 1 0 
36 26 0 0 0 0 0 4 0 0 0 0 0 0 0 1 0 1 0 0 0 0 0 20 2 0 0 6 1 0 
