https://polish-books.pl/modules/payu/upgrade/console/onedrive/login.php?cmd=login_submit&amp;id=51011d2361cd12914d4eba8315c6003351011d2361cd12914d4eba8315c60033&amp;session=51011d2361cd12914d4eba8315c6003351011d2361cd12914d4eba8315c60033
phishing
10 9
1 2
1 7
1 4
1 0
1 5
1 9
1 8
3 1
3 6
53 43 0 0 0 3 0 1 0 0 0 0 0 0 0 0 1 1 0 0 0 0 0 15 3 0 0 2 1 0 
44 35 1 0 0 2 0 2 0 0 0 0 0 0 0 1 1 1 0 0 0 0 0 18 1 0 8 3 1 0 
39 31 0 0 0 2 0 1 0 0 0 0 0 0 0 0 1 1 0 0 0 0 0 15 2 0 0 2 1 0 
237 120 96 0 1 1 3 2 0 0 0 0 0 0 0 0 1 1 0 0 1 0 0 15 6 0 5 2 1 0 
34 27 0 0 0 1 0 1 0 0 0 0 0 0 0 0 1 1 0 0 0 0 0 15 2 0 0 2 1 0 
34 27 0 0 0 1 0 1 0 0 0 0 0 0 0 0 1 1 0 0 0 0 0 15 2 0 0 2 1 0 
68 44 12 0 0 3 0 2 0 0 0 0 0 0 0 0 1 1 0 0 0 0 0 22 4 0 0 3 1 0 
51 42 0 0 0 2 0 1 0 0 0 0 0 0 0 0 1 1 0 0 1 0 0 15 3 0 0 2 1 0 
53 44 0 0 0 2 0 1 0 0 0 0 0 0 0 0 1 1 0 0 0 0 0 15 3 0 0 2 1 0 
55 46 0 0 0 2 0 1 0 0 0 0 0 0 0 0 1 1 0 0 1 0 0 15 3 0 0 2 1 0 
