https://tiny.cc/fahrzeug56
benign
10 9
1 4
1 0
1 8
1 3
1 6
1 5
1 7
1 2
1 9
19 14 0 0 0 0 0 1 0 0 0 0 0 0 0 0 1 1 0 0 0 0 0 10 1 0 0 3 1 0 
26 19 2 0 0 0 0 1 0 0 0 0 0 0 0 0 1 1 0 0 0 0 1 7 1 0 10 2 1 0 
21 16 0 0 0 0 0 1 0 0 0 0 0 0 0 0 1 1 0 0 0 0 1 7 1 0 0 2 1 0 
21 16 0 0 0 0 0 1 0 0 0 0 0 0 0 0 1 1 0 0 0 0 1 7 1 0 0 2 1 0 
16 11 0 0 0 0 0 1 0 0 0 0 0 0 0 0 1 1 0 0 0 0 1 7 1 0 0 2 1 0 
20 15 0 0 0 0 0 1 0 0 0 0 0 0 0 0 1 1 0 0 0 0 1 7 1 0 0 2 1 0 
31 24 0 0 0 2 0 1 0 0 0 0 0 0 0 0 1 1 0 0 0 0 1 7 1 0 0 2 1 0 
23 18 0 0 0 0 0 1 0 0 0 0 0 0 0 0 1 1 0 0 0 0 1 7 1 0 0 2 1 0 
33 23 3 0 0 0 0 2 0 0 0 0 0 0 0 0 1 1 0 0 0 0 1 12 2 0 0 2 1 0 
24 18 0 0 0 1 0 1 0 0 0 0 0 0 0 0 1 1 0 0 0 0 1 7 1 0 0 2 1 0 
