https://www.sysecol.ethz.ch/RAMSES/MacMETH.html
phishing
10 9
3 1
6 8
6 9
6 2
6 3
6 5
6 0
6 7
6 4
48 38 0 0 0 0 0 4 0 0 0 0 0 0 0 1 1 1 0 0 0 0 0 19 3 0 0 2 1 0 
31 23 0 0 0 0 0 3 0 0 0 0 0 0 0 1 1 1 0 0 0 0 0 19 2 0 0 2 1 0 
65 53 0 0 0 0 0 4 0 0 0 0 0 0 0 1 1 1 0 0 0 0 0 19 5 0 0 2 1 0 
19 13 0 0 0 0 0 2 0 0 0 0 0 0 0 1 0 1 0 0 0 0 0 11 1 0 2 2 1 0 
67 55 0 0 0 0 0 4 0 0 0 0 0 0 0 1 1 1 0 0 0 0 0 19 5 0 0 2 1 0 
62 50 0 0 0 0 0 4 0 0 0 0 0 0 0 1 1 1 0 0 0 0 0 19 5 0 0 2 1 0 
47 38 0 0 0 0 0 4 0 0 0 0 0 0 0 1 1 1 0 0 0 0 0 19 2 0 11 2 1 0 
76 63 0 0 0 1 0 4 0 0 0 0 0 0 0 1 1 1 0 0 0 0 0 19 5 0 0 2 1 0 
61 49 0 0 0 0 0 4 0 0 0 0 0 0 0 1 1 1 0 0 0 0 0 19 5 0 0 2 1 0 
83 71 0 0 0 0 0 4 0 0 0 0 0 0 0 1 1 1 0 0 0 0 0 19 5 0 0 2 1 0 
