https://www.righto.com/pilot/tv.html
phishing
10 9
7 8
7 6
7 0
7 1
7 2
7 3
7 9
7 5
7 4
49 40 0 0 0 0 0 3 0 0 0 0 0 0 0 1 0 1 0 0 0 0 0 15 3 0 0 3 1 0 
22 16 0 0 0 0 0 2 0 0 0 0 0 0 0 1 0 1 0 0 0 0 0 14 1 0 0 3 1 0 
38 30 0 0 0 0 0 3 0 0 0 0 0 0 0 1 1 1 0 0 0 0 0 14 2 0 0 3 1 0 
33 27 0 0 0 0 0 2 0 0 0 0 0 0 0 0 0 1 0 0 0 0 0 25 1 0 0 3 1 0 
44 36 0 0 0 0 0 3 0 0 0 0 0 0 0 0 0 1 0 0 0 0 0 15 2 0 0 3 1 0 
35 27 0 0 0 0 0 3 0 0 0 0 0 0 0 1 1 1 0 0 0 0 0 14 2 0 0 3 1 0 
39 31 0 0 0 0 0 3 0 0 0 0 0 0 0 1 1 1 0 0 0 0 0 14 2 0 0 3 1 0 
36 28 0 0 0 0 0 3 0 0 0 0 0 0 0 1 1 1 0 0 0 0 0 14 2 0 9 3 1 0 
38 30 0 0 0 0 0 3 0 0 0 0 0 0 0 1 1 1 0 0 0 0 0 14 2 0 0 3 1 0 
36 27 0 0 0 0 0 3 0 0 0 0 0 0 0 1 0 1 0 0 0 0 0 14 2 0 0 3 1 0 
