https://face2interface.com/Products/Formal.shtml
phishing
10 9
5 7
5 1
5 0
5 9
7 4
7 6
8 5
8 3
8 2
23 17 0 0 0 0 0 2 0 0 0 0 0 0 0 1 0 1 0 0 0 0 0 15 1 0 0 3 1 0 
31 24 1 0 0 0 0 2 0 0 0 0 0 0 0 1 1 1 0 0 0 0 0 22 1 0 77 3 1 0 
28 21 0 0 0 0 0 1 0 0 0 0 0 0 0 0 0 0 0 0 0 0 0 15 0 0 0 0 0 0 
31 24 0 0 0 0 0 1 0 0 0 0 0 0 0 0 0 0 0 0 0 0 0 18 0 0 0 0 0 0 
27 21 0 0 0 0 0 1 0 0 0 0 0 0 0 0 1 1 0 0 0 0 0 13 2 0 0 3 1 0 
27 21 1 0 0 0 0 1 0 0 0 0 0 0 0 0 1 1 0 0 0 0 0 18 1 0 77 3 1 0 
31 25 0 0 0 0 0 1 0 0 0 0 0 0 0 0 1 1 0 0 0 0 0 13 2 0 0 3 1 0 
22 17 0 0 0 0 0 1 0 0 0 0 0 0 0 0 1 1 0 0 0 0 0 13 1 0 3 3 1 0 
48 40 1 0 0 0 0 2 0 0 0 0 0 0 0 0 1 1 0 0 0 0 0 18 2 0 3 3 1 0 
43 34 1 0 0 1 0 3 0 0 0 0 0 0 0 1 1 1 0 0 1 0 0 22 1 0 3 3 1 0 
