https://scholar.lib.vt.edu/theses/available/etd-05072003-143334/unrestricted/finalthesis1.pdf
phishing
10 9
7 9
7 8
7 5
7 1
7 2
7 4
7 0
7 6
7 3
17 12 0 0 0 0 0 2 0 0 0 0 0 0 0 1 0 1 0 0 0 0 0 10 0 0 0 3 1 0 
27 20 0 0 0 0 0 3 0 0 0 0 0 0 0 0 1 1 0 0 0 0 0 18 1 0 0 3 1 0 
32 25 0 0 0 0 0 3 0 0 0 0 0 0 0 0 1 1 0 0 1 0 0 18 1 0 0 3 1 0 
43 34 0 0 0 0 0 3 0 0 0 0 0 0 0 0 0 1 0 0 0 0 0 17 3 0 0 3 1 0 
22 15 0 0 0 0 0 3 0 0 0 0 0 0 0 1 0 1 0 0 0 0 0 14 1 0 0 3 1 0 
105 70 15 0 0 2 0 4 0 0 0 0 0 0 0 0 2 2 0 0 0 0 0 18 7 0 0 3 1 0 
51 32 9 0 0 0 0 3 0 0 0 0 0 0 0 0 1 1 0 0 0 0 0 18 4 0 0 3 1 0 
93 64 15 0 0 2 0 4 0 0 0 0 0 0 0 0 1 1 0 0 0 0 0 18 5 0 15 3 1 0 
58 47 0 0 0 1 0 3 0 0 0 0 0 0 0 0 1 1 0 0 0 0 0 16 4 0 0 3 1 0 
33 26 0 0 0 0 0 3 0 0 0 0 0 0 0 0 0 1 0 0 0 0 0 17 1 0 0 3 1 0 
