https://www.taoyue.com/tutorials/pascal/
phishing
10 9
4 3
4 9
4 0
4 5
4 8
4 1
4 7
4 6
4 2
52 43 0 0 0 0 0 3 0 0 0 0 0 0 0 1 1 1 0 0 0 0 0 14 3 0 0 3 1 0 
23 17 0 0 0 0 0 2 0 0 0 0 0 0 0 1 1 1 0 0 0 0 0 14 1 0 0 3 1 0 
50 40 1 0 0 0 0 3 0 0 0 0 0 0 0 1 1 1 0 0 0 0 0 14 3 0 0 3 1 0 
50 40 1 0 0 0 0 3 0 0 0 0 0 0 0 1 1 1 0 0 0 0 0 14 3 0 0 3 1 0 
40 32 0 0 0 0 0 2 0 0 0 0 0 0 0 1 1 1 0 0 0 0 0 14 3 0 11 3 1 0 
50 40 1 0 0 0 0 3 0 0 0 0 0 0 0 1 1 1 0 0 0 0 0 14 3 0 0 3 1 0 
50 39 2 0 0 0 0 3 0 0 0 0 0 0 0 1 1 1 0 0 0 0 0 14 3 0 0 3 1 0 
50 40 0 0 0 1 0 3 0 0 0 0 0 0 0 1 1 1 0 0 0 0 0 14 3 0 0 3 1 0 
50 40 1 0 0 0 0 3 0 0 0 0 0 0 0 1 1 1 0 0 0 0 0 14 3 0 0 3 1 0 
50 40 1 0 0 0 0 3 0 0 0 0 0 0 0 1 1 1 0 0 0 0 0 14 3 0 0 3 1 0 
