https://facebook.com/bari.rubenstein
benign
10 9
6 0
6 3
6 8
6 4
6 5
6 9
6 7
6 2
6 1
42 34 0 0 0 0 0 2 0 0 0 0 0 0 0 1 1 1 0 0 0 0 0 16 3 0 0 3 1 0 
33 25 0 0 0 1 0 2 0 0 0 0 0 0 0 0 1 1 0 0 1 0 0 18 2 0 0 3 1 0 
33 25 0 0 0 1 0 2 0 0 0 0 0 0 0 0 1 1 0 0 1 0 0 18 2 0 0 3 1 0 
33 25 0 0 0 1 0 2 0 0 0 0 0 0 0 0 1 1 0 0 1 0 0 18 2 0 0 3 1 0 
33 25 0 0 0 1 0 2 0 0 0 0 0 0 0 0 1 1 0 0 1 0 0 18 2 0 0 3 1 0 
33 25 0 0 0 1 0 2 0 0 0 0 0 0 0 0 1 1 0 0 1 0 0 18 2 0 0 3 1 0 
36 30 0 0 0 0 0 2 0 0 0 0 0 0 0 0 1 1 0 0 0 0 0 12 1 0 10 3 1 0 
33 25 0 0 0 1 0 2 0 0 0 0 0 0 0 0 1 1 0 0 1 0 0 18 2 0 0 3 1 0 
26 20 0 0 0 0 0 2 0 0 0 0 0 0 0 0 1 1 0 0 0 0 0 12 1 0 0 3 1 0 
31 24 0 0 0 0 0 2 0 0 0 0 0 0 0 1 1 1 0 0 1 0 0 16 2 0 0 3 1 0 
