https://notice-accounts.000webhostapp.com
phishing
10 9
0 2
0 4
0 5
0 9
0 8
0 7
1 6
1 3
1 0
44 34 3 0 0 0 0 2 0 0 0 0 0 0 0 1 1 1 0 0 0 0 0 17 2 0 12 3 1 0 
41 32 3 0 0 1 0 2 0 0 0 0 0 0 0 0 1 1 0 0 1 0 0 33 0 0 4 3 1 0 
50 40 3 0 0 1 0 2 0 0 0 0 0 0 0 0 1 1 0 0 1 0 0 33 1 0 0 3 1 0 
47 35 3 0 0 3 0 2 0 0 0 0 0 0 0 1 1 1 0 0 1 0 1 18 1 0 0 3 1 0 
88 73 3 0 0 4 0 2 0 0 0 0 0 0 0 0 1 1 0 0 1 0 0 33 3 0 0 3 1 0 
59 48 3 0 0 2 0 2 0 0 0 0 0 0 0 0 1 1 0 0 1 0 0 33 1 0 0 3 1 0 
39 29 3 0 0 1 0 2 0 0 0 0 0 0 0 1 1 1 0 0 1 0 1 18 1 0 0 3 1 0 
89 74 3 0 0 4 0 2 0 0 0 0 0 0 0 0 1 1 0 0 1 0 0 33 3 0 0 3 1 0 
88 73 3 0 0 4 0 2 0 0 0 0 0 0 0 0 1 1 0 0 1 0 0 33 3 0 0 3 1 0 
52 42 3 0 0 1 0 2 0 0 0 0 0 0 0 0 1 1 0 0 1 0 0 33 1 0 0 3 1 0 
