https://newexperience.com.br
malware
10 9
3 2
3 1
3 0
3 7
3 9
3 8
3 5
3 6
3 4
46 38 0 0 0 0 0 4 0 0 0 0 0 0 0 1 1 1 0 0 0 0 0 17 1 0 0 3 1 0 
38 31 0 0 0 0 0 2 0 0 0 0 0 0 0 0 1 1 0 0 0 0 0 20 2 0 0 6 1 0 
34 28 0 0 0 0 0 1 0 0 0 0 0 0 0 0 1 1 0 0 0 0 0 11 1 0 0 3 1 0 
28 23 0 0 0 0 0 2 0 0 0 0 0 0 0 0 1 1 0 0 0 0 0 20 0 0 10 6 1 0 
29 23 0 0 0 0 0 2 0 0 0 0 0 0 0 0 1 1 0 0 0 0 0 16 1 0 0 3 1 0 
29 23 0 0 0 0 0 2 0 0 0 0 0 0 0 0 1 1 0 0 0 0 0 20 1 0 0 6 1 0 
45 37 0 0 0 1 0 2 0 0 0 0 0 0 0 0 1 1 0 0 0 0 0 20 2 0 0 6 1 0 
50 41 0 0 0 2 0 2 0 0 0 0 0 0 0 0 1 1 0 0 0 0 0 20 2 0 0 6 1 0 
45 37 0 0 0 0 0 4 0 0 0 0 0 0 0 1 1 1 0 0 0 0 0 16 1 0 0 3 1 0 
37 30 0 0 0 0 0 2 0 0 0 0 0 0 0 0 1 1 0 0 0 0 0 20 2 0 0 6 1 0 
