http://ddl7.data.hu/get/320756/12414239/company_profile_as_requested_and_Purchase_Order_.zip
malware
10 9
7 3
7 9
7 0
7 1
7 6
7 2
7 5
7 8
7 4
20 13 1 0 0 0 0 2 0 0 0 0 0 0 0 0 0 1 0 0 0 0 0 12 1 0 0 2 1 0 
28 21 1 0 0 0 0 2 0 0 0 0 0 0 0 0 0 1 0 0 0 0 0 12 1 0 0 2 1 0 
27 20 1 0 0 0 0 2 0 0 0 0 0 0 0 0 0 1 0 0 0 0 0 12 1 0 0 2 1 0 
27 20 1 0 0 0 0 2 0 0 0 0 0 0 0 0 0 1 0 0 0 0 0 12 1 0 0 2 1 0 
25 20 0 0 0 0 0 2 0 0 0 0 0 0 0 1 1 1 0 0 0 0 0 17 0 0 0 3 1 0 
28 23 0 0 0 0 0 1 0 0 0 0 0 0 0 0 1 1 0 0 0 0 0 7 1 0 0 2 1 0 
33 25 1 0 0 1 0 2 0 0 0 0 0 0 0 0 0 1 0 0 0 0 0 12 1 0 0 2 1 0 
92 60 15 0 0 0 0 3 0 0 0 0 0 0 0 0 0 1 0 0 0 0 0 12 4 0 14 2 1 0 
34 26 1 0 0 1 0 2 0 0 0 0 0 0 0 0 0 1 0 0 0 0 0 12 1 0 0 2 1 0 
29 24 0 0 0 0 0 1 0 0 0 0 0 0 0 0 1 1 0 0 0 0 0 7 1 0 0 2 1 0 
