http://ck101.com/forum.php?mod=forumdisplay&fid=3422&filter=typeid&typeid=2732&ref=nav
benign
10 9
9 1
9 5
9 2
9 7
9 6
9 3
9 8
9 0
9 4
34 18 8 0 0 2 0 2 0 0 0 0 0 0 0 0 1 1 0 0 0 0 0 8 1 0 0 2 1 0 
17 9 3 0 0 0 0 1 0 0 0 0 0 0 0 0 1 1 0 0 0 0 0 8 1 0 0 2 1 0 
34 18 8 0 0 2 0 2 0 0 0 0 0 0 0 0 1 1 0 0 0 0 0 8 1 0 0 2 1 0 
34 18 8 0 0 2 0 2 0 0 0 0 0 0 0 0 1 1 0 0 0 0 0 8 1 0 0 2 1 0 
34 18 8 0 0 2 0 2 0 0 0 0 0 0 0 0 1 1 0 0 0 0 0 8 1 0 0 2 1 0 
17 9 3 0 0 0 0 1 0 0 0 0 0 0 0 0 0 1 0 0 0 0 0 9 1 0 0 3 1 0 
34 18 8 0 0 2 0 2 0 0 0 0 0 0 0 0 1 1 0 0 0 0 0 8 1 0 0 2 1 0 
14 10 0 0 0 0 0 0 0 0 0 0 0 0 0 0 0 0 0 0 0 0 0 1 0 0 0 0 1 0 
34 18 8 0 0 2 0 2 0 0 0 0 0 0 0 0 1 1 0 0 0 0 0 8 1 0 0 2 1 0 
86 59 11 0 1 0 5 2 0 0 0 0 0 0 0 0 0 1 0 0 0 0 0 9 1 0 11 3 1 0 
