https://www.arturschneider.de/ldap.html
phishing
10 9
0 6
0 2
0 8
0 5
0 7
1 3
1 9
1 0
1 4
20 15 0 0 0 0 0 2 0 0 0 0 0 0 0 1 0 1 0 0 0 0 0 13 0 0 5 3 1 0 
39 32 0 0 0 0 0 3 0 0 0 0 0 0 0 1 1 1 0 0 0 0 0 21 1 0 4 2 1 0 
40 33 0 0 0 0 0 3 0 0 0 0 0 0 0 1 1 1 0 0 0 0 0 21 1 0 0 2 1 0 
69 54 7 0 0 0 0 3 0 0 0 0 0 0 0 1 1 1 0 0 0 0 0 21 2 0 0 2 1 0 
42 34 0 0 0 0 0 4 0 0 0 0 0 0 0 1 1 1 0 0 0 0 0 21 1 0 3 2 1 0 
66 53 1 0 0 1 0 2 0 0 0 0 0 0 0 0 1 1 0 0 0 0 0 10 6 0 0 3 1 0 
19 15 0 0 0 0 0 1 0 0 0 0 0 0 0 0 0 1 0 0 0 0 0 12 0 0 0 2 1 0 
21 15 0 0 0 0 0 2 0 0 0 0 0 0 0 0 0 1 0 0 0 0 0 13 1 0 0 3 1 0 
37 29 1 0 0 1 0 1 0 0 0 0 0 0 0 0 1 1 0 0 0 0 0 10 2 0 0 3 1 0 
28 23 0 0 0 0 0 2 0 0 0 0 0 0 0 1 0 1 0 0 0 0 0 21 0 0 0 2 1 0 
