https://www.siam.org/meetings/alenex04/
phishing
10 9
6 4
6 9
6 8
6 7
6 3
8 1
8 2
8 5
8 0
47 36 2 0 0 0 0 3 0 0 0 0 0 0 0 1 0 1 0 0 0 0 0 12 3 0 0 3 1 0 
19 14 0 0 0 0 0 2 0 0 0 0 0 0 0 1 0 1 0 0 0 0 0 12 0 0 0 3 1 0 
43 32 2 0 0 0 0 3 0 0 0 0 0 0 0 1 0 1 0 0 0 0 0 12 3 0 0 3 1 0 
35 25 2 0 0 0 0 2 0 0 0 0 0 0 0 1 1 1 0 0 0 0 0 12 3 0 0 3 1 0 
47 37 0 0 0 2 0 2 0 0 0 0 0 0 0 1 1 1 0 0 0 0 0 12 3 0 0 3 1 0 
51 40 2 0 0 0 0 3 0 0 0 0 0 0 0 1 1 1 0 0 0 0 0 12 3 0 0 3 1 0 
39 29 2 0 0 0 0 2 0 0 0 0 0 0 0 1 1 1 0 0 0 0 0 12 3 0 16 3 1 0 
47 33 5 0 0 0 0 3 0 1 0 0 0 0 0 0 0 1 0 0 0 0 0 14 2 0 0 3 1 0 
39 29 2 0 0 0 0 2 0 0 0 0 0 0 0 1 1 1 0 0 0 0 0 12 3 0 7 3 1 0 
52 43 0 0 0 0 0 3 0 0 0 0 0 0 0 1 1 1 0 0 0 0 0 12 3 0 0 3 1 0 
