https://tide-forecast.com/locations/AbseconChannel-StateRoute87bridge-NewJersey/tides/latest
benign
10 9
6 9
6 8
6 2
6 0
6 3
6 7
6 1
6 5
6 4
98 80 2 0 0 8 0 1 0 0 0 0 0 0 0 0 1 1 0 0 0 0 1 17 4 0 0 3 1 0 
51 43 0 0 0 1 0 1 0 0 0 0 0 0 0 0 1 1 0 0 0 0 1 17 2 0 0 3 1 0 
101 83 2 0 0 8 0 1 0 0 0 0 0 0 0 0 1 1 0 0 0 0 1 17 4 0 0 3 1 0 
45 37 0 0 0 1 0 1 0 0 0 0 0 0 0 0 1 1 0 0 0 0 1 17 2 0 0 3 1 0 
97 79 2 0 0 8 0 1 0 0 0 0 0 0 0 0 1 1 0 0 0 0 1 17 4 0 0 3 1 0 
37 30 0 0 0 1 0 1 0 0 0 0 0 0 0 0 1 1 0 0 0 0 1 17 2 0 0 3 1 0 
92 79 2 0 0 3 0 1 0 0 0 0 0 0 0 0 1 1 0 0 0 0 1 17 4 0 9 3 1 0 
109 89 2 0 0 8 0 1 0 0 0 0 0 0 0 0 1 1 0 0 0 0 1 17 5 0 0 3 1 0 
84 68 2 0 0 8 0 1 0 0 0 0 0 0 0 0 1 1 0 0 0 0 1 17 2 0 0 3 1 0 
35 29 0 0 0 1 0 1 0 0 0 0 0 0 0 0 1 1 0 0 0 0 1 17 1 0 0 3 1 0 
