https://www.canadiancontent.ca/issues/0699frontpage.html
phishing
10 9
1 2
3 0
3 8
3 5
3 9
3 1
3 7
3 4
3 6
40 33 0 0 0 0 0 3 0 0 0 0 0 0 0 1 1 1 0 0 0 0 0 22 1 0 0 2 1 0 
22 16 0 0 0 0 0 2 0 0 0 0 0 0 0 1 0 1 0 0 0 0 0 14 1 0 1 3 1 0 
50 41 0 0 0 0 0 3 0 0 0 0 0 0 0 1 1 1 0 0 0 0 0 22 3 0 0 2 1 0 
56 44 4 0 0 0 0 3 0 0 0 0 0 0 0 1 1 1 0 0 0 0 0 22 2 0 9 2 1 0 
21 12 1 0 0 2 0 1 0 0 0 0 0 0 0 0 0 1 0 0 0 0 0 9 2 0 0 3 1 0 
25 18 0 1 0 2 0 1 0 0 0 0 0 0 0 0 0 0 0 0 0 0 0 16 0 0 0 3 1 0 
46 39 0 0 0 0 0 3 0 0 0 0 0 0 0 1 1 1 0 0 0 0 0 22 1 0 0 2 1 0 
52 40 4 0 0 0 0 3 0 0 0 0 0 0 0 1 1 1 0 0 0 0 0 22 2 0 0 2 1 0 
41 34 0 0 0 0 0 3 0 0 0 0 0 0 0 1 1 1 0 0 0 0 0 22 1 0 0 2 1 0 
51 39 4 0 0 0 0 3 0 0 0 0 0 0 0 1 1 1 0 0 0 0 0 22 2 0 0 2 1 0 
