https://cukierni.webd.pl/login_verify2.htm
benign
10 9
4 6
4 3
4 7
4 5
4 1
4 2
4 9
4 8
4 0
27 21 0 0 0 0 0 2 0 0 0 0 0 0 0 0 1 1 0 0 0 0 0 18 1 0 0 2 1 0 
38 30 0 0 0 1 0 2 0 0 0 0 0 0 0 0 1 1 0 0 0 0 0 16 2 0 0 2 1 0 
32 25 0 0 0 0 0 2 0 0 0 0 0 0 0 0 1 1 0 0 0 0 0 16 2 0 0 2 1 0 
25 19 0 0 0 0 0 2 0 0 0 0 0 0 0 0 1 1 0 0 0 0 0 16 1 0 0 2 1 0 
42 33 1 0 0 0 0 3 0 0 0 0 0 0 0 0 1 1 0 0 1 0 0 16 1 0 15 2 1 0 
23 17 0 0 0 0 0 2 0 0 0 0 0 0 0 0 1 1 0 0 0 0 0 14 1 0 0 2 1 0 
42 34 0 0 0 1 0 2 0 0 0 0 0 0 0 0 1 1 0 0 0 0 0 16 2 0 0 2 1 0 
28 21 0 0 0 0 0 2 0 0 0 0 0 0 0 0 1 1 0 0 0 0 0 16 2 0 0 2 1 0 
46 37 0 0 0 2 0 2 0 0 0 0 0 0 0 0 1 1 0 0 0 0 0 16 2 0 0 2 1 0 
33 26 0 0 0 0 0 2 0 0 0 0 0 0 0 0 1 1 0 0 0 0 0 16 2 0 0 2 1 0 
