https://redown.com/f/free+wing+chun+kung-fu+james+yimm+lee+pdf
benign
10 9
5 7
5 9
5 0
5 1
5 8
5 4
5 6
5 3
5 2
53 30 15 0 0 2 0 2 0 0 0 0 0 0 0 1 1 1 0 0 0 0 0 16 1 0 0 3 1 0 
32 26 0 0 0 0 0 2 0 0 0 0 0 0 0 1 1 1 0 0 0 0 0 23 1 0 0 3 1 0 
39 31 0 0 0 0 0 3 0 0 0 0 0 0 0 1 1 1 0 0 0 0 0 17 2 0 0 3 1 0 
30 25 0 0 0 0 0 1 0 0 0 0 0 0 0 0 1 1 0 0 0 0 0 10 1 0 0 3 1 0 
35 29 0 0 0 0 0 1 0 0 0 0 0 0 0 0 1 1 0 0 1 0 0 10 2 0 0 3 1 0 
62 48 0 0 0 1 0 1 0 0 7 0 0 0 0 0 1 1 0 0 1 0 0 10 2 0 10 3 1 0 
19 14 0 0 0 0 0 1 0 0 0 0 0 0 0 0 1 1 0 0 0 0 0 10 1 0 0 3 1 0 
32 26 0 0 0 0 0 1 0 0 0 0 0 0 0 0 1 1 0 0 0 0 0 10 2 0 0 3 1 0 
32 26 0 0 0 0 0 1 0 0 0 0 0 0 0 0 1 1 0 0 1 0 0 10 2 0 0 3 1 0 
32 25 0 0 0 1 0 1 0 0 0 0 0 0 0 0 1 1 0 0 0 0 0 10 2 0 0 3 1 0 
