https://eosgas.io
phishing
10 9
2 6
2 4
2 8
2 3
2 5
2 7
2 1
2 9
2 0
34 27 0 0 0 1 0 1 0 0 0 0 0 0 0 0 1 1 0 0 0 0 0 13 2 0 0 2 1 0 
25 20 0 0 0 0 0 1 0 0 0 0 0 0 0 0 1 1 0 0 0 0 0 16 1 0 0 3 1 0 
17 13 0 0 0 0 0 1 0 0 0 0 0 0 0 0 1 1 0 0 0 0 0 9 0 0 16 2 1 0 
26 20 0 0 0 0 0 1 0 0 0 0 0 0 0 0 1 1 0 0 0 0 0 9 2 0 0 2 1 0 
44 35 0 0 0 2 0 1 0 0 0 0 0 0 0 0 1 1 0 0 0 0 0 9 3 0 0 2 1 0 
22 16 0 0 0 0 0 1 0 0 0 0 0 0 0 0 1 1 0 0 0 0 0 4 1 0 0 2 1 0 
29 23 0 0 0 0 0 1 0 0 0 0 0 0 0 0 1 1 0 0 0 0 0 11 1 0 0 3 1 0 
29 22 0 1 0 0 0 1 0 0 0 0 0 0 0 0 1 1 0 0 0 0 0 10 1 0 0 3 1 0 
19 14 0 0 0 0 0 0 0 0 0 0 0 0 0 0 0 0 0 0 0 0 0 6 0 0 0 0 1 0 
18 13 0 0 0 0 0 1 0 0 0 0 0 0 0 0 1 1 0 0 0 0 0 9 1 0 0 2 1 0 
