http://transvale.sslblindado.com/pp.txt
malware
10 9
0 4
0 9
4 3
4 2
4 5
4 1
4 7
4 8
4 6
39 32 0 0 0 0 0 3 0 0 0 0 0 0 0 0 0 1 0 0 0 0 0 25 1 0 3 3 1 0 
46 37 0 0 0 2 0 3 0 0 0 0 0 0 0 0 1 1 0 0 0 0 0 18 1 0 0 6 1 0 
29 22 0 0 0 0 0 3 0 0 0 0 0 0 0 0 1 1 0 0 0 0 1 20 1 0 0 6 1 0 
18 13 0 0 0 0 0 2 0 0 0 0 0 0 0 0 1 1 0 0 0 0 0 10 0 0 0 6 1 0 
29 22 0 0 0 0 0 4 0 0 0 0 0 0 0 1 0 1 0 0 0 0 0 22 0 0 7 6 1 0 
23 16 0 0 0 0 0 3 0 0 0 0 0 0 0 0 1 1 0 0 0 0 0 14 1 0 0 6 1 0 
44 35 0 0 0 1 0 4 0 0 0 0 0 0 0 0 1 1 0 0 0 0 0 18 1 0 0 6 1 0 
30 23 0 0 0 0 0 3 0 0 0 0 0 0 0 0 1 1 0 0 0 0 0 21 1 0 0 6 1 0 
43 34 0 0 0 2 0 3 0 0 0 0 0 0 0 0 1 1 0 0 0 0 0 18 1 0 0 6 1 0 
28 22 0 0 0 0 0 3 0 0 0 0 0 0 0 0 0 1 0 0 0 0 0 21 0 0 0 6 1 0 
