https://billboard.com/artist/eric-gales/discography/songs/4684
benign
10 9
0 6
0 4
0 8
0 9
0 2
0 7
0 1
0 3
0 5
62 48 4 0 0 1 0 1 0 0 0 0 0 0 0 0 1 1 0 0 0 0 0 13 5 0 21 3 1 0 
34 26 0 0 0 0 0 2 0 0 0 0 0 0 0 1 1 1 0 0 0 0 0 17 3 0 0 3 1 0 
26 20 0 0 0 0 0 2 0 0 0 0 0 0 0 1 1 1 0 0 0 0 0 17 1 0 0 3 1 0 
36 28 0 0 0 0 0 2 0 0 0 0 0 0 0 1 1 1 0 0 0 0 0 17 3 0 0 3 1 0 
47 37 0 0 0 2 0 2 0 0 0 0 0 0 0 1 1 1 0 0 0 0 0 17 3 0 0 3 1 0 
44 35 0 0 0 1 0 1 0 0 0 0 0 0 0 0 1 1 0 0 0 0 0 13 4 0 0 3 1 0 
28 23 0 0 0 0 0 1 0 0 0 0 0 0 0 0 1 1 0 0 0 0 0 13 1 0 0 3 1 0 
25 20 0 0 0 0 0 1 0 0 0 0 0 0 0 0 1 1 0 0 0 0 0 13 1 0 0 3 1 0 
34 26 0 0 0 0 0 2 0 0 0 0 0 0 0 1 1 1 0 0 0 0 0 17 3 0 0 3 1 0 
32 26 0 0 0 1 0 1 0 0 0 0 0 0 0 0 1 1 0 0 1 0 0 13 1 0 0 3 1 0 
