https://novelguide.com/a/discover/ewb_21/ewb_21_07879.html
benign
10 9
3 7
3 8
3 0
3 4
3 6
3 5
3 9
3 2
3 1
36 30 0 0 0 0 0 1 0 0 0 0 0 0 0 0 1 1 0 0 0 0 0 14 2 0 0 3 1 0 
59 51 0 0 0 1 0 3 0 0 0 0 0 0 0 1 0 1 0 0 0 0 0 31 1 0 0 3 1 0 
20 14 1 0 0 0 0 0 0 0 0 0 0 0 0 0 0 0 0 0 0 0 0 7 0 0 0 0 0 0 
58 37 9 0 0 0 0 2 0 0 0 0 0 0 0 0 1 1 0 0 0 0 0 14 4 0 11 3 1 0 
51 43 0 0 0 0 0 3 0 0 0 0 0 0 0 1 0 1 0 0 0 0 0 31 2 0 0 3 1 0 
50 42 0 0 0 1 0 3 0 0 0 0 0 0 0 1 0 1 0 0 0 0 0 31 1 0 0 3 1 0 
23 18 0 0 0 0 0 1 0 0 0 0 0 0 0 0 1 1 0 0 0 0 0 14 1 0 0 3 1 0 
33 27 0 0 0 0 0 1 0 0 0 0 0 0 0 0 1 1 0 0 1 0 0 14 2 0 0 3 1 0 
35 29 0 0 0 0 0 3 0 0 0 0 0 0 0 1 0 1 0 0 0 0 0 28 0 0 0 3 1 0 
39 32 0 0 0 0 0 3 0 0 0 0 0 0 0 1 0 1 0 0 0 0 0 31 1 0 0 3 1 0 
