https://sourcewatch.org/index.php?title=Richard_Myers
benign
10 9
3 9
3 1
3 6
3 5
3 4
3 2
3 7
3 0
3 8
43 35 0 0 0 0 0 2 0 0 0 0 0 0 0 1 0 1 0 0 0 0 0 17 2 0 0 3 1 0 
83 69 0 0 0 4 0 3 0 0 0 0 0 0 0 1 1 1 0 0 0 0 0 11 4 0 0 3 1 0 
37 30 0 0 0 0 0 3 0 0 0 0 0 0 0 1 1 1 0 0 0 0 0 19 1 0 0 3 1 0 
53 44 0 0 1 0 1 2 0 0 0 0 0 0 0 0 1 1 0 0 0 0 0 15 1 0 39 3 1 0 
42 33 0 0 0 0 0 3 0 0 0 0 0 0 0 1 0 1 0 0 0 0 0 12 3 0 0 3 1 0 
54 34 8 0 0 0 0 3 0 0 0 0 0 0 0 1 0 1 0 0 0 0 1 11 6 0 0 3 1 0 
55 44 0 0 0 0 0 3 0 0 0 0 0 0 0 1 0 1 0 0 0 0 0 13 4 0 0 3 1 0 
41 34 0 0 0 0 0 2 0 0 0 0 0 0 0 1 0 1 0 0 1 0 0 20 2 0 0 3 1 0 
60 51 0 0 0 1 0 2 0 0 0 0 0 0 0 1 1 1 0 0 0 0 0 31 3 0 0 3 1 0 
33 27 0 0 0 0 0 2 0 0 0 0 0 0 0 0 1 1 0 0 0 0 0 15 1 0 0 3 1 0 
