https://mfpc.org.my//wp-content/plugins/formcraft3/STUB2_encrypted_BA9409F.bin
malware
10 9
4 9
4 5
4 2
4 0
4 7
4 3
4 8
4 6
4 1
28 21 0 0 0 0 0 3 0 0 0 0 0 0 0 0 1 1 0 0 0 0 0 19 1 0 0 6 1 0 
24 16 1 0 0 0 0 3 0 0 0 0 0 0 0 0 1 1 0 0 0 0 0 15 1 0 0 6 1 0 
83 69 0 0 0 5 0 3 0 0 0 0 0 0 0 1 1 1 0 0 0 0 0 15 3 0 0 6 1 0 
29 22 0 0 0 0 0 3 0 0 0 0 0 0 0 0 1 1 0 0 0 0 0 20 1 0 0 6 1 0 
78 58 6 0 0 1 0 3 0 0 0 0 0 0 0 0 1 1 0 0 0 1 0 11 5 0 18 6 1 0 
47 38 2 0 0 0 0 2 0 0 0 0 0 0 0 0 1 1 0 0 0 0 0 17 2 0 0 3 1 0 
26 19 0 0 0 0 0 3 0 0 0 0 0 0 0 0 1 1 0 0 0 0 0 17 1 0 0 6 1 0 
34 26 0 0 0 0 0 3 0 0 0 0 0 0 0 1 1 1 0 0 0 0 0 15 2 0 0 6 1 0 
45 36 0 0 0 0 0 4 0 0 0 0 0 0 0 0 1 1 0 0 1 0 0 21 2 0 0 6 1 0 
24 17 0 0 0 0 0 3 0 0 0 0 0 0 0 1 1 1 0 0 0 0 0 15 1 0 0 6 1 0 
